step;volume;A_0;B_0;C;L;p;Compl;Aext;Bext;A_ingresso;A_uscita;B_ingresso;B_uscita;A_netto;B_netto;Avicino;Amedio;Alontano
532;4.18816e-15;42;586;10856;10024;1;3;283;3545;523;135;515;146;388;369;70;68;5
532;4.18816e-15;42;586;10856;10024;1;1;265;3545;496;150;472;149;346;323;70;68;5
533;4.20395e-15;88;1377;10822;10088;1;38;274;3545;129;30;1732;479;99;1253;69;68;5
533;4.20395e-15;64;1293;10830;10079;1;30;262;3545;117;30;1770;513;87;1257;69;68;5
534;4.24448e-15;84;1581;10792;10148;1;79;261;3546;134;49;1751;717;85;1034;69;68;5
534;4.23877e-15;73;1529;10807;10150;1;66;256;3546;143;42;1817;744;101;1073;69;68;5
535;4.28259e-15;73;1646;10777;10228;1;110;271;3546;110;49;1802;820;61;982;69;68;5
535;4.28387e-15;75;1694;10774;10214;1;105;261;3546;126;40;1835;777;86;1058;69;68;5
536;4.33359e-15;87;1738;10785;10290;1;130;293;3546;125;34;1834;806;91;1028;69;68;5
536;4.32465e-15;60;1818;10772;10284;1;135;277;3546;130;34;1761;903;96;858;69;68;5
537;4.37325e-15;95;1784;10791;10356;1;153;289;3546;153;37;1782;870;116;912;68;68;5
537;4.3694e-15;76;1818;10776;10326;1;162;277;3546;147;50;1761;855;97;906;68;68;5
538;4.4156e-15;108;1800;10795;10417;1;173;288;3547;138;43;1830;858;95;972;68;68;5
538;4.39633e-15;91;1752;10796;10383;1;180;280;3547;128;31;1684;884;97;800;68;68;5
539;4.45486e-15;90;1777;10797;10472;1;202;268;3547;165;35;1776;909;130;867;68;67;6
539;4.43296e-15;94;1659;10820;10447;1;194;264;3547;145;53;1759;807;92;952;68;67;6
540;4.49036e-15;83;1786;10823;10534;1;219;276;3547;140;54;1743;855;86;888;68;67;6
540;4.47422e-15;97;1700;10847;10498;1;212;261;3547;151;48;1822;865;103;957;68;67;6
541;4.5305e-15;79;1786;10861;10595;1;227;284;3548;133;33;1697;870;100;827;68;66;6
541;4.50718e-15;97;1771;10874;10583;1;227;279;3548;139;44;1728;849;95;879;68;66;6
542;4.5701e-15;89;1720;10893;10656;1;242;261;3548;137;44;1793;893;93;900;68;67;6
542;4.5623e-15;74;1687;10907;10651;1;241;258;3548;107;47;1749;871;60;878;68;67;6
543;4.60982e-15;92;1803;10919;10711;1;255;273;3548;131;43;1813;833;88;980;68;66;6
543;4.60656e-15;86;1704;10972;10704;1;231;264;3548;115;36;1793;838;79;955;68;66;6
544;4.64573e-15;81;1696;10968;10764;1;255;248;3548;132;39;1747;865;93;882;67;67;6
544;4.64115e-15;94;1714;11026;10758;1;228;230;3548;133;57;1795;922;76;873;67;66;6
545;4.68042e-15;76;1745;11016;10810;1;249;245;3549;104;33;1783;868;71;915;68;66;6
545;4.67649e-15;73;1661;11089;10817;1;216;241;3549;111;39;1819;896;72;923;68;66;6
546;4.7106e-15;70;1713;11057;10867;1;254;275;3549;135;34;1705;847;101;858;68;65;6
546;4.7152e-15;81;1762;11123;10878;1;222;270;3549;132;31;1709;780;101;929;68;65;6
547;4.74809e-15;83;1721;11110;10925;1;258;279;3549;139;41;1762;835;98;927;68;66;6
547;4.75533e-15;81;1744;11159;10925;1;223;275;3549;126;38;1797;850;88;947;68;66;6
548;4.78633e-15;98;1748;11160;10981;1;257;270;3550;152;46;1800;862;106;938;67;66;6
548;4.78633e-15;80;1734;11216;10993;1;215;265;3550;135;48;1852;881;87;971;67;66;6
549;4.82336e-15;91;1743;11218;11044;1;254;272;3550;124;51;1726;835;73;891;67;66;6
549;4.8313e-15;87;1732;11246;11051;1;224;258;3550;138;50;1657;865;88;792;67;66;6
550;4.86513e-15;84;1728;11271;11099;1;251;267;3550;129;44;1732;884;85;848;67;65;6
550;4.86977e-15;87;1650;11278;11111;1;233;258;3550;137;45;1771;898;92;873;67;65;6
551;4.90169e-15;92;1699;11302;11159;1;260;273;3550;120;48;1814;858;72;956;67;66;6
551;4.90968e-15;76;1750;11316;11161;1;239;269;3550;126;44;1781;830;82;951;67;66;6
552;4.94168e-15;90;1645;11349;11220;1;263;295;3551;144;51;1773;874;93;899;67;65;6
552;4.94301e-15;76;1736;11371;11212;1;233;291;3551;130;52;1750;863;78;887;67;65;6
553;4.98245e-15;103;1761;11380;11280;1;275;275;3551;159;47;1730;808;112;922;66;65;6
553;4.97709e-15;90;1705;11401;11273;1;240;264;3551;133;47;1813;832;86;981;66;65;6
554;5.02266e-15;91;1760;11434;11341;1;276;280;3551;128;42;1753;846;86;907;66;65;6
554;5.01796e-15;91;1711;11442;11333;1;249;275;3551;148;43;1755;840;105;915;66;65;6
555;5.06365e-15;84;1777;11477;11399;1;282;271;3551;127;48;1802;876;79;926;66;65;6
555;5.05826e-15;74;1737;11495;11403;1;248;262;3551;154;40;1890;882;114;1008;66;65;6
556;5.10272e-15;78;1711;11527;11451;1;285;256;3552;118;55;1674;904;63;770;66;65;6
556;5.10542e-15;71;1689;11534;11451;1;249;247;3552;141;35;1759;888;106;871;66;65;6
557;5.13784e-15;77;1749;11577;11503;1;279;270;3552;120;37;1833;852;83;981;66;64;6
557;5.13784e-15;77;1771;11571;11505;1;248;256;3552;132;43;1767;814;89;953;66;64;6
558;5.17304e-15;97;1738;11617;11554;1;282;271;3552;138;47;1772;845;91;927;66;63;6
558;5.1744e-15;93;1766;11618;11567;1;247;258;3552;126;37;1815;879;89;936;66;63;6
559;5.20765e-15;90;1753;11672;11597;1;276;261;3553;149;47;1806;890;102;916;66;64;6
559;5.21648e-15;83;1760;11651;11622;1;253;253;3553;129;49;1743;873;80;870;66;64;6
560;5.23688e-15;84;1765;11740;11659;1;264;270;3553;130;45;1811;864;85;947;65;64;6
560;5.2539e-15;82;1710;11694;11666;1;255;261;3553;122;43;1774;904;79;870;65;63;6
561;5.27913e-15;90;1681;11796;11718;1;259;278;3553;137;43;1683;891;94;792;65;64;6
561;5.28391e-15;97;1679;11746;11712;1;249;274;3553;110;42;1799;836;68;963;65;64;6
562;5.31944e-15;80;1677;11820;11769;1;276;319;3553;137;45;1776;867;92;909;65;64;6
562;5.31533e-15;95;1678;11768;11766;1;268;303;3553;149;43;1789;877;106;912;65;63;6
563;5.35437e-15;92;1786;11837;11816;1;299;222;3554;168;38;1850;827;130;1023;64;62;6
563;5.35231e-15;98;1798;11795;11817;1;283;216;3554;159;44;1749;880;115;869;64;62;6
564;5.38662e-15;73;1797;11906;11876;1;283;1.07374e+08;-2.14748e+09;114;45;1763;855;69;908;64;62;6
564;5.38731e-15;70;1759;11849;11872;1;286;1.07374e+08;-2.14748e+09;125;51;1790;882;74;908;64;62;6
565;5.42789e-15;73;1797;11906;11876;1;283;1.032e+08;-2.06399e+09;0;0;-1;0;0;-1;64;63;6
565;5.42514e-15;70;1757;11849;11872;1;286;1.032e+08;-2.06399e+09;0;0;-1;0;0;-1;64;63;6
566;5.42789e-15;73;1797;11906;11876;1;283;3.09788e+08;-1.98428e+09;0;0;-1;0;0;-1;64;62;6
566;5.42514e-15;70;1757;11849;11872;1;286;3.09788e+08;-1.98428e+09;0;0;-1;0;0;-1;64;62;6
567;5.42789e-15;73;1796;11906;11876;1;283;2.97823e+08;-1.90817e+09;0;0;-1;0;0;-1;239;238;6
567;5.42514e-15;71;1757;11849;11872;1;286;2.97823e+08;-1.90817e+09;1;0;-1;0;1;-1;239;238;6
568;5.42789e-15;74;1795;11906;11876;1;283;4.96971e+08;-1.83548e+09;0;0;-1;0;0;-1;913;913;6
568;5.42514e-15;72;1756;11849;11872;1;286;4.96971e+08;-1.83548e+09;0;0;-1;0;0;-1;913;913;6
569;5.42789e-15;75;1792;11906;11876;1;283;5.85273e+08;-1.76604e+09;0;0;-1;0;0;-1;2534;2533;6
569;5.42514e-15;72;1756;11849;11872;1;286;5.85273e+08;-1.76604e+09;0;0;-1;0;0;-1;2534;2533;6
570;5.42789e-15;75;1787;11906;11876;1;283;6.70258e+08;-1.69969e+09;1;0;-1;0;1;-1;5648;5647;6
570;5.42514e-15;73;1755;11849;11872;1;286;6.70258e+08;-1.69969e+09;3;0;-1;0;3;-1;5648;5647;6
571;5.42789e-15;75;1786;11906;11876;1;283;7.52072e+08;-1.63627e+09;1;0;-1;0;1;-1;10888;10887;6
571;5.42514e-15;73;1755;11849;11872;1;286;7.52072e+08;-1.63627e+09;0;0;-1;0;0;-1;10888;10887;6
572;5.42789e-15;76;1786;11906;11876;1;283;8.30855e+08;-1.57565e+09;0;0;-1;0;0;-1;18951;18950;6
572;5.42514e-15;73;1754;11849;11872;1;286;8.30855e+08;-1.57565e+09;1;0;-1;0;1;-1;18951;18950;6
573;5.42789e-15;78;1783;11906;11876;1;283;9.06739e+08;-1.51768e+09;2;0;-1;0;2;-1;30582;30581;6
573;5.42514e-15;73;1754;11849;11872;1;286;9.06739e+08;-1.51768e+09;1;0;-1;0;1;-1;30582;30581;6
574;5.42789e-15;78;1783;11906;11876;1;283;9.79851e+08;-1.46224e+09;0;0;-1;0;0;-1;46565;46564;6
574;5.42514e-15;73;1752;11849;11872;1;286;9.79851e+08;-1.46224e+09;1;0;-1;0;1;-1;46565;46564;6
575;5.42789e-15;78;1783;11906;11876;1;283;1.05031e+09;-1.40921e+09;0;0;-1;0;0;-1;67707;67706;6
575;5.42514e-15;73;1750;11849;11872;1;286;1.05031e+09;-1.40921e+09;2;0;-1;0;2;-1;67707;67706;6
576;5.42789e-15;78;1780;11906;11876;1;283;1.11824e+09;-1.35846e+09;0;0;-1;0;0;-1;94830;94828;6
576;5.42514e-15;73;1750;11849;11872;1;286;1.11824e+09;-1.35846e+09;0;0;-1;0;0;-1;94830;94828;6
577;5.42789e-15;78;1780;11906;11876;1;283;1.18373e+09;-1.30989e+09;0;0;-1;0;0;-1;128760;128758;6
577;5.42514e-15;78;1746;11849;11872;1;286;1.18373e+09;-1.30989e+09;5;0;-1;0;5;-1;128760;128758;6
578;5.42789e-15;81;1777;11906;11876;1;283;1.2469e+09;-1.2634e+09;2;0;-1;0;2;-1;170321;170319;6
578;5.42514e-15;83;1745;11849;11872;1;286;1.2469e+09;-1.2634e+09;0;0;-1;0;0;-1;170321;170319;6
579;5.42789e-15;84;1775;11906;11876;1;283;1.30785e+09;-1.21888e+09;1;0;-1;0;1;-1;220327;220326;6
579;5.42514e-15;86;1743;11849;11872;1;286;1.30785e+09;-1.21888e+09;2;0;-1;0;2;-1;220327;220326;6
580;5.42789e-15;85;1772;11906;11876;1;283;1.25928e+09;-1.17625e+09;0;0;-1;0;0;-1;279577;279575;6
580;5.42514e-15;88;1743;11849;11872;1;286;1.25928e+09;-1.17625e+09;0;0;-1;0;0;-1;279577;279575;6
581;5.42789e-15;86;1771;11906;11876;1;283;1.31605e+09;-1.13541e+09;0;0;-1;0;0;-1;348848;348846;6
581;5.42514e-15;89;1743;11849;11872;1;286;1.31605e+09;-1.13541e+09;0;0;-1;0;0;-1;348848;348846;6
582;5.42789e-15;86;1770;11906;11876;1;283;1.37087e+09;-1.09627e+09;1;0;-1;0;1;-1;428893;428891;6
582;5.42514e-15;90;1743;11849;11872;1;286;1.37087e+09;-1.09627e+09;0;0;-1;0;0;-1;428893;428891;6
583;5.42789e-15;91;1768;11906;11876;1;283;1.53118e+09;-1.05877e+09;2;0;-1;0;2;-1;520437;520436;6
583;5.42514e-15;91;1742;11849;11872;1;286;1.53118e+09;-1.05877e+09;0;0;-1;0;0;-1;520437;520436;6
584;5.42789e-15;96;1766;11906;11876;1;283;1.47495e+09;-1.02281e+09;0;0;-1;0;0;-1;624174;624173;6
584;5.42514e-15;91;1742;11849;11872;1;286;1.47495e+09;-1.02281e+09;0;0;-1;0;0;-1;624174;624173;6
585;5.42789e-15;105;1759;11906;11876;1;283;1.52436e+09;-9.88342e+08;10;0;-1;0;10;-1;740763;740762;6
585;5.42514e-15;93;1741;11849;11872;1;286;1.52436e+09;-9.88342e+08;1;0;-1;0;1;-1;740763;740762;6
586;5.42789e-15;107;1758;11906;11876;1;283;1.6795e+09;-9.5528e+08;1;0;-1;0;1;-1;870830;870828;6
586;5.42514e-15;93;1741;11849;11872;1;286;1.6795e+09;-9.5528e+08;0;0;-1;0;0;-1;870830;870828;6
587;5.42789e-15;107;1757;11906;11876;1;283;1.61831e+09;-9.23566e+08;1;0;-1;0;1;-1;1014962;1014960;6
587;5.42514e-15;98;1738;11849;11872;1;286;1.61831e+09;-9.23566e+08;4;0;-1;0;4;-1;1014962;1014960;6
588;5.42789e-15;107;1757;11906;11876;1;283;1.66296e+09;-8.93136e+08;0;0;-1;0;0;-1;1173709;1173707;6
588;5.42514e-15;104;1736;11849;11872;1;286;1.66296e+09;-8.93136e+08;5;0;-1;0;5;-1;1173709;1173707;6
589;5.42789e-15;111;1755;11906;11876;1;283;1.70616e+09;-8.63933e+08;3;0;-1;0;3;-1;1347583;1347581;6
589;5.42514e-15;107;1734;11849;11872;1;286;1.70616e+09;-8.63933e+08;1;0;-1;0;1;-1;1347583;1347581;6
590;5.42789e-15;121;1745;11906;11876;1;283;1.85533e+09;-8.359e+08;12;0;-1;0;12;-1;1537058;1537056;6
590;5.42514e-15;108;1734;11849;11872;1;286;1.85533e+09;-8.359e+08;2;0;-1;0;2;-1;1537058;1537056;6
591;5.42789e-15;122;1745;11906;11876;1;283;1.78841e+09;-8.08984e+08;0;0;-1;0;0;-1;1742568;1742566;6
591;5.42514e-15;110;1734;11849;11872;1;286;1.78841e+09;-8.08984e+08;1;0;-1;0;1;-1;1742568;1742566;6
592;5.42789e-15;122;1745;11906;11876;1;283;1.82756e+09;-7.83135e+08;0;0;-1;0;0;-1;1964509;1964508;6
592;5.42514e-15;110;1734;11849;11872;1;286;1.82756e+09;-7.83135e+08;1;0;-1;0;1;-1;1964509;1964508;6
593;5.42789e-15;131;1741;11906;11876;1;283;1.97285e+09;-7.58305e+08;11;0;-1;0;11;-1;2203240;2203238;6
593;5.42514e-15;115;1731;11849;11872;1;286;1.97285e+09;-7.58305e+08;2;0;-1;0;2;-1;2203240;2203238;6
594;5.42789e-15;131;1741;11906;11876;1;283;1.9022e+09;-7.34449e+08;0;0;-1;0;0;-1;2459079;2459077;6
594;5.42514e-15;118;1730;11849;11872;1;286;1.9022e+09;-7.34449e+08;0;0;-1;0;0;-1;2459079;2459077;6
595;5.42789e-15;135;1740;11906;11876;1;283;1.93778e+09;-7.11523e+08;10;0;-1;0;10;-1;2732311;2732309;6
595;5.42514e-15;119;1730;11849;11872;1;286;1.93778e+09;-7.11523e+08;0;0;-1;0;0;-1;2732311;2732309;6
596;5.42789e-15;135;1740;11906;11876;1;283;2.07963e+09;-6.89486e+08;0;0;-1;0;0;-1;3023183;3023181;7
596;5.42514e-15;120;1730;11849;11872;1;286;2.07963e+09;-6.89486e+08;1;0;-1;0;1;-1;3023183;3023181;7
597;5.42789e-15;147;1737;11906;11876;1;283;2.11304e+09;-6.68298e+08;11;0;-1;0;11;-1;3331907;3331905;7
597;5.42514e-15;124;1730;11849;11872;1;286;2.11304e+09;-6.68298e+08;4;0;-1;0;4;-1;3331907;3331905;7
598;5.42789e-15;152;1736;11906;11876;1;283;2.14544e+09;-6.47923e+08;8;0;-1;0;8;-1;3658661;3658659;7
598;5.42514e-15;124;1730;11849;11872;1;286;2.14544e+09;-6.47923e+08;0;0;-1;0;0;-1;3658661;3658659;7
599;5.42789e-15;157;1733;11906;11876;1;283;-2.14748e+09;-6.28325e+08;5;0;-1;0;5;-1;4003589;4003587;7
599;5.42514e-15;125;1729;11849;11872;1;286;-2.14748e+09;-6.28325e+08;0;0;-1;0;0;-1;4003589;4003587;7
600;5.42789e-15;157;1733;11906;11876;1;283;-2.14748e+09;-6.0947e+08;-1;0;0;0;-1;0;4366806;4366804;7
600;5.42514e-15;125;1729;11849;11872;1;286;-2.14748e+09;-6.0947e+08;-1;0;0;0;-1;0;4366806;4366804;7
601;5.42789e-15;157;1733;11906;11876;1;283;-2.14748e+09;-5.91326e+08;-1;0;0;0;-1;0;4748392;4748390;7
601;5.42514e-15;124;1729;11849;11872;1;286;-2.14748e+09;-5.91326e+08;-1;0;0;0;-1;0;4748392;4748390;7
602;5.42789e-15;157;1732;11906;11876;1;283;-2.14748e+09;-5.73862e+08;-1;0;0;0;-1;0;5148402;5148400;7
602;5.42514e-15;120;1729;11849;11872;1;286;-2.14748e+09;-5.73862e+08;-1;0;0;0;-1;0;5148402;5148400;7
603;5.42789e-15;157;1732;11906;11876;1;283;-2.14748e+09;-5.57049e+08;0;0;-1;0;0;-1;5566860;5566858;8
603;5.42514e-15;120;1729;11849;11872;1;286;-2.14748e+09;-5.57049e+08;-1;0;0;0;-1;0;5566860;5566858;8
604;5.42789e-15;154;1732;11906;11876;1;283;-2.14748e+09;-5.40859e+08;-1;0;0;0;-1;0;6003764;6003762;8
604;5.42514e-15;120;1729;11849;11872;1;286;-2.14748e+09;-5.40859e+08;-1;0;0;0;-1;0;6003764;6003762;8
605;5.42789e-15;153;1732;11906;11876;1;283;-2.14748e+09;-5.25265e+08;-1;0;0;0;-1;0;6459086;6459085;8
605;5.42514e-15;118;1729;11849;11872;1;286;-2.14748e+09;-5.25265e+08;-1;0;0;0;-1;0;6459086;6459085;8
606;5.42789e-15;153;1732;11906;11876;1;283;-2.14748e+09;-5.10244e+08;-1;0;0;0;-1;0;6932775;6932773;9
606;5.42514e-15;118;1729;11849;11872;1;286;-2.14748e+09;-5.10244e+08;-1;0;0;0;-1;0;6932775;6932773;9
607;5.42789e-15;151;1732;11906;11876;1;283;-2.14748e+09;-4.95769e+08;-1;0;0;0;-1;0;7424755;7424753;9
607;5.42514e-15;118;1728;11849;11872;1;286;-2.14748e+09;-4.95769e+08;-1;0;0;0;-1;0;7424755;7424753;9
608;5.42789e-15;151;1731;11906;11876;1;283;-2.14748e+09;-4.81819e+08;-1;0;0;0;-1;0;7934928;7934927;10
608;5.42514e-15;118;1728;11849;11872;1;286;-2.14748e+09;-4.81819e+08;-1;0;0;0;-1;0;7934928;7934927;10
609;5.42789e-15;149;1731;11906;11876;1;283;-2.14748e+09;-4.68371e+08;-1;0;0;0;-1;0;8463179;8463177;11
609;5.42514e-15;118;1728;11849;11872;1;286;-2.14748e+09;-4.68371e+08;-1;0;0;0;-1;0;8463179;8463177;11
610;5.42789e-15;149;1731;11906;11876;1;283;-2.14748e+09;-4.55404e+08;-1;0;0;0;-1;0;9009369;9009367;12
610;5.42514e-15;115;1727;11849;11872;1;286;-2.14748e+09;-4.55404e+08;-1;0;0;0;-1;0;9009369;9009367;12
611;5.42789e-15;148;1731;11906;11876;1;283;-2.14748e+09;-4.429e+08;-1;0;0;0;-1;0;9573344;9573342;13
611;5.42514e-15;115;1727;11849;11872;1;286;-2.14748e+09;-4.429e+08;-1;0;0;0;-1;0;9573344;9573342;13
612;5.42789e-15;146;1731;11906;11876;1;283;-2.14748e+09;-4.30837e+08;0;0;-1;0;0;-1;10154931;10154930;14
612;5.42514e-15;115;1727;11849;11872;1;286;-2.14748e+09;-4.30837e+08;-1;0;0;0;-1;0;10154931;10154930;14
613;5.42789e-15;146;1731;11906;11876;1;283;-2.14748e+09;-4.192e+08;-1;0;0;0;-1;0;10753944;10753942;16
613;5.42514e-15;115;1727;11849;11872;1;286;-2.14748e+09;-4.192e+08;-1;0;0;0;-1;0;10753944;10753942;16
614;5.42789e-15;145;1731;11906;11876;1;283;-2.14748e+09;-4.07969e+08;-1;0;0;0;-1;0;11370178;11370177;18
614;5.42514e-15;114;1727;11849;11872;1;286;-2.14748e+09;-4.07969e+08;-1;0;0;0;-1;0;11370178;11370177;18
615;5.42789e-15;144;1731;11906;11876;1;283;-2.14748e+09;-3.97129e+08;0;0;-1;0;0;-1;12003419;12003417;20
615;5.42514e-15;114;1727;11849;11872;1;286;-2.14748e+09;-3.97129e+08;0;0;-1;0;0;-1;12003419;12003417;20
616;5.42789e-15;143;1731;11906;11876;1;283;-2.14748e+09;-3.86664e+08;-1;0;0;0;-1;0;12653436;12653435;23
616;5.42514e-15;114;1727;11849;11872;1;286;-2.14748e+09;-3.86664e+08;-1;0;0;0;-1;0;12653436;12653435;23
617;5.42789e-15;142;1731;11906;11876;1;283;-2.14748e+09;-3.76558e+08;-1;0;0;0;-1;0;13319990;13319989;26
617;5.42514e-15;114;1727;11849;11872;1;286;-2.14748e+09;-3.76558e+08;-1;0;0;0;-1;0;13319990;13319989;26
618;5.42789e-15;139;1731;11906;11876;1;283;-2.14748e+09;-3.66798e+08;-1;0;0;0;-1;0;14002829;14002828;29
618;5.42514e-15;112;1727;11849;11872;1;286;-2.14748e+09;-3.66798e+08;0;0;-1;0;0;-1;14002829;14002828;29
619;5.42789e-15;139;1731;11906;11876;1;283;-2.14748e+09;-3.57369e+08;-1;0;0;0;-1;0;14701692;14701692;33
619;5.42514e-15;112;1727;11849;11872;1;286;-2.14748e+09;-3.57369e+08;-1;0;0;0;-1;0;14701692;14701692;33
620;5.42789e-15;139;1731;11906;11876;1;283;-2.14748e+09;-3.48258e+08;-1;0;0;0;-1;0;15416310;15416309;38
620;5.42514e-15;111;1727;11849;11872;1;286;-2.14748e+09;-3.48258e+08;-1;0;0;0;-1;0;15416310;15416309;38
621;5.42789e-15;138;1731;11906;11876;1;283;-2.14748e+09;-3.39454e+08;0;0;-1;0;0;-1;16146404;16146404;43
621;5.42514e-15;111;1727;11849;11872;1;286;-2.14748e+09;-3.39454e+08;-1;0;0;0;-1;0;16146404;16146404;43
622;5.42789e-15;131;1730;11906;11876;1;283;-2.14748e+09;-3.30943e+08;-1;0;0;0;-1;0;16891690;16891690;49
622;5.42514e-15;111;1727;11849;11872;1;286;-2.14748e+09;-3.30943e+08;0;0;-1;0;0;-1;16891690;16891690;49
623;5.42789e-15;130;1729;11906;11876;1;283;-2.14748e+09;-3.22714e+08;-1;0;0;0;-1;0;17651876;17651876;56
623;5.42514e-15;109;1727;11849;11872;1;286;-2.14748e+09;-3.22714e+08;0;0;-1;0;0;-1;17651876;17651876;56
624;5.42789e-15;130;1729;11906;11876;1;283;-2.14748e+09;-3.14757e+08;0;0;-1;0;0;-1;18426665;18426666;64
624;5.42514e-15;109;1727;11849;11872;1;286;-2.14748e+09;-3.14757e+08;-1;0;0;0;-1;0;18426665;18426666;64
625;5.42789e-15;128;1729;11906;11876;1;283;-2.14748e+09;-3.07061e+08;-1;0;0;0;-1;0;19215756;19215757;72
625;5.42514e-15;109;1727;11849;11872;1;286;-2.14748e+09;-3.07061e+08;-1;0;0;0;-1;0;19215756;19215757;72
626;5.42789e-15;128;1729;11906;11876;1;283;-2.14748e+09;-2.99615e+08;-1;0;0;0;-1;0;20018843;20018844;82
626;5.42514e-15;107;1727;11849;11872;1;286;-2.14748e+09;-2.99615e+08;-1;0;0;0;-1;0;20018843;20018844;82
627;5.42789e-15;127;1729;11906;11876;1;283;-2.14748e+09;-2.92411e+08;-1;0;0;0;-1;0;20835615;20835617;93
627;5.42514e-15;107;1727;11849;11872;1;286;-2.14748e+09;-2.92411e+08;-1;0;0;0;-1;0;20835615;20835617;93
628;5.42789e-15;125;1729;11906;11876;1;283;-2.14748e+09;-2.85438e+08;-1;0;0;0;-1;0;21665761;21665763;106
628;5.42514e-15;107;1727;11849;11872;1;286;-2.14748e+09;-2.85438e+08;-1;0;0;0;-1;0;21665761;21665763;106
629;5.42789e-15;125;1729;11906;11876;1;283;-2.14748e+09;-2.78689e+08;-1;0;0;0;-1;0;22508964;22508967;120
629;5.42514e-15;107;1727;11849;11872;1;286;-2.14748e+09;-2.78689e+08;-1;0;0;0;-1;0;22508964;22508967;120
630;5.42789e-15;125;1729;11906;11876;1;283;-2.14748e+09;-2.72154e+08;-1;0;0;0;-1;0;23364909;23364913;136
630;5.42514e-15;107;1727;11849;11872;1;286;-2.14748e+09;-2.72154e+08;-1;0;0;0;-1;0;23364909;23364913;136
631;5.42789e-15;121;1729;11906;11876;1;283;-2.14748e+09;-2.65826e+08;-1;0;0;0;-1;0;24233278;24233283;153
631;5.42514e-15;106;1727;11849;11872;1;286;-2.14748e+09;-2.65826e+08;-1;0;0;0;-1;0;24233278;24233283;153
632;5.42789e-15;121;1729;11906;11876;1;283;-2.14748e+09;-2.59697e+08;-1;0;0;0;-1;0;25113751;25113756;172
632;5.42514e-15;106;1727;11849;11872;1;286;-2.14748e+09;-2.59696e+08;-1;0;0;0;-1;0;25113751;25113756;172
633;5.42789e-15;119;1729;11906;11876;1;283;-2.14748e+09;-2.53759e+08;-1;0;0;0;-1;0;26006008;26006015;194
633;5.42514e-15;105;1727;11849;11872;1;286;-2.14748e+09;-2.53759e+08;0;0;-1;0;0;-1;26006008;26006015;194
634;5.42789e-15;119;1729;11906;11876;1;283;-2.14748e+09;-2.48005e+08;-1;0;0;0;-1;0;26909732;26909739;218
634;5.42514e-15;104;1726;11849;11872;1;286;-2.14748e+09;-2.48005e+08;-1;0;0;0;-1;0;26909732;26909739;218
635;5.42789e-15;119;1729;11906;11876;1;283;-2.14748e+09;-2.42429e+08;-1;0;0;0;-1;0;27824602;27824611;244
635;5.42514e-15;104;1726;11849;11872;1;286;-2.14748e+09;-2.42429e+08;-1;0;0;0;-1;0;27824602;27824611;244
636;5.42789e-15;119;1729;11906;11876;1;283;-2.14748e+09;-2.37024e+08;-1;0;0;0;-1;0;28750301;28750312;273
636;5.42514e-15;104;1726;11849;11872;1;286;-2.14748e+09;-2.37024e+08;0;0;-1;0;0;-1;28750301;28750312;273
637;5.42789e-15;119;1729;11906;11876;1;283;-2.14748e+09;-2.31784e+08;-1;0;0;0;-1;0;29686513;29686525;305
637;5.42514e-15;104;1726;11849;11872;1;286;-2.14748e+09;-2.31784e+08;-1;0;0;0;-1;0;29686513;29686525;305
638;5.42789e-15;115;1729;11906;11876;1;283;-2.14748e+09;-2.26703e+08;-1;0;0;0;-1;0;30632922;30632935;340
638;5.42514e-15;103;1726;11849;11872;1;286;-2.14748e+09;-2.26703e+08;-1;0;0;0;-1;0;30632922;30632935;340
639;5.42789e-15;115;1729;11906;11876;1;283;-2.14748e+09;-2.21775e+08;-1;0;0;0;-1;0;31589215;31589230;379
639;5.42514e-15;103;1726;11849;11872;1;286;-2.14748e+09;-2.21775e+08;-1;0;0;0;-1;0;31589215;31589230;379
640;5.42789e-15;113;1729;11906;11876;1;283;-2.14748e+09;-2.16994e+08;-1;0;0;0;-1;0;32555081;32555098;421
640;5.42514e-15;103;1726;11849;11872;1;286;-2.14748e+09;-2.16994e+08;-1;0;0;0;-1;0;32555081;32555098;421
641;5.42789e-15;112;1729;11906;11876;1;283;-2.14748e+09;-2.12356e+08;-1;0;0;0;-1;0;33530210;33530230;467
641;5.42514e-15;103;1726;11849;11872;1;286;-2.14748e+09;-2.12356e+08;-1;0;0;0;-1;0;33530210;33530230;467
642;5.42789e-15;109;1729;11906;11876;1;283;-2.14748e+09;-2.07855e+08;-1;0;0;0;-1;0;34514298;34514320;517
642;5.42514e-15;98;1726;11849;11872;1;286;-2.14748e+09;-2.07855e+08;-1;0;0;0;-1;0;34514298;34514320;517
643;5.42789e-15;109;1729;11906;11876;1;283;-2.14748e+09;-2.03486e+08;-1;0;0;0;-1;0;35507041;35507065;572
643;5.42514e-15;98;1726;11849;11872;1;286;-2.14748e+09;-2.03486e+08;-1;0;0;0;-1;0;35507041;35507065;572
644;5.42789e-15;109;1729;11906;11876;1;283;-2.14748e+09;-1.99245e+08;-1;0;0;0;-1;0;36508138;36508166;632
644;5.42514e-15;95;1726;11849;11872;1;286;-2.14748e+09;-1.99245e+08;-1;0;0;0;-1;0;36508138;36508166;632
645;5.42789e-15;109;1729;11906;11876;1;283;-2.14748e+09;-1.95127e+08;-1;0;0;0;-1;0;37517293;37517324;697
645;5.42514e-15;95;1726;11849;11872;1;286;-2.14748e+09;-1.95127e+08;-1;0;0;0;-1;0;37517293;37517324;697
646;5.42789e-15;108;1729;11906;11876;1;283;-2.14748e+09;-1.91128e+08;-1;0;0;0;-1;0;38534214;38534248;767
646;5.42514e-15;92;1726;11849;11872;1;286;-2.14748e+09;-1.91128e+08;-1;0;0;0;-1;0;38534214;38534248;767
647;5.42789e-15;108;1729;11906;11876;1;283;-2.14748e+09;-1.87243e+08;-1;0;0;0;-1;0;39558609;39558647;843
647;5.42514e-15;92;1726;11849;11872;1;286;-2.14748e+09;-1.87243e+08;-1;0;0;0;-1;0;39558609;39558647;843
648;5.42789e-15;108;1729;11906;11876;1;283;-2.14748e+09;-1.83469e+08;-1;0;0;0;-1;0;40590194;40590236;926
648;5.42514e-15;92;1726;11849;11872;1;286;-2.14748e+09;-1.83469e+08;-1;0;0;0;-1;0;40590194;40590236;926
649;5.42789e-15;108;1728;11906;11876;1;283;-2.14748e+09;-1.79803e+08;-1;0;0;0;-1;0;41628686;41628732;1015
649;5.42514e-15;92;1726;11849;11872;1;286;-2.14748e+09;-1.79803e+08;-1;0;0;0;-1;0;41628686;41628732;1015
650;5.42789e-15;108;1728;11906;11876;1;283;-2.14748e+09;-1.76239e+08;-1;0;0;0;-1;0;42673808;42673858;1111
650;5.42514e-15;92;1726;11849;11872;1;286;-2.14748e+09;-1.76239e+08;-1;0;0;0;-1;0;42673808;42673858;1111
651;5.42789e-15;107;1728;11906;11876;1;283;-2.14748e+09;-1.72776e+08;-1;0;0;0;-1;0;43725285;43725340;1214
651;5.42514e-15;92;1726;11849;11872;1;286;-2.14748e+09;-1.72776e+08;-1;0;0;0;-1;0;43725285;43725340;1214
652;5.42789e-15;105;1728;11906;11876;1;283;-2.14748e+09;-1.69408e+08;-1;0;0;0;-1;0;44782848;44782908;1326
652;5.42514e-15;92;1726;11849;11872;1;286;-2.14748e+09;-1.69408e+08;-1;0;0;0;-1;0;44782848;44782908;1326
653;5.42789e-15;103;1728;11906;11876;1;283;-2.14748e+09;-1.66134e+08;-1;0;0;0;-1;0;45846232;45846298;1445
653;5.42514e-15;91;1726;11849;11872;1;286;-2.14748e+09;-1.66134e+08;-1;0;0;0;-1;0;45846232;45846298;1445
654;5.42789e-15;103;1727;11906;11876;1;283;-2.14748e+09;-1.6295e+08;-1;0;0;0;-1;0;46915175;46915248;1574
654;5.42514e-15;90;1726;11849;11872;1;286;-2.14748e+09;-1.6295e+08;-1;0;0;0;-1;0;46915175;46915248;1574
655;5.42789e-15;103;1727;11906;11876;1;283;-2.14748e+09;-1.59852e+08;-1;0;0;0;-1;0;47989423;47989502;1712
655;5.42514e-15;89;1726;11849;11872;1;286;-2.14748e+09;-1.59852e+08;-1;0;0;0;-1;0;47989423;47989502;1712
656;5.42789e-15;103;1727;11906;11876;1;283;-2.14748e+09;-1.56839e+08;-1;0;0;0;-1;0;49068721;49068807;1860
656;5.42514e-15;89;1726;11849;11872;1;286;-2.14748e+09;-1.56839e+08;-1;0;0;0;-1;0;49068721;49068807;1860
657;5.42789e-15;103;1727;11906;11876;1;283;-2.14748e+09;-1.53907e+08;-1;0;0;0;-1;0;50152824;50152917;2018
657;5.42514e-15;87;1726;11849;11872;1;286;-2.14748e+09;-1.53907e+08;-1;0;0;0;-1;0;50152824;50152917;2018
658;5.42789e-15;103;1726;11906;11876;1;283;-2.14748e+09;-1.51054e+08;-1;0;0;0;-1;0;51241487;51241589;2186
658;5.42514e-15;83;1725;11849;11872;1;286;-2.14748e+09;-1.51054e+08;-1;0;0;0;-1;0;51241487;51241589;2186
659;5.42789e-15;101;1726;11906;11876;1;283;-2.14748e+09;-1.48277e+08;-1;0;0;0;-1;0;52334473;52334584;2367
659;5.42514e-15;80;1725;11849;11872;1;286;-2.14748e+09;-1.48277e+08;-1;0;0;0;-1;0;52334473;52334584;2367
660;5.42789e-15;99;1725;11906;11876;1;283;-2.14748e+09;-1.45573e+08;-1;0;0;0;-1;0;53431548;53431668;2559
660;5.42514e-15;77;1725;11849;11872;1;286;-2.14748e+09;-1.45573e+08;-1;0;0;0;-1;0;53431548;53431668;2559
661;5.42789e-15;99;1725;11906;11876;1;283;-2.14748e+09;-1.42941e+08;-1;0;0;0;-1;0;54532483;54532613;2764
661;5.42514e-15;77;1725;11849;11872;1;286;-2.14748e+09;-1.42941e+08;-1;0;0;0;-1;0;54532483;54532613;2764
662;5.42789e-15;99;1725;11906;11876;1;283;-2.14748e+09;-1.40378e+08;-1;0;0;0;-1;0;55637054;55637194;2982
662;5.42514e-15;77;1725;11849;11872;1;286;-2.14748e+09;-1.40378e+08;-1;0;0;0;-1;0;55637054;55637194;2982
663;5.42789e-15;99;1725;11906;11876;1;283;-2.14748e+09;-1.37881e+08;-1;0;0;0;-1;0;56745040;56745192;3214
663;5.42514e-15;76;1725;11849;11872;1;286;-2.14748e+09;-1.37881e+08;-1;0;0;0;-1;0;56745040;56745192;3214
664;5.42789e-15;99;1725;11906;11876;1;283;-2.14748e+09;-1.35448e+08;-1;0;0;0;-1;0;57856226;57856390;3461
664;5.42514e-15;75;1725;11849;11872;1;286;-2.14748e+09;-1.35448e+08;0;0;-1;0;0;-1;57856226;57856390;3461
665;5.42789e-15;97;1725;11906;11876;1;283;-2.14748e+09;-1.33079e+08;-1;0;0;0;-1;0;58970402;58970579;3722
665;5.42514e-15;75;1724;11849;11872;1;286;-2.14748e+09;-1.33079e+08;-1;0;0;0;-1;0;58970402;58970579;3722
666;5.42789e-15;94;1725;11906;11876;1;283;-2.14748e+09;-1.30769e+08;-1;0;0;0;-1;0;60087362;60087552;4000
666;5.42514e-15;75;1724;11849;11872;1;286;-2.14748e+09;-1.30769e+08;-1;0;0;0;-1;0;60087362;60087552;4000
667;5.42789e-15;94;1725;11906;11876;1;283;-2.14748e+09;-1.28519e+08;-1;0;0;0;-1;0;61206903;61207107;4294
667;5.42514e-15;75;1724;11849;11872;1;286;-2.14748e+09;-1.28519e+08;-1;0;0;0;-1;0;61206903;61207107;4294
668;5.42789e-15;94;1725;11906;11876;1;283;-2.14748e+09;-1.26325e+08;-1;0;0;0;-1;0;62328829;62329048;4605
668;5.42514e-15;75;1724;11849;11872;1;286;-2.14748e+09;-1.26325e+08;-1;0;0;0;-1;0;62328829;62329048;4605
669;5.42789e-15;94;1725;11906;11876;1;283;-2.14748e+09;-1.24186e+08;-1;0;0;0;-1;0;63452947;63453183;4935
669;5.42514e-15;75;1724;11849;11872;1;286;-2.14748e+09;-1.24186e+08;-1;0;0;0;-1;0;63452947;63453183;4935
670;5.42789e-15;92;1725;11906;11876;1;283;-2.14748e+09;-1.221e+08;-1;0;0;0;-1;0;64579069;64579322;5283
670;5.42514e-15;72;1724;11849;11872;1;286;-2.14748e+09;-1.221e+08;-1;0;0;0;-1;0;64579069;64579322;5283
671;5.42789e-15;92;1725;11906;11876;1;283;-2.14748e+09;-1.20066e+08;-1;0;0;0;-1;0;65707012;65707284;5651
671;5.42514e-15;71;1724;11849;11872;1;286;-2.14748e+09;-1.20066e+08;-1;0;0;0;-1;0;65707012;65707284;5651
672;5.42789e-15;89;1725;11906;11876;1;283;-2.14748e+09;-1.18082e+08;-1;0;0;0;-1;0;66836596;66836887;6039
672;5.42514e-15;70;1724;11849;11872;1;286;-2.14748e+09;-1.18082e+08;-1;0;0;0;-1;0;66836596;66836887;6039
673;5.42789e-15;87;1724;11906;11876;1;283;-2.14748e+09;-1.16147e+08;-1;0;0;0;-1;0;67967647;67967958;6448
673;5.42514e-15;70;1724;11849;11872;1;286;-2.14748e+09;-1.16147e+08;-1;0;0;0;-1;0;67967647;67967958;6448
674;5.42789e-15;86;1724;11906;11876;1;283;-2.14748e+09;-1.14258e+08;-1;0;0;0;-1;0;69099992;69100325;6879
674;5.42514e-15;70;1724;11849;11872;1;286;-2.14748e+09;-1.14258e+08;-1;0;0;0;-1;0;69099992;69100325;6879
675;5.42789e-15;86;1724;11906;11876;1;283;-2.14748e+09;-1.12415e+08;-1;0;0;0;-1;0;70233467;70233822;7333
675;5.42514e-15;69;1724;11849;11872;1;286;-2.14748e+09;-1.12415e+08;-1;0;0;0;-1;0;70233467;70233822;7333
676;5.42789e-15;83;1724;11906;11876;1;283;-2.14748e+09;-1.10617e+08;0;0;-1;0;0;-1;71367907;71368288;7811
676;5.42514e-15;68;1724;11849;11872;1;286;-2.14748e+09;-1.10617e+08;0;0;-1;0;0;-1;71367907;71368288;7811
677;5.42789e-15;80;1724;11906;11876;1;283;-2.14748e+09;-1.08861e+08;-1;0;0;0;-1;0;72503157;72503563;8313
677;5.42514e-15;68;1724;11849;11872;1;286;-2.14748e+09;-1.08861e+08;-1;0;0;0;-1;0;72503157;72503563;8313
678;5.42789e-15;80;1724;11906;11876;1;283;-2.14748e+09;-1.07148e+08;-1;0;0;0;-1;0;73639061;73639493;8841
678;5.42514e-15;68;1724;11849;11872;1;286;-2.14748e+09;-1.07148e+08;-1;0;0;0;-1;0;73639061;73639493;8841
679;5.42789e-15;80;1724;11906;11876;1;283;-2.14748e+09;-1.05474e+08;-1;0;0;0;-1;0;74775469;74775930;9395
679;5.42514e-15;67;1724;11849;11872;1;286;-2.14748e+09;-1.05474e+08;-1;0;0;0;-1;0;74775469;74775930;9395
680;5.42789e-15;79;1724;11906;11876;1;283;-2.14748e+09;-1.0384e+08;-1;0;0;0;-1;0;75912236;75912726;9976
680;5.42514e-15;67;1724;11849;11872;1;286;-2.14748e+09;-1.0384e+08;-1;0;0;0;-1;0;75912236;75912726;9976
681;5.42789e-15;79;1724;11906;11876;1;283;-2.14748e+09;-1.02244e+08;-1;0;0;0;-1;0;77049218;77049740;10585
681;5.42514e-15;67;1724;11849;11872;1;286;-2.14748e+09;-1.02244e+08;-1;0;0;0;-1;0;77049218;77049740;10585
682;5.42789e-15;79;1724;11906;11876;1;283;-2.14748e+09;-1.00684e+08;-1;0;0;0;-1;0;78186278;78186832;11224
682;5.42514e-15;66;1724;11849;11872;1;286;-2.14748e+09;-1.00684e+08;-1;0;0;0;-1;0;78186278;78186832;11224
683;5.42789e-15;76;1724;11906;11876;1;283;-2.14748e+09;-9.9161e+07;-1;0;0;0;-1;0;79323281;79323869;11893
683;5.42514e-15;64;1724;11849;11872;1;286;-2.14748e+09;-9.9161e+07;-1;0;0;0;-1;0;79323281;79323869;11893
684;5.42789e-15;75;1724;11906;11876;1;283;-2.14748e+09;-9.76725e+07;-1;0;0;0;-1;0;80460095;80460720;12593
684;5.42514e-15;64;1724;11849;11872;1;286;-2.14748e+09;-9.76725e+07;-1;0;0;0;-1;0;80460095;80460720;12593
685;5.42789e-15;74;1724;11906;11876;1;283;-2.14748e+09;-9.62178e+07;-1;0;0;0;-1;0;81596595;81597258;13325
685;5.42514e-15;64;1724;11849;11872;1;286;-2.14748e+09;-9.62178e+07;-1;0;0;0;-1;0;81596595;81597258;13325
686;5.42789e-15;73;1724;11906;11876;1;283;-2.14748e+09;-9.4796e+07;-1;0;0;0;-1;0;82732656;82733358;14091
686;5.42514e-15;64;1724;11849;11872;1;286;-2.14748e+09;-9.4796e+07;-1;0;0;0;-1;0;82732656;82733358;14091
687;5.42789e-15;73;1724;11906;11876;1;283;-2.14748e+09;-9.34062e+07;-1;0;0;0;-1;0;83868157;83868901;14890
687;5.42514e-15;62;1724;11849;11872;1;286;-2.14748e+09;-9.34062e+07;-1;0;0;0;-1;0;83868157;83868901;14890
688;5.42789e-15;72;1724;11906;11876;1;283;-2.14748e+09;-9.20473e+07;-1;0;0;0;-1;0;85002983;85003771;15725
688;5.42514e-15;61;1724;11849;11872;1;286;-2.14748e+09;-9.20473e+07;-1;0;0;0;-1;0;85002983;85003771;15725
689;5.42789e-15;70;1723;11906;11876;1;283;-2.14748e+09;-9.07186e+07;-1;0;0;0;-1;0;86137020;86137853;16596
689;5.42514e-15;61;1724;11849;11872;1;286;-2.14748e+09;-9.07186e+07;-1;0;0;0;-1;0;86137020;86137853;16596
690;5.42789e-15;70;1723;11906;11876;1;283;-2.14748e+09;-8.94192e+07;-1;0;0;0;-1;0;87270158;87271039;17505
690;5.42514e-15;61;1724;11849;11872;1;286;-2.14748e+09;-8.94192e+07;-1;0;0;0;-1;0;87270158;87271039;17505
691;5.42789e-15;70;1723;11906;11876;1;283;-2.14748e+09;-8.81483e+07;0;0;-1;0;0;-1;88402290;88403221;18452
691;5.42514e-15;61;1724;11849;11872;1;286;-2.14748e+09;-8.81483e+07;-1;0;0;0;-1;0;88402290;88403221;18452
692;5.42789e-15;70;1723;11906;11876;1;283;-2.14748e+09;-8.69051e+07;-1;0;0;0;-1;0;89533314;89534297;19438
692;5.42514e-15;60;1724;11849;11872;1;286;-2.14748e+09;-8.69051e+07;-1;0;0;0;-1;0;89533314;89534297;19438
693;5.42789e-15;70;1723;11906;11876;1;283;-2.14748e+09;-8.56888e+07;-1;0;0;0;-1;0;90663128;90664166;20466
693;5.42514e-15;60;1724;11849;11872;1;286;-2.14748e+09;-8.56888e+07;-1;0;0;0;-1;0;90663128;90664166;20466
694;5.42789e-15;70;1723;11906;11876;1;283;-2.14748e+09;-8.44987e+07;-1;0;0;0;-1;0;91791635;91792731;21535
694;5.42514e-15;56;1723;11849;11872;1;286;-2.14748e+09;-8.44987e+07;-1;0;0;0;-1;0;91791635;91792731;21535
695;5.42789e-15;70;1723;11906;11876;1;283;-2.14748e+09;-8.33341e+07;-1;0;0;0;-1;0;92918742;92919898;22647
695;5.42514e-15;53;1723;11849;11872;1;286;-2.14748e+09;-8.33341e+07;-1;0;0;0;-1;0;92918742;92919898;22647
696;5.42789e-15;69;1723;11906;11876;1;283;-2.14748e+09;-8.21942e+07;-1;0;0;0;-1;0;94044357;94045575;23804
696;5.42514e-15;52;1723;11849;11872;1;286;-2.14748e+09;-8.21942e+07;-1;0;0;0;-1;0;94044357;94045575;23804
697;5.42789e-15;69;1723;11906;11876;1;283;-2.14748e+09;-8.10785e+07;-1;0;0;0;-1;0;95168392;95169675;25005
697;5.42514e-15;52;1723;11849;11872;1;286;-2.14748e+09;-8.10785e+07;-1;0;0;0;-1;0;95168392;95169675;25005
698;5.42789e-15;69;1723;11906;11876;1;283;-2.14748e+09;-7.99862e+07;-1;0;0;0;-1;0;96290761;96292112;26253
698;5.42514e-15;49;1723;11849;11872;1;286;-2.14748e+09;-7.99862e+07;0;0;-1;0;0;-1;96290761;96292112;26253
699;5.42789e-15;69;1723;11906;11876;1;283;-2.14748e+09;-7.89168e+07;-1;0;0;0;-1;0;97411382;97412803;27549
699;5.42514e-15;46;1723;11849;11872;1;286;-2.14748e+09;-7.89168e+07;-1;0;0;0;-1;0;97411382;97412803;27549
700;5.42789e-15;68;1723;11906;11876;1;283;-2.14748e+09;-7.78694e+07;-1;0;0;0;-1;0;98530174;98531668;28894
700;5.42514e-15;42;1723;11849;11872;1;286;-2.14748e+09;-7.78694e+07;-1;0;0;0;-1;0;98530174;98531668;28894
701;5.42789e-15;67;1723;11906;11876;1;283;-2.14748e+09;-7.68437e+07;-1;0;0;0;-1;0;99647061;99648631;30288
701;5.42514e-15;42;1723;11849;11872;1;286;-2.14748e+09;-7.68437e+07;-1;0;0;0;-1;0;99647061;99648631;30288
702;5.42789e-15;67;1723;11906;11876;1;283;-2.14748e+09;-7.58391e+07;-1;0;0;0;-1;0;100761967;100763617;31734
702;5.42514e-15;42;1723;11849;11872;1;286;-2.14748e+09;-7.58391e+07;-1;0;0;0;-1;0;100761967;100763617;31734
703;5.42789e-15;67;1723;11906;11876;1;283;-2.14748e+09;-7.4855e+07;-1;0;0;0;-1;0;101874821;101876553;33233
703;5.42514e-15;39;1723;11849;11872;1;286;-2.14748e+09;-7.4855e+07;-1;0;0;0;-1;0;101874821;101876553;33233
704;5.42789e-15;67;1723;11906;11876;1;283;-2.14748e+09;-7.38908e+07;-1;0;0;0;-1;0;102985552;102987369;34785
704;5.42514e-15;36;1723;11849;11872;1;286;-2.14748e+09;-7.38908e+07;-1;0;0;0;-1;0;102985552;102987369;34785
705;5.42789e-15;67;1723;11906;11876;1;283;-2.14748e+09;-7.2946e+07;-1;0;0;0;-1;0;104094094;104096000;36392
705;5.42514e-15;36;1723;11849;11872;1;286;-2.14748e+09;-7.2946e+07;-1;0;0;0;-1;0;104094094;104096000;36392
706;5.42789e-15;66;1723;11906;11876;1;283;-2.14748e+09;-7.20202e+07;-1;0;0;0;-1;0;105200381;105202380;38055
706;5.42514e-15;36;1723;11849;11872;1;286;-2.14748e+09;-7.20202e+07;-1;0;0;0;-1;0;105200381;105202380;38055
707;5.42789e-15;66;1723;11906;11876;1;283;-2.14748e+09;-7.11128e+07;-1;0;0;0;-1;0;106304350;106306446;39776
707;5.42514e-15;36;1723;11849;11872;1;286;-2.14748e+09;-7.11128e+07;-1;0;0;0;-1;0;106304350;106306446;39776
708;5.42789e-15;66;1723;11906;11876;1;283;-2.14748e+09;-7.02234e+07;-1;0;0;0;-1;0;107405942;107408137;41555
708;5.42514e-15;36;1723;11849;11872;1;286;-2.14748e+09;-7.02234e+07;-1;0;0;0;-1;0;107405942;107408137;41555
709;5.42789e-15;65;1723;11906;11876;1;283;-2.14748e+09;-6.93515e+07;-1;0;0;0;-1;0;108505098;108507397;43394
709;5.42514e-15;36;1723;11849;11872;1;286;-2.14748e+09;-6.93515e+07;-1;0;0;0;-1;0;108505098;108507397;43394
710;5.42789e-15;64;1723;11906;11876;1;283;-2.14748e+09;-6.84966e+07;-1;0;0;0;-1;0;109601763;109604169;45295
710;5.42514e-15;35;1723;11849;11872;1;286;-2.14748e+09;-6.84966e+07;-1;0;0;0;-1;0;109601763;109604169;45295
711;5.42789e-15;64;1723;11906;11876;1;283;-2.14748e+09;-6.76584e+07;-1;0;0;0;-1;0;110695882;110698399;47258
711;5.42514e-15;35;1723;11849;11872;1;286;-2.14748e+09;-6.76584e+07;-1;0;0;0;-1;0;110695882;110698399;47258
712;5.42789e-15;62;1723;11906;11876;1;283;-2.14748e+09;-6.68363e+07;-1;0;0;0;-1;0;111787404;111790035;49285
712;5.42514e-15;34;1723;11849;11872;1;286;-2.14748e+09;-6.68363e+07;-1;0;0;0;-1;0;111787404;111790035;49285
713;5.42789e-15;62;1723;11906;11876;1;283;-2.14748e+09;-6.60301e+07;-1;0;0;0;-1;0;112876279;112879028;51377
713;5.42514e-15;34;1723;11849;11872;1;286;-2.14748e+09;-6.60301e+07;-1;0;0;0;-1;0;112876279;112879028;51377
714;5.42789e-15;62;1723;11906;11876;1;283;-2.14748e+09;-6.52393e+07;-1;0;0;0;-1;0;113962459;113965331;53535
714;5.42514e-15;34;1723;11849;11872;1;286;-2.14748e+09;-6.52393e+07;-1;0;0;0;-1;0;113962459;113965331;53535
715;5.42789e-15;61;1723;11906;11876;1;283;-2.14748e+09;-6.44635e+07;-1;0;0;0;-1;0;115045897;115048897;55762
715;5.42514e-15;34;1723;11849;11872;1;286;-2.14748e+09;-6.44635e+07;-1;0;0;0;-1;0;115045897;115048897;55762
716;5.42789e-15;61;1723;11906;11876;1;283;-2.14748e+09;-6.37024e+07;-1;0;0;0;-1;0;116126550;116129683;58057
716;5.42514e-15;34;1723;11849;11872;1;286;-2.14748e+09;-6.37024e+07;-1;0;0;0;-1;0;116126550;116129683;58057
717;5.42789e-15;61;1723;11906;11876;1;283;-2.14748e+09;-6.29556e+07;-1;0;0;0;-1;0;117204376;117207645;60422
717;5.42514e-15;34;1723;11849;11872;1;286;-2.14748e+09;-6.29556e+07;-1;0;0;0;-1;0;117204376;117207645;60422
718;5.42789e-15;57;1723;11906;11876;1;283;-2.14748e+09;-6.22227e+07;-1;0;0;0;-1;0;118279333;118282744;62859
718;5.42514e-15;32;1723;11849;11872;1;286;-2.14748e+09;-6.22227e+07;-1;0;0;0;-1;0;118279333;118282744;62859
719;5.42789e-15;56;1723;11906;11876;1;283;-2.14748e+09;-6.15032e+07;-1;0;0;0;-1;0;119351383;119354940;65369
719;5.42514e-15;31;1723;11849;11872;1;286;-2.14748e+09;-6.15032e+07;-1;0;0;0;-1;0;119351383;119354940;65369
720;5.42789e-15;53;1723;11906;11876;1;283;-2.14748e+09;-6.07972e+07;-1;0;0;0;-1;0;120420489;120424197;67953
720;5.42514e-15;31;1723;11849;11872;1;286;-2.14748e+09;-6.07972e+07;-1;0;0;0;-1;0;120420489;120424197;67953
721;5.42789e-15;53;1723;11906;11876;1;283;-2.14748e+09;-6.01041e+07;-1;0;0;0;-1;0;121486616;121490479;70612
721;5.42514e-15;30;1723;11849;11872;1;286;-2.14748e+09;-6.01041e+07;-1;0;0;0;-1;0;121486616;121490479;70612
722;5.42789e-15;47;1723;11906;11876;1;283;-2.14748e+09;-5.94236e+07;-1;0;0;0;-1;0;122549729;122553752;73348
722;5.42514e-15;30;1723;11849;11872;1;286;-2.14748e+09;-5.94236e+07;-1;0;0;0;-1;0;122549729;122553752;73348
723;5.42789e-15;47;1723;11906;11876;1;283;-2.14748e+09;-5.87555e+07;-1;0;0;0;-1;0;123609795;123613985;76163
723;5.42514e-15;29;1723;11849;11872;1;286;-2.14748e+09;-5.87555e+07;-1;0;0;0;-1;0;123609795;123613985;76163
724;5.42789e-15;47;1723;11906;11876;1;283;-2.14748e+09;-5.80994e+07;-1;0;0;0;-1;0;124666785;124671145;79057
724;5.42514e-15;25;1723;11849;11872;1;286;-2.14748e+09;-5.80994e+07;-1;0;0;0;-1;0;124666785;124671145;79057
725;5.42789e-15;47;1723;11906;11876;1;283;-2.14748e+09;-5.74551e+07;-1;0;0;0;-1;0;125720668;125725205;82031
725;5.42514e-15;25;1723;11849;11872;1;286;-2.14748e+09;-5.74551e+07;-1;0;0;0;-1;0;125720668;125725205;82031
726;5.42789e-15;45;1723;11906;11876;1;283;-2.14748e+09;-5.68223e+07;-1;0;0;0;-1;0;126771416;126776136;85088
726;5.42514e-15;25;1723;11849;11872;1;286;-2.14748e+09;-5.68223e+07;-1;0;0;0;-1;0;126771416;126776136;85088
727;5.42789e-15;45;1723;11906;11876;1;283;-2.14748e+09;-5.62006e+07;-1;0;0;0;-1;0;127819003;127823911;88228
727;5.42514e-15;25;1723;11849;11872;1;286;-2.14748e+09;-5.62006e+07;-1;0;0;0;-1;0;127819003;127823911;88228
728;5.42789e-15;45;1723;11906;11876;1;283;-2.14748e+09;-5.55901e+07;-1;0;0;0;-1;0;128863404;128868505;91453
728;5.42514e-15;25;1723;11849;11872;1;286;-2.14748e+09;-5.55901e+07;-1;0;0;0;-1;0;128863404;128868505;91453
729;5.42789e-15;45;1723;11906;11876;1;283;-2.14748e+09;-5.499e+07;-1;0;0;0;-1;0;129904594;129909894;94763
729;5.42514e-15;25;1723;11849;11872;1;286;-2.14748e+09;-5.499e+07;-1;0;0;0;-1;0;129904594;129909894;94763
730;5.42789e-15;45;1723;11906;11876;1;283;-2.14748e+09;-5.44004e+07;-1;0;0;0;-1;0;130942550;130948056;98161
730;5.42514e-15;25;1723;11849;11872;1;286;-2.14748e+09;-5.44004e+07;-1;0;0;0;-1;0;130942550;130948056;98161
731;5.42789e-15;45;1723;11906;11876;1;283;-2.14748e+09;-5.38211e+07;0;0;-1;0;0;-1;131977251;131982970;101648
731;5.42514e-15;25;1723;11849;11872;1;286;-2.14748e+09;-5.38211e+07;-1;0;0;0;-1;0;131977251;131982970;101648
732;5.42789e-15;45;1723;11906;11876;1;283;-2.14748e+09;-5.32518e+07;-1;0;0;0;-1;0;133008677;133014614;105224
732;5.42514e-15;25;1723;11849;11872;1;286;-2.14748e+09;-5.32518e+07;-1;0;0;0;-1;0;133008677;133014614;105224
733;5.42789e-15;45;1723;11906;11876;1;283;-2.14748e+09;-5.26921e+07;-1;0;0;0;-1;0;134036809;134042970;108892
733;5.42514e-15;21;1722;11849;11872;1;286;-2.14748e+09;-5.26921e+07;-1;0;0;0;-1;0;134036809;134042970;108892
734;5.42789e-15;45;1723;11906;11876;1;283;-2.14748e+09;-5.2142e+07;-1;0;0;0;-1;0;135061629;135068021;112652
734;5.42514e-15;21;1722;11849;11872;1;286;-2.14748e+09;-5.2142e+07;-1;0;0;0;-1;0;135061629;135068021;112652
735;5.42789e-15;43;1723;11906;11876;1;283;-2.14748e+09;-5.16013e+07;-1;0;0;0;-1;0;136083119;136089749;116505
735;5.42514e-15;21;1722;11849;11872;1;286;-2.14748e+09;-5.16013e+07;-1;0;0;0;-1;0;136083119;136089749;116505
736;5.42789e-15;43;1723;11906;11876;1;283;-2.14748e+09;-5.10696e+07;-1;0;0;0;-1;0;137101264;137108138;120454
736;5.42514e-15;21;1722;11849;11872;1;286;-2.14748e+09;-5.10696e+07;-1;0;0;0;-1;0;137101264;137108138;120454
737;5.42789e-15;43;1723;11906;11876;1;283;-2.14748e+09;-5.05468e+07;-1;0;0;0;-1;0;138116049;138123175;124499
737;5.42514e-15;21;1722;11849;11872;1;286;-2.14748e+09;-5.05468e+07;-1;0;0;0;-1;0;138116049;138123175;124499
738;5.42789e-15;42;1723;11906;11876;1;283;-2.14748e+09;-5.00327e+07;-1;0;0;0;-1;0;139127460;139134844;128642
738;5.42514e-15;21;1722;11849;11872;1;286;-2.14748e+09;-5.00327e+07;-1;0;0;0;-1;0;139127460;139134844;128642
739;5.42789e-15;41;1723;11906;11876;1;283;-2.14748e+09;-4.95272e+07;-1;0;0;0;-1;0;140135485;140143135;132884
739;5.42514e-15;21;1722;11849;11872;1;286;-2.14748e+09;-4.95272e+07;-1;0;0;0;-1;0;140135485;140143135;132884
740;5.42789e-15;36;1723;11906;11876;1;283;-2.14748e+09;-4.90299e+07;-1;0;0;0;-1;0;141140112;141148035;137225
740;5.42514e-15;21;1722;11849;11872;1;286;-2.14748e+09;-4.90299e+07;-1;0;0;0;-1;0;141140112;141148035;137225
741;5.42789e-15;33;1723;11906;11876;1;283;-2.14748e+09;-4.85408e+07;-1;0;0;0;-1;0;142141329;142149532;141668
741;5.42514e-15;21;1722;11849;11872;1;286;-2.14748e+09;-4.85408e+07;-1;0;0;0;-1;0;142141329;142149532;141668
742;5.42789e-15;28;1723;11906;11876;1;283;-2.14748e+09;-4.80597e+07;-1;0;0;0;-1;0;143139127;143147618;146214
742;5.42514e-15;20;1722;11849;11872;1;286;-2.14748e+09;-4.80597e+07;-1;0;0;0;-1;0;143139127;143147618;146214
743;5.42789e-15;28;1723;11906;11876;1;283;-2.14748e+09;-4.75863e+07;-1;0;0;0;-1;0;144133496;144142283;150864
743;5.42514e-15;20;1722;11849;11872;1;286;-2.14748e+09;-4.75863e+07;-1;0;0;0;-1;0;144133496;144142283;150864
744;5.42789e-15;28;1723;11906;11876;1;283;-2.14748e+09;-4.71205e+07;-1;0;0;0;-1;0;145124429;145133519;155618
744;5.42514e-15;15;1722;11849;11872;1;286;-2.14748e+09;-4.71205e+07;-1;0;0;0;-1;0;145124429;145133519;155618
745;5.42789e-15;28;1723;11906;11876;1;283;-2.14748e+09;-4.66622e+07;-1;0;0;0;-1;0;146111917;146121319;160479
745;5.42514e-15;15;1722;11849;11872;1;286;-2.14748e+09;-4.66622e+07;-1;0;0;0;-1;0;146111917;146121319;160479
746;5.42789e-15;27;1723;11906;11876;1;283;-2.14748e+09;-4.62113e+07;-1;0;0;0;-1;0;147095954;147105676;165448
746;5.42514e-15;14;1722;11849;11872;1;286;-2.14748e+09;-4.62113e+07;-1;0;0;0;-1;0;147095954;147105676;165448
747;5.42789e-15;25;1723;11906;11876;1;283;-2.14748e+09;-4.57674e+07;-1;0;0;0;-1;0;148076534;148086584;170525
747;5.42514e-15;11;1721;11849;11872;1;286;-2.14748e+09;-4.57674e+07;-1;0;0;0;-1;0;148076534;148086584;170525
748;5.42789e-15;25;1723;11906;11876;1;283;-2.14748e+09;-4.53305e+07;-1;0;0;0;-1;0;149053653;149064038;175712
748;5.42514e-15;11;1721;11849;11872;1;286;-2.14748e+09;-4.53305e+07;-1;0;0;0;-1;0;149053653;149064038;175712
749;5.42789e-15;25;1723;11906;11876;1;283;-2.14748e+09;-4.49004e+07;-1;0;0;0;-1;0;150027304;150038034;181010
749;5.42514e-15;11;1721;11849;11872;1;286;-2.14748e+09;-4.49004e+07;-1;0;0;0;-1;0;150027304;150038034;181010
750;5.42789e-15;24;1723;11906;11876;1;283;-2.14748e+09;-4.44771e+07;-1;0;0;0;-1;0;150997485;151008568;186421
750;5.42514e-15;10;1721;11849;11872;1;286;-2.14748e+09;-4.44771e+07;-1;0;0;0;-1;0;150997485;151008568;186421
751;5.42789e-15;24;1723;11906;11876;1;283;-2.14748e+09;-4.40603e+07;-1;0;0;0;-1;0;151964192;151975638;191945
751;5.42514e-15;10;1721;11849;11872;1;286;-2.14748e+09;-4.40603e+07;-1;0;0;0;-1;0;151964192;151975638;191945
752;5.42789e-15;24;1723;11906;11876;1;283;-2.14748e+09;-4.36499e+07;-1;0;0;0;-1;0;152927424;152939241;197584
752;5.42514e-15;9;1721;11849;11872;1;286;-2.14748e+09;-4.36499e+07;-1;0;0;0;-1;0;152927424;152939241;197584
753;5.42789e-15;24;1723;11906;11876;1;283;-2.14748e+09;-4.32458e+07;-1;0;0;0;-1;0;153887177;153899375;203339
753;5.42514e-15;8;1721;11849;11872;1;286;-2.14748e+09;-4.32458e+07;-1;0;0;0;-1;0;153887177;153899375;203339
754;5.42789e-15;20;1723;11906;11876;1;283;-2.14748e+09;-4.2848e+07;-1;0;0;0;-1;0;154843452;154856039;209211
754;5.42514e-15;7;1721;11849;11872;1;286;-2.14748e+09;-4.2848e+07;-1;0;0;0;-1;0;154843452;154856039;209211
755;5.42789e-15;20;1723;11906;11876;1;283;-2.14748e+09;-4.2456e+07;-1;0;0;0;-1;0;155796247;155809233;215201
755;5.42514e-15;5;1721;11849;11872;1;286;-2.14748e+09;-4.2456e+07;-1;0;0;0;-1;0;155796247;155809233;215201
756;5.42789e-15;20;1723;11906;11876;1;283;-2.14748e+09;-4.207e+07;-1;0;0;0;-1;0;156745562;156758957;221310
756;5.42514e-15;4;1721;11849;11872;1;286;-2.14748e+09;-4.207e+07;-1;0;0;0;-1;0;156745562;156758957;221310
757;5.42789e-15;20;1723;11906;11876;1;283;-2.14748e+09;-4.16897e+07;-1;0;0;0;-1;0;157691398;157705212;227539
757;5.42514e-15;4;1721;11849;11872;1;286;-2.14748e+09;-4.16897e+07;-1;0;0;0;-1;0;157691398;157705212;227539
758;5.42789e-15;20;1723;11906;11876;1;283;-2.14748e+09;-4.13152e+07;-1;0;0;0;-1;0;158633756;158647998;233890
758;5.42514e-15;4;1721;11849;11872;1;286;-2.14748e+09;-4.13152e+07;-1;0;0;0;-1;0;158633756;158647998;233890
759;5.42789e-15;20;1723;11906;11876;1;283;-2.14748e+09;-4.09462e+07;-1;0;0;0;-1;0;159572638;159587318;240364
759;5.42514e-15;2;1721;11849;11872;1;286;-2.14748e+09;-4.09462e+07;-1;0;0;0;-1;0;159572638;159587318;240364
760;5.42789e-15;20;1723;11906;11876;1;283;-2.14748e+09;-4.05826e+07;-1;0;0;0;-1;0;160508045;160523173;246961
760;5.42514e-15;0;1721;11849;11872;1;286;-2.14748e+09;-4.05826e+07;-1;0;0;0;-1;0;160508045;160523173;246961
761;5.42789e-15;17;1723;11906;11876;1;283;-2.14748e+09;-4.02244e+07;-1;0;0;0;-1;0;161439981;161455567;253684
761;5.42514e-15;-1;1721;11849;11872;1;286;-2.14748e+09;-4.02244e+07;0;0;0;0;0;0;161439981;161455567;253684
762;5.42789e-15;17;1723;11906;11876;1;283;-2.14748e+09;-3.98714e+07;-1;0;0;0;-1;0;162368447;162384503;260532
762;5.42514e-15;-2;1721;11849;11872;1;286;-2.14748e+09;-3.98714e+07;0;0;0;0;0;0;162368447;162384503;260532
763;5.42789e-15;17;1723;11906;11876;1;283;-2.14748e+09;-3.95235e+07;-1;0;0;0;-1;0;163293449;163309984;267506
763;5.42514e-15;-2;1721;11849;11872;1;286;-2.14748e+09;-3.95235e+07;-1;0;0;0;-1;0;163293449;163309984;267506
764;5.42789e-15;16;1723;11906;11876;1;283;-2.14748e+09;-3.91808e+07;-1;0;0;0;-1;0;164214989;164232014;274609
764;5.42514e-15;-2;1721;11849;11872;1;286;-2.14748e+09;-3.91808e+07;-1;0;0;0;-1;0;164214989;164232014;274609
765;5.42789e-15;15;1723;11906;11876;1;283;-2.14748e+09;-3.88428e+07;-1;0;0;0;-1;0;165133072;165150598;281841
765;5.42514e-15;-2;1721;11849;11872;1;286;-2.14748e+09;-3.88428e+07;-1;0;0;0;-1;0;165133072;165150598;281841
766;5.42789e-15;15;1723;11906;11876;1;283;-2.14748e+09;-3.85097e+07;-1;0;0;0;-1;0;166047702;166065741;289202
766;5.42514e-15;-2;1721;11849;11872;1;286;-2.14748e+09;-3.85097e+07;-1;0;0;0;-1;0;166047702;166065741;289202
767;5.42789e-15;15;1723;11906;11876;1;283;-2.14748e+09;-3.81813e+07;-1;0;0;0;-1;0;166958886;166977448;296695
767;5.42514e-15;-3;1721;11849;11872;1;286;-2.14748e+09;-3.81813e+07;0;0;0;0;0;0;166958886;166977448;296695
768;5.42789e-15;12;1723;11906;11876;1;283;-2.14748e+09;-3.78576e+07;-1;0;0;0;-1;0;167866628;167885724;304320
768;5.42514e-15;-4;1721;11849;11872;1;286;-2.14748e+09;-3.78576e+07;0;0;0;0;0;0;167866628;167885724;304320
769;5.42789e-15;11;1723;11906;11876;1;283;-2.14748e+09;-3.75384e+07;-1;0;0;0;-1;0;168770934;168790577;312077
769;5.42514e-15;-5;1721;11849;11872;1;286;-2.14748e+09;-3.75384e+07;0;0;0;0;0;0;168770934;168790577;312077
770;5.42789e-15;11;1723;11906;11876;1;283;-2.14748e+09;-3.72237e+07;-1;0;0;0;-1;0;169671811;169692012;319969
770;5.42514e-15;-5;1721;11849;11872;1;286;-2.14748e+09;-3.72237e+07;-1;0;0;0;-1;0;169671811;169692012;319969
771;5.42789e-15;9;1723;11906;11876;1;283;-2.14748e+09;-3.69134e+07;-1;0;0;0;-1;0;170569266;170590035;327995
771;5.42514e-15;-6;1721;11849;11872;1;286;-2.14748e+09;-3.69134e+07;0;0;0;0;0;0;170569266;170590035;327995
772;5.42789e-15;7;1723;11906;11876;1;283;-2.14748e+09;-3.66073e+07;-1;0;0;0;-1;0;171463304;171484655;336157
772;5.42514e-15;-6;1721;11849;11872;1;286;-2.14748e+09;-3.66073e+07;-1;0;0;0;-1;0;171463304;171484655;336157
773;5.42789e-15;6;1723;11906;11876;1;283;-2.14748e+09;-3.63055e+07;-1;0;0;0;-1;0;172353933;172375878;344456
773;5.42514e-15;-6;1721;11849;11872;1;286;-2.14748e+09;-3.63055e+07;-1;0;0;0;-1;0;172353933;172375878;344456
774;5.42789e-15;6;1723;11906;11876;1;283;-2.14748e+09;-3.60078e+07;-1;0;0;0;-1;0;173241162;173263712;352892
774;5.42514e-15;-7;1721;11849;11872;1;286;-2.14748e+09;-3.60078e+07;0;0;0;0;0;0;173241162;173263712;352892
775;5.42789e-15;6;1723;11906;11876;1;283;-2.14748e+09;-3.57142e+07;-1;0;0;0;-1;0;174124997;174148165;361467
775;5.42514e-15;-8;1721;11849;11872;1;286;-2.14748e+09;-3.57142e+07;0;0;0;0;0;0;174124997;174148165;361467
776;5.42789e-15;4;1723;11906;11876;1;283;-2.14748e+09;-3.54246e+07;-1;0;0;0;-1;0;175005447;175029246;370182
776;5.42514e-15;-8;1721;11849;11872;1;286;-2.14748e+09;-3.54246e+07;-1;0;0;0;-1;0;175005447;175029246;370182
777;5.42789e-15;4;1723;11906;11876;1;283;-2.14748e+09;-3.51389e+07;-1;0;0;0;-1;0;175882520;175906962;379036
777;5.42514e-15;-9;1721;11849;11872;1;286;-2.14748e+09;-3.51389e+07;0;0;0;0;0;0;175882520;175906962;379036
778;5.42789e-15;4;1723;11906;11876;1;283;-2.14748e+09;-3.4857e+07;-1;0;0;0;-1;0;176756225;176781323;388032
778;5.42514e-15;-10;1721;11849;11872;1;286;-2.14748e+09;-3.4857e+07;0;0;0;0;0;0;176756225;176781323;388032
779;5.42789e-15;2;1723;11906;11876;1;283;-2.14748e+09;-3.45788e+07;-1;0;0;0;-1;0;177626570;177652338;397170
779;5.42514e-15;-11;1721;11849;11872;1;286;-2.14748e+09;-3.45788e+07;0;0;0;0;0;0;177626570;177652338;397170
780;5.42789e-15;2;1723;11906;11876;1;283;-2.14748e+09;-3.43044e+07;-1;0;0;0;-1;0;178493566;178520015;406451
780;5.42514e-15;-11;1721;11849;11872;1;286;-2.14748e+09;-3.43044e+07;-1;0;0;0;-1;0;178493566;178520015;406451
781;5.42789e-15;2;1723;11906;11876;1;283;-2.14748e+09;-3.40336e+07;-1;0;0;0;-1;0;179357220;179384365;415876
781;5.42514e-15;-12;1721;11849;11872;1;286;-2.14748e+09;-3.40336e+07;0;0;0;0;0;0;179357220;179384365;415876
782;5.42789e-15;2;1723;11906;11876;1;283;-2.14748e+09;-3.37664e+07;-1;0;0;0;-1;0;180217543;180245398;425445
782;5.42514e-15;-12;1721;11849;11872;1;286;-2.14748e+09;-3.37664e+07;-1;0;0;0;-1;0;180217543;180245398;425445
783;5.42789e-15;2;1723;11906;11876;1;283;-2.14748e+09;-3.35026e+07;-1;0;0;0;-1;0;181074545;181103122;435159
783;5.42514e-15;-12;1721;11849;11872;1;286;-2.14748e+09;-3.35026e+07;-1;0;0;0;-1;0;181074545;181103122;435159
784;5.42789e-15;1;1723;11906;11876;1;283;-2.14748e+09;-3.32423e+07;-1;0;0;0;-1;0;181928235;181957548;445019
784;5.42514e-15;-13;1721;11849;11872;1;286;-2.14748e+09;-3.32423e+07;0;0;0;0;0;0;181928235;181957548;445019
785;5.42789e-15;1;1722;11906;11876;1;283;-2.14748e+09;-3.29854e+07;-1;0;0;0;-1;0;182778623;182808688;455026
785;5.42514e-15;-14;1721;11849;11872;1;286;-2.14748e+09;-3.29854e+07;0;0;0;0;0;0;182778623;182808688;455026
786;5.42789e-15;0;1722;11906;11876;1;283;-2.14748e+09;-3.27317e+07;-1;0;0;0;-1;0;183625721;183656550;465181
786;5.42514e-15;-14;1721;11849;11872;1;286;-2.14748e+09;-3.27317e+07;-1;0;0;0;-1;0;183625721;183656550;465181
787;5.42789e-15;-1;1722;11906;11876;1;283;-2.14748e+09;-3.24814e+07;0;0;0;0;0;0;184469538;184501146;475484
787;5.42514e-15;-15;1721;11849;11872;1;286;-2.14748e+09;-3.24814e+07;0;0;0;0;0;0;184469538;184501146;475484
788;5.42789e-15;-1;1722;11906;11876;1;283;-2.14748e+09;-3.22343e+07;-1;0;0;0;-1;0;185310085;185342486;485936
788;5.42514e-15;-16;1721;11849;11872;1;286;-2.14748e+09;-3.22343e+07;0;0;0;0;0;0;185310085;185342486;485936
789;5.42789e-15;-1;1722;11906;11876;1;283;-2.14748e+09;-3.19902e+07;-1;0;0;0;-1;0;186147373;186180582;496537
789;5.42514e-15;-16;1720;11849;11872;1;286;-2.14748e+09;-3.19902e+07;0;0;0;0;0;0;186147373;186180582;496537
790;5.42789e-15;-1;1722;11906;11876;1;283;-2.14748e+09;-3.17492e+07;-1;0;0;0;-1;0;186981414;187015445;507289
790;5.42514e-15;-17;1720;11849;11872;1;286;-2.14748e+09;-3.17492e+07;0;0;0;0;0;0;186981414;187015445;507289
791;5.42789e-15;-2;1722;11906;11876;1;283;-2.14748e+09;-3.15113e+07;0;0;0;0;0;0;187812217;187847086;518192
791;5.42514e-15;-18;1720;11849;11872;1;286;-2.14748e+09;-3.15113e+07;0;0;0;0;0;0;187812217;187847086;518192
792;5.42789e-15;-2;1722;11906;11876;1;283;-2.14748e+09;-3.12764e+07;-1;0;0;0;-1;0;188639795;188675517;529247
792;5.42514e-15;-18;1720;11849;11872;1;286;-2.14748e+09;-3.12764e+07;-1;0;0;0;-1;0;188639795;188675517;529247
793;5.42789e-15;-3;1722;11906;11876;1;283;-2.14748e+09;-3.10444e+07;0;0;0;0;0;0;189464159;189500748;540455
793;5.42514e-15;-18;1720;11849;11872;1;286;-2.14748e+09;-3.10444e+07;-1;0;0;0;-1;0;189464159;189500748;540455
794;5.42789e-15;-3;1722;11906;11876;1;283;-2.14748e+09;-3.08154e+07;-1;0;0;0;-1;0;190285320;190322793;551815
794;5.42514e-15;-18;1720;11849;11872;1;286;-2.14748e+09;-3.08154e+07;-1;0;0;0;-1;0;190285320;190322793;551815
795;5.42789e-15;-4;1722;11906;11876;1;283;-2.14748e+09;-3.0589e+07;0;0;0;0;0;0;191103291;191141662;563329
795;5.42514e-15;-18;1720;11849;11872;1;286;-2.14748e+09;-3.0589e+07;-1;0;0;0;-1;0;191103291;191141662;563329
796;5.42789e-15;-5;1722;11906;11876;1;283;-2.14748e+09;-3.03654e+07;0;0;0;0;0;0;191918082;191957367;574997
796;5.42514e-15;-18;1720;11849;11872;1;286;-2.14748e+09;-3.03654e+07;-1;0;0;0;-1;0;191918082;191957367;574997
797;5.42789e-15;-5;1722;11906;11876;1;283;-2.14748e+09;-3.01447e+07;-1;0;0;0;-1;0;192729706;192769921;586820
797;5.42514e-15;-19;1720;11849;11872;1;286;-2.14748e+09;-3.01447e+07;0;0;0;0;0;0;192729706;192769921;586820
798;5.42789e-15;-6;1722;11906;11876;1;283;-2.14748e+09;-2.99265e+07;0;0;0;0;0;0;193538174;193579336;598799
798;5.42514e-15;-19;1720;11849;11872;1;286;-2.14748e+09;-2.99265e+07;-1;0;0;0;-1;0;193538174;193579336;598799
799;5.42789e-15;-6;1722;11906;11876;1;283;-2.14748e+09;-2.97111e+07;-1;0;0;0;-1;0;194343500;194385624;610933
799;5.42514e-15;-19;1720;11849;11872;1;286;-2.14748e+09;-2.97111e+07;-1;0;0;0;-1;0;194343500;194385624;610933
800;5.42789e-15;-6;1722;11906;11876;1;283;-2.14748e+09;-2.94982e+07;-1;0;0;0;-1;0;195145695;195188797;623224
800;5.42514e-15;-19;1720;11849;11872;1;286;-2.14748e+09;-2.94982e+07;-1;0;0;0;-1;0;195145695;195188797;623224
801;5.42789e-15;-7;1722;11906;11876;1;283;-2.14748e+09;-2.92879e+07;0;0;0;0;0;0;195944770;195988868;635672
801;5.42514e-15;-20;1720;11849;11872;1;286;-2.14748e+09;-2.92879e+07;0;0;0;0;0;0;195944770;195988868;635672
802;5.42789e-15;-8;1722;11906;11876;1;283;-2.14748e+09;-2.90801e+07;0;0;0;0;0;0;196740740;196785849;648278
802;5.42514e-15;-20;1720;11849;11872;1;286;-2.14748e+09;-2.90801e+07;-1;0;0;0;-1;0;196740740;196785849;648278
803;5.42789e-15;-9;1722;11906;11876;1;283;-2.14748e+09;-2.88747e+07;0;0;0;0;0;0;197533615;197579753;661042
803;5.42514e-15;-20;1719;11849;11872;1;286;-2.14748e+09;-2.88747e+07;0;0;0;0;0;0;197533615;197579753;661042
804;5.42789e-15;-10;1722;11906;11876;1;283;-2.14748e+09;-2.86718e+07;0;0;0;0;0;0;198323408;198370592;673964
804;5.42514e-15;-20;1719;11849;11872;1;286;-2.14748e+09;-2.86718e+07;-1;0;0;0;-1;0;198323408;198370592;673964
805;5.42789e-15;-11;1722;11906;11876;1;283;-2.14748e+09;-2.84713e+07;0;0;0;0;0;0;199110133;199158379;687046
805;5.42514e-15;-21;1719;11849;11872;1;286;-2.14748e+09;-2.84713e+07;0;0;0;0;0;0;199110133;199158379;687046
806;5.42789e-15;-11;1722;11906;11876;1;283;-2.14748e+09;-2.82731e+07;-1;0;0;0;-1;0;199893801;199943127;700287
806;5.42514e-15;-22;1719;11849;11872;1;286;-2.14748e+09;-2.82731e+07;0;0;0;0;0;0;199893801;199943127;700287
807;5.42789e-15;-12;1722;11906;11876;1;283;-2.14748e+09;-2.80773e+07;0;0;0;0;0;0;200674426;200724848;713688
807;5.42514e-15;-22;1719;11849;11872;1;286;-2.14748e+09;-2.80773e+07;-1;0;0;0;-1;0;200674426;200724848;713688
808;5.42789e-15;-12;1722;11906;11876;1;283;-2.14748e+09;-2.78837e+07;-1;0;0;0;-1;0;201452019;201503556;727249
808;5.42514e-15;-23;1719;11849;11872;1;286;-2.14748e+09;-2.78837e+07;0;0;0;0;0;0;201452019;201503556;727249
809;5.42789e-15;-12;1722;11906;11876;1;283;-2.14748e+09;-2.76923e+07;-1;0;0;0;-1;0;202226593;202279263;740971
809;5.42514e-15;-23;1719;11849;11872;1;286;-2.14748e+09;-2.76923e+07;-1;0;0;0;-1;0;202226593;202279263;740971
810;5.42789e-15;-12;1722;11906;11876;1;283;-2.14748e+09;-2.75033e+07;-1;0;0;0;-1;0;202998163;203051983;754854
810;5.42514e-15;-23;1719;11849;11872;1;286;-2.14748e+09;-2.75033e+07;-1;0;0;0;-1;0;202998163;203051983;754854
811;5.42789e-15;-13;1722;11906;11876;1;283;-2.14748e+09;-2.73162e+07;0;0;0;0;0;0;203766739;203821727;768899
811;5.42514e-15;-23;1719;11849;11872;1;286;-2.14748e+09;-2.73162e+07;-1;0;0;0;-1;0;203766739;203821727;768899
812;5.42789e-15;-14;1722;11906;11876;1;283;-2.14748e+09;-2.71313e+07;0;0;0;0;0;0;204532335;204588510;783106
812;5.42514e-15;-23;1719;11849;11872;1;286;-2.14748e+09;-2.71313e+07;-1;0;0;0;-1;0;204532335;204588510;783106
813;5.42789e-15;-15;1722;11906;11876;1;283;-2.14748e+09;-2.69486e+07;0;0;0;0;0;0;205294965;205352345;797476
813;5.42514e-15;-24;1719;11849;11872;1;286;-2.14748e+09;-2.69486e+07;0;0;0;0;0;0;205294965;205352345;797476
814;5.42789e-15;-16;1722;11906;11876;1;283;-2.14748e+09;-2.67678e+07;0;0;0;0;0;0;206054640;206113243;812008
814;5.42514e-15;-24;1719;11849;11872;1;286;-2.14748e+09;-2.67678e+07;-1;0;0;0;-1;0;206054640;206113243;812008
815;5.42789e-15;-16;1722;11906;11876;1;283;-2.14748e+09;-2.65892e+07;-1;0;0;0;-1;0;206811374;206871219;826703
815;5.42514e-15;-25;1719;11849;11872;1;286;-2.14748e+09;-2.65892e+07;0;0;0;0;0;0;206811374;206871219;826703
816;5.42789e-15;-17;1722;11906;11876;1;283;-2.14748e+09;-2.64126e+07;0;0;0;0;0;0;207565180;207626286;841561
816;5.42514e-15;-26;1719;11849;11872;1;286;-2.14748e+09;-2.64126e+07;0;0;0;0;0;0;207565180;207626286;841561
817;5.42789e-15;-18;1722;11906;11876;1;283;-2.14748e+09;-2.62378e+07;0;0;0;0;0;0;208316071;208378456;856583
817;5.42514e-15;-27;1719;11849;11872;1;286;-2.14748e+09;-2.62378e+07;0;0;0;0;0;0;208316071;208378456;856583
818;5.42789e-15;-19;1722;11906;11876;1;283;-2.14748e+09;-2.6065e+07;0;0;0;0;0;0;209064059;209127744;871769
818;5.42514e-15;-27;1719;11849;11872;1;286;-2.14748e+09;-2.6065e+07;-1;0;0;0;-1;0;209064059;209127744;871769
819;5.42789e-15;-19;1722;11906;11876;1;283;-2.14748e+09;-2.58941e+07;-1;0;0;0;-1;0;209809158;209874161;887120
819;5.42514e-15;-28;1719;11849;11872;1;286;-2.14748e+09;-2.58941e+07;0;0;0;0;0;0;209809158;209874161;887120
820;5.42789e-15;-19;1722;11906;11876;1;283;-2.14748e+09;-2.57251e+07;-1;0;0;0;-1;0;210551381;210617721;902634
820;5.42514e-15;-29;1719;11849;11872;1;286;-2.14748e+09;-2.57251e+07;0;0;0;0;0;0;210551381;210617721;902634
821;5.42789e-15;-20;1722;11906;11876;1;283;-2.14748e+09;-2.5558e+07;0;0;0;0;0;0;211290741;211358438;918314
821;5.42514e-15;-29;1719;11849;11872;1;286;-2.14748e+09;-2.5558e+07;-1;0;0;0;-1;0;211290741;211358438;918314
822;5.42789e-15;-21;1722;11906;11876;1;283;-2.14748e+09;-2.53927e+07;0;0;0;0;0;0;212027250;212096324;934158
822;5.42514e-15;-30;1719;11849;11872;1;286;-2.14748e+09;-2.53927e+07;0;0;0;0;0;0;212027250;212096324;934158
823;5.42789e-15;-22;1722;11906;11876;1;283;-2.14748e+09;-2.52292e+07;0;0;0;0;0;0;212760922;212831393;950168
823;5.42514e-15;-31;1719;11849;11872;1;286;-2.14748e+09;-2.52292e+07;0;0;0;0;0;0;212760922;212831393;950168
824;5.42789e-15;-23;1722;11906;11876;1;283;-2.14748e+09;-2.50674e+07;0;0;0;0;0;0;213491770;213563658;966343
824;5.42514e-15;-31;1719;11849;11872;1;286;-2.14748e+09;-2.50674e+07;-1;0;0;0;-1;0;213491770;213563658;966343
825;5.42789e-15;-24;1722;11906;11876;1;283;-2.14748e+09;-2.49074e+07;0;0;0;0;0;0;214219807;214293132;982684
825;5.42514e-15;-32;1719;11849;11872;1;286;-2.14748e+09;-2.49074e+07;0;0;0;0;0;0;214219807;214293132;982684
826;5.42789e-15;-24;1722;11906;11876;1;283;-2.14748e+09;-2.47491e+07;-1;0;0;0;-1;0;214945046;215019828;999191
826;5.42514e-15;-33;1719;11849;11872;1;286;-2.14748e+09;-2.47491e+07;0;0;0;0;0;0;214945046;215019828;999191
827;5.42789e-15;-24;1722;11906;11876;1;283;-2.14748e+09;-2.45924e+07;-1;0;0;0;-1;0;215667500;215743759;1015864
827;5.42514e-15;-34;1719;11849;11872;1;286;-2.14748e+09;-2.45924e+07;0;0;0;0;0;0;215667500;215743759;1015864
828;5.42789e-15;-24;1722;11906;11876;1;283;-2.14748e+09;-2.44375e+07;-1;0;0;0;-1;0;216387181;216464939;1032703
828;5.42514e-15;-35;1719;11849;11872;1;286;-2.14748e+09;-2.44375e+07;0;0;0;0;0;0;216387181;216464939;1032703
829;5.42789e-15;-25;1722;11906;11876;1;283;-2.14748e+09;-2.42841e+07;0;0;0;0;0;0;217104103;217183380;1049708
829;5.42514e-15;-35;1719;11849;11872;1;286;-2.14748e+09;-2.42841e+07;-1;0;0;0;-1;0;217104103;217183380;1049708
830;5.42789e-15;-26;1722;11906;11876;1;283;-2.14748e+09;-2.41324e+07;0;0;0;0;0;0;217818279;217899096;1066879
830;5.42514e-15;-35;1719;11849;11872;1;286;-2.14748e+09;-2.41324e+07;-1;0;0;0;-1;0;217818279;217899096;1066879
831;5.42789e-15;-26;1722;11906;11876;1;283;-2.14748e+09;-2.39823e+07;-1;0;0;0;-1;0;218529722;218612100;1084217
831;5.42514e-15;-36;1719;11849;11872;1;286;-2.14748e+09;-2.39823e+07;0;0;0;0;0;0;218529722;218612100;1084217
832;5.42789e-15;-26;1722;11906;11876;1;283;-2.14748e+09;-2.38337e+07;-1;0;0;0;-1;0;219238444;219322404;1101722
832;5.42514e-15;-36;1719;11849;11872;1;286;-2.14748e+09;-2.38337e+07;-1;0;0;0;-1;0;219238444;219322404;1101722
833;5.42789e-15;-26;1722;11906;11876;1;283;-2.14748e+09;-2.36867e+07;-1;0;0;0;-1;0;219944459;220030023;1119394
833;5.42514e-15;-36;1719;11849;11872;1;286;-2.14748e+09;-2.36867e+07;-1;0;0;0;-1;0;219944459;220030023;1119394
834;5.42789e-15;-26;1722;11906;11876;1;283;-2.14748e+09;-2.35412e+07;-1;0;0;0;-1;0;220647779;220734968;1137232
834;5.42514e-15;-36;1719;11849;11872;1;286;-2.14748e+09;-2.35412e+07;-1;0;0;0;-1;0;220647779;220734968;1137232
835;5.42789e-15;-26;1722;11906;11876;1;283;-2.14748e+09;-2.33972e+07;-1;0;0;0;-1;0;221348418;221437254;1155238
835;5.42514e-15;-36;1719;11849;11872;1;286;-2.14748e+09;-2.33972e+07;-1;0;0;0;-1;0;221348418;221437254;1155238
836;5.42789e-15;-27;1722;11906;11876;1;283;-2.14748e+09;-2.32547e+07;0;0;0;0;0;0;222046388;222136892;1173410
836;5.42514e-15;-37;1719;11849;11872;1;286;-2.14748e+09;-2.32547e+07;0;0;0;0;0;0;222046388;222136892;1173410
837;5.42789e-15;-28;1722;11906;11876;1;283;-2.14748e+09;-2.31136e+07;0;0;0;0;0;0;222741701;222833896;1191750
837;5.42514e-15;-37;1719;11849;11872;1;286;-2.14748e+09;-2.31136e+07;-1;0;0;0;-1;0;222741701;222833896;1191750
838;5.42789e-15;-28;1722;11906;11876;1;283;-2.14748e+09;-2.2974e+07;-1;0;0;0;-1;0;223434371;223528279;1210256
838;5.42514e-15;-37;1719;11849;11872;1;286;-2.14748e+09;-2.2974e+07;-1;0;0;0;-1;0;223434371;223528279;1210256
839;5.42789e-15;-29;1722;11906;11876;1;283;-2.14748e+09;-2.28357e+07;0;0;0;0;0;0;224124411;224220053;1228930
839;5.42514e-15;-38;1719;11849;11872;1;286;-2.14748e+09;-2.28357e+07;0;0;0;0;0;0;224124411;224220053;1228930
840;5.42789e-15;-30;1722;11906;11876;1;283;-2.14748e+09;-2.26989e+07;0;0;0;0;0;0;224811832;224909232;1247771
840;5.42514e-15;-39;1719;11849;11872;1;286;-2.14748e+09;-2.26989e+07;0;0;0;0;0;0;224811832;224909232;1247771
841;5.42789e-15;-31;1722;11906;11876;1;283;-2.14748e+09;-2.25634e+07;0;0;0;0;0;0;225496649;225595828;1266779
841;5.42514e-15;-40;1719;11849;11872;1;286;-2.14748e+09;-2.25634e+07;0;0;0;0;0;0;225496649;225595828;1266779
842;5.42789e-15;-32;1722;11906;11876;1;283;-2.14748e+09;-2.24293e+07;0;0;0;0;0;0;226178873;226279854;1285954
842;5.42514e-15;-40;1719;11849;11872;1;286;-2.14748e+09;-2.24293e+07;-1;0;0;0;-1;0;226178873;226279854;1285954
843;5.42789e-15;-33;1722;11906;11876;1;283;-2.14748e+09;-2.22966e+07;0;0;0;0;0;0;226858517;226961324;1305296
843;5.42514e-15;-40;1719;11849;11872;1;286;-2.14748e+09;-2.22966e+07;-1;0;0;0;-1;0;226858517;226961324;1305296
844;5.42789e-15;-33;1722;11906;11876;1;283;-2.14748e+09;-2.21651e+07;-1;0;0;0;-1;0;227535593;227640248;1324805
844;5.42514e-15;-40;1719;11849;11872;1;286;-2.14748e+09;-2.21651e+07;-1;0;0;0;-1;0;227535593;227640248;1324805
845;5.42789e-15;-34;1722;11906;11876;1;283;-2.14748e+09;-2.20349e+07;0;0;0;0;0;0;228210115;228316641;1344482
845;5.42514e-15;-40;1719;11849;11872;1;286;-2.14748e+09;-2.20349e+07;-1;0;0;0;-1;0;228210115;228316641;1344482
846;5.42789e-15;-35;1722;11906;11876;1;283;-2.14748e+09;-2.19061e+07;0;0;0;0;0;0;228882094;228990515;1364325
846;5.42514e-15;-41;1719;11849;11872;1;286;-2.14748e+09;-2.19061e+07;0;0;0;0;0;0;228882094;228990515;1364325
847;5.42789e-15;-35;1722;11906;11876;1;283;-2.14748e+09;-2.17785e+07;-1;0;0;0;-1;0;229551544;229661882;1384335
847;5.42514e-15;-42;1719;11849;11872;1;286;-2.14748e+09;-2.17785e+07;0;0;0;0;0;0;229551544;229661882;1384335
848;5.42789e-15;-35;1722;11906;11876;1;283;-2.14748e+09;-2.16522e+07;-1;0;0;0;-1;0;230218475;230330755;1404512
848;5.42514e-15;-43;1719;11849;11872;1;286;-2.14748e+09;-2.16522e+07;0;0;0;0;0;0;230218475;230330755;1404512
849;5.42789e-15;-36;1722;11906;11876;1;283;-2.14748e+09;-2.15269e+07;0;0;0;0;0;0;230882902;230997147;1424856
849;5.42514e-15;-43;1719;11849;11872;1;286;-2.14748e+09;-2.15269e+07;-1;0;0;0;-1;0;230882902;230997147;1424856
850;5.42789e-15;-37;1722;11906;11876;1;283;-2.14748e+09;-2.1403e+07;0;0;0;0;0;0;231544836;231661069;1445366
850;5.42514e-15;-43;1719;11849;11872;1;286;-2.14748e+09;-2.1403e+07;-1;0;0;0;-1;0;231544836;231661069;1445366
851;5.42789e-15;-37;1722;11906;11876;1;283;-2.14748e+09;-2.12802e+07;-1;0;0;0;-1;0;232204289;232322535;1466043
851;5.42514e-15;-43;1719;11849;11872;1;286;-2.14748e+09;-2.12802e+07;-1;0;0;0;-1;0;232204289;232322535;1466043
852;5.42789e-15;-37;1722;11906;11876;1;283;-2.14748e+09;-2.11588e+07;-1;0;0;0;-1;0;232861274;232981557;1486886
852;5.42514e-15;-44;1719;11849;11872;1;286;-2.14748e+09;-2.11588e+07;0;0;0;0;0;0;232861274;232981557;1486886
853;5.42789e-15;-38;1722;11906;11876;1;283;-2.14748e+09;-2.10383e+07;0;0;0;0;0;0;233515803;233638146;1507896
853;5.42514e-15;-44;1719;11849;11872;1;286;-2.14748e+09;-2.10383e+07;-1;0;0;0;-1;0;233515803;233638146;1507896
854;5.42789e-15;-38;1722;11906;11876;1;283;-2.14748e+09;-2.09191e+07;-1;0;0;0;-1;0;234167888;234292317;1529072
854;5.42514e-15;-44;1719;11849;11872;1;286;-2.14748e+09;-2.09191e+07;-1;0;0;0;-1;0;234167888;234292317;1529072
855;5.42789e-15;-39;1722;11906;11876;1;283;-2.14748e+09;-2.08009e+07;0;0;0;0;0;0;234817541;234944079;1550414
855;5.42514e-15;-45;1719;11849;11872;1;286;-2.14748e+09;-2.08009e+07;0;0;0;0;0;0;234817541;234944079;1550414
856;5.42789e-15;-39;1722;11906;11876;1;283;-2.14748e+09;-2.06839e+07;-1;0;0;0;-1;0;235464775;235593447;1571921
856;5.42514e-15;-45;1719;11849;11872;1;286;-2.14748e+09;-2.06839e+07;-1;0;0;0;-1;0;235464775;235593447;1571921
857;5.42789e-15;-39;1722;11906;11876;1;283;-2.14748e+09;-2.05679e+07;-1;0;0;0;-1;0;236109600;236240431;1593595
857;5.42514e-15;-46;1719;11849;11872;1;286;-2.14748e+09;-2.05679e+07;0;0;0;0;0;0;236109600;236240431;1593595
858;5.42789e-15;-39;1722;11906;11876;1;283;-2.14748e+09;-2.04531e+07;-1;0;0;0;-1;0;236752030;236885044;1615433
858;5.42514e-15;-47;1719;11849;11872;1;286;-2.14748e+09;-2.04531e+07;0;0;0;0;0;0;236752030;236885044;1615433
859;5.42789e-15;-39;1722;11906;11876;1;283;-2.14748e+09;-2.03394e+07;-1;0;0;0;-1;0;237392075;237527299;1637437
859;5.42514e-15;-47;1719;11849;11872;1;286;-2.14748e+09;-2.03394e+07;-1;0;0;0;-1;0;237392075;237527299;1637437
860;5.42789e-15;-39;1722;11906;11876;1;283;-2.14748e+09;-2.02268e+07;-1;0;0;0;-1;0;238029749;238167206;1659607
860;5.42514e-15;-47;1719;11849;11872;1;286;-2.14748e+09;-2.02268e+07;-1;0;0;0;-1;0;238029749;238167206;1659607
861;5.42789e-15;-40;1722;11906;11876;1;283;-2.14748e+09;-2.0115e+07;0;0;0;0;0;0;238665062;238804778;1681941
861;5.42514e-15;-47;1719;11849;11872;1;286;-2.14748e+09;-2.0115e+07;-1;0;0;0;-1;0;238665062;238804778;1681941
862;5.42789e-15;-41;1722;11906;11876;1;283;-2.14748e+09;-2.00044e+07;0;0;0;0;0;0;239298027;239440027;1704440
862;5.42514e-15;-48;1719;11849;11872;1;286;-2.14748e+09;-2.00044e+07;0;0;0;0;0;0;239298027;239440027;1704440
863;5.42789e-15;-42;1722;11906;11876;1;283;-2.14748e+09;-1.98948e+07;0;0;0;0;0;0;239928655;240072965;1727103
863;5.42514e-15;-49;1719;11849;11872;1;286;-2.14748e+09;-1.98948e+07;0;0;0;0;0;0;239928655;240072965;1727103
864;5.42789e-15;-43;1722;11906;11876;1;283;-2.14748e+09;-1.97862e+07;0;0;0;0;0;0;240556958;240703603;1749930
864;5.42514e-15;-49;1719;11849;11872;1;286;-2.14748e+09;-1.97862e+07;-1;0;0;0;-1;0;240556958;240703603;1749930
865;5.42789e-15;-43;1722;11906;11876;1;283;-2.14748e+09;-1.96787e+07;-1;0;0;0;-1;0;241182947;241331953;1772922
865;5.42514e-15;-49;1719;11849;11872;1;286;-2.14748e+09;-1.96787e+07;-1;0;0;0;-1;0;241182947;241331953;1772922
866;5.42789e-15;-44;1722;11906;11876;1;283;-2.14748e+09;-1.95719e+07;0;0;0;0;0;0;241806634;241958027;1796077
866;5.42514e-15;-49;1719;11849;11872;1;286;-2.14748e+09;-1.95719e+07;-1;0;0;0;-1;0;241806634;241958027;1796077
867;5.42789e-15;-44;1722;11906;11876;1;283;-2.14748e+09;-1.94663e+07;-1;0;0;0;-1;0;242428031;242581837;1819396
867;5.42514e-15;-49;1719;11849;11872;1;286;-2.14748e+09;-1.94663e+07;-1;0;0;0;-1;0;242428031;242581837;1819396
868;5.42789e-15;-45;1722;11906;11876;1;283;-2.14748e+09;-1.93615e+07;0;0;0;0;0;0;243047148;243203394;1842878
868;5.42514e-15;-49;1719;11849;11872;1;286;-2.14748e+09;-1.93615e+07;-1;0;0;0;-1;0;243047148;243203394;1842878
869;5.42789e-15;-46;1722;11906;11876;1;283;-2.14748e+09;-1.92578e+07;0;0;0;0;0;0;243663998;243822709;1866523
869;5.42514e-15;-49;1719;11849;11872;1;286;-2.14748e+09;-1.92578e+07;-1;0;0;0;-1;0;243663998;243822709;1866523
870;5.42789e-15;-46;1722;11906;11876;1;283;-2.14748e+09;-1.91549e+07;-1;0;0;0;-1;0;244278591;244439794;1890330
870;5.42514e-15;-50;1719;11849;11872;1;286;-2.14748e+09;-1.91549e+07;0;0;0;0;0;0;244278591;244439794;1890330
871;5.42789e-15;-47;1722;11906;11876;1;283;-2.14748e+09;-1.9053e+07;0;0;0;0;0;0;244890940;245054660;1914300
871;5.42514e-15;-50;1719;11849;11872;1;286;-2.14748e+09;-1.9053e+07;-1;0;0;0;-1;0;244890940;245054660;1914300
872;5.42789e-15;-47;1722;11906;11876;1;283;-2.14748e+09;-1.89519e+07;-1;0;0;0;-1;0;245501054;245667319;1938432
872;5.42514e-15;-50;1719;11849;11872;1;286;-2.14748e+09;-1.89519e+07;-1;0;0;0;-1;0;245501054;245667319;1938432
873;5.42789e-15;-48;1722;11906;11876;1;283;-2.14748e+09;-1.88518e+07;0;0;0;0;0;0;246108946;246277782;1962725
873;5.42514e-15;-50;1719;11849;11872;1;286;-2.14748e+09;-1.88518e+07;-1;0;0;0;-1;0;246108946;246277782;1962725
874;5.42789e-15;-49;1722;11906;11876;1;283;-2.14748e+09;-1.87526e+07;0;0;0;0;0;0;246714626;246886061;1987180
874;5.42514e-15;-50;1719;11849;11872;1;286;-2.14748e+09;-1.87526e+07;-1;0;0;0;-1;0;246714626;246886061;1987180
875;5.42789e-15;-50;1722;11906;11876;1;283;-2.14748e+09;-1.86542e+07;0;0;0;0;0;0;247318106;247492166;2011796
875;5.42514e-15;-51;1719;11849;11872;1;286;-2.14748e+09;-1.86542e+07;0;0;0;0;0;0;247318106;247492166;2011796
876;5.42789e-15;-50;1722;11906;11876;1;283;-2.14748e+09;-1.85566e+07;-1;0;0;0;-1;0;247919396;248096108;2036573
876;5.42514e-15;-51;1719;11849;11872;1;286;-2.14748e+09;-1.85566e+07;-1;0;0;0;-1;0;247919396;248096108;2036573
877;5.42789e-15;-50;1722;11906;11876;1;283;-2.14748e+09;-1.846e+07;-1;0;0;0;-1;0;248518508;248697899;2061510
877;5.42514e-15;-52;1719;11849;11872;1;286;-2.14748e+09;-1.846e+07;0;0;0;0;0;0;248518508;248697899;2061510
878;5.42789e-15;-50;1722;11906;11876;1;283;-2.14748e+09;-1.83641e+07;-1;0;0;0;-1;0;249115452;249297549;2086608
878;5.42514e-15;-52;1719;11849;11872;1;286;-2.14748e+09;-1.83641e+07;-1;0;0;0;-1;0;249115452;249297549;2086608
879;5.42789e-15;-51;1722;11906;11876;1;283;-2.14748e+09;-1.82692e+07;0;0;0;0;0;0;249710239;249895070;2111865
879;5.42514e-15;-53;1719;11849;11872;1;286;-2.14748e+09;-1.82692e+07;0;0;0;0;0;0;249710239;249895070;2111865
880;5.42789e-15;-51;1722;11906;11876;1;283;-2.14748e+09;-1.8175e+07;-1;0;0;0;-1;0;250302880;250490473;2137281
880;5.42514e-15;-53;1719;11849;11872;1;286;-2.14748e+09;-1.8175e+07;-1;0;0;0;-1;0;250302880;250490473;2137281
881;5.42789e-15;-52;1722;11906;11876;1;283;-2.14748e+09;-1.80816e+07;0;0;0;0;0;0;250893386;251083768;2162856
881;5.42514e-15;-54;1719;11849;11872;1;286;-2.14748e+09;-1.80816e+07;0;0;0;0;0;0;250893386;251083768;2162856
882;5.42789e-15;-53;1722;11906;11876;1;283;-2.14748e+09;-1.7989e+07;0;0;0;0;0;0;251481767;251674966;2188590
882;5.42514e-15;-54;1719;11849;11872;1;286;-2.14748e+09;-1.7989e+07;-1;0;0;0;-1;0;251481767;251674966;2188590
883;5.42789e-15;-53;1722;11906;11876;1;283;-2.14748e+09;-1.78972e+07;-1;0;0;0;-1;0;252068034;252264077;2214482
883;5.42514e-15;-55;1719;11849;11872;1;286;-2.14748e+09;-1.78972e+07;0;0;0;0;0;0;252068034;252264077;2214482
884;5.42789e-15;-53;1722;11906;11876;1;283;-2.14748e+09;-1.78062e+07;-1;0;0;0;-1;0;252652197;252851113;2240532
884;5.42514e-15;-55;1719;11849;11872;1;286;-2.14748e+09;-1.78062e+07;-1;0;0;0;-1;0;252652197;252851113;2240532
885;5.42789e-15;-53;1722;11906;11876;1;283;-2.14748e+09;-1.7716e+07;-1;0;0;0;-1;0;253234268;253436085;2266739
885;5.42514e-15;-56;1719;11849;11872;1;286;-2.14748e+09;-1.7716e+07;0;0;0;0;0;0;253234268;253436085;2266739
886;5.42789e-15;-53;1722;11906;11876;1;283;-2.14748e+09;-1.76265e+07;-1;0;0;0;-1;0;253814256;254019002;2293103
886;5.42514e-15;-57;1719;11849;11872;1;286;-2.14748e+09;-1.76265e+07;0;0;0;0;0;0;253814256;254019002;2293103
887;5.42789e-15;-54;1722;11906;11876;1;283;-2.14748e+09;-1.75378e+07;0;0;0;0;0;0;254392172;254599875;2319624
887;5.42514e-15;-57;1719;11849;11872;1;286;-2.14748e+09;-1.75378e+07;-1;0;0;0;-1;0;254392172;254599875;2319624
888;5.42789e-15;-55;1722;11906;11876;1;283;-2.14748e+09;-1.74498e+07;0;0;0;0;0;0;254968026;255178714;2346301
888;5.42514e-15;-58;1719;11849;11872;1;286;-2.14748e+09;-1.74498e+07;0;0;0;0;0;0;254968026;255178714;2346301
889;5.42789e-15;-55;1722;11906;11876;1;283;-2.14748e+09;-1.73625e+07;-1;0;0;0;-1;0;255541829;255755531;2373134
889;5.42514e-15;-58;1719;11849;11872;1;286;-2.14748e+09;-1.73625e+07;-1;0;0;0;-1;0;255541829;255755531;2373134
890;5.42789e-15;-55;1722;11906;11876;1;283;-2.14748e+09;-1.7276e+07;-1;0;0;0;-1;0;256113590;256330335;2400122
890;5.42514e-15;-58;1719;11849;11872;1;286;-2.14748e+09;-1.7276e+07;-1;0;0;0;-1;0;256113590;256330335;2400122
891;5.42789e-15;-55;1722;11906;11876;1;283;-2.14748e+09;-1.71903e+07;-1;0;0;0;-1;0;256683320;256903136;2427265
891;5.42514e-15;-58;1719;11849;11872;1;286;-2.14748e+09;-1.71903e+07;-1;0;0;0;-1;0;256683320;256903136;2427265
892;5.42789e-15;-56;1722;11906;11876;1;283;-2.14748e+09;-1.71052e+07;0;0;0;0;0;0;257251030;257473946;2454562
892;5.42514e-15;-58;1719;11849;11872;1;286;-2.14748e+09;-1.71052e+07;-1;0;0;0;-1;0;257251030;257473946;2454562
893;5.42789e-15;-57;1722;11906;11876;1;283;-2.14748e+09;-1.70207e+07;0;0;0;0;0;0;257816728;258042773;2482013
893;5.42514e-15;-58;1719;11849;11872;1;286;-2.14748e+09;-1.70207e+07;-1;0;0;0;-1;0;257816728;258042773;2482013
894;5.42789e-15;-57;1722;11906;11876;1;283;-2.14748e+09;-1.69371e+07;-1;0;0;0;-1;0;258380425;258609628;2509618
894;5.42514e-15;-58;1719;11849;11872;1;286;-2.14748e+09;-1.69371e+07;-1;0;0;0;-1;0;258380425;258609628;2509618
895;5.42789e-15;-57;1722;11906;11876;1;283;-2.14748e+09;-1.68541e+07;-1;0;0;0;-1;0;258942132;259174521;2537376
895;5.42514e-15;-59;1719;11849;11872;1;286;-2.14748e+09;-1.68541e+07;0;0;0;0;0;0;258942132;259174521;2537376
896;5.42789e-15;-57;1722;11906;11876;1;283;-2.14748e+09;-1.67716e+07;-1;0;0;0;-1;0;259501857;259737463;2565286
896;5.42514e-15;-59;1719;11849;11872;1;286;-2.14748e+09;-1.67716e+07;-1;0;0;0;-1;0;259501857;259737463;2565286
897;5.42789e-15;-58;1722;11906;11876;1;283;-2.14748e+09;-1.66899e+07;0;0;0;0;0;0;260059611;260298462;2593349
897;5.42514e-15;-60;1719;11849;11872;1;286;-2.14748e+09;-1.66899e+07;0;0;0;0;0;0;260059611;260298462;2593349
898;5.42789e-15;-59;1722;11906;11876;1;283;-2.14748e+09;-1.66089e+07;0;0;0;0;0;0;260615404;260857530;2621563
898;5.42514e-15;-61;1719;11849;11872;1;286;-2.14748e+09;-1.66089e+07;0;0;0;0;0;0;260615404;260857530;2621563
899;5.42789e-15;-59;1722;11906;11876;1;283;-2.14748e+09;-1.65285e+07;-1;0;0;0;-1;0;261169244;261414675;2649928
899;5.42514e-15;-61;1719;11849;11872;1;286;-2.14748e+09;-1.65285e+07;-1;0;0;0;-1;0;261169244;261414675;2649928
900;5.42789e-15;-59;1722;11906;11876;1;283;-2.14748e+09;-1.64488e+07;-1;0;0;0;-1;0;261721143;261969907;2678444
900;5.42514e-15;-61;1719;11849;11872;1;286;-2.14748e+09;-1.64488e+07;-1;0;0;0;-1;0;261721143;261969907;2678444
901;5.42789e-15;-59;1722;11906;11876;1;283;-2.14748e+09;-1.63697e+07;-1;0;0;0;-1;0;262271109;262523237;2707110
901;5.42514e-15;-61;1719;11849;11872;1;286;-2.14748e+09;-1.63697e+07;-1;0;0;0;-1;0;262271109;262523237;2707110
902;5.42789e-15;-59;1722;11906;11876;1;283;-2.14748e+09;-1.62913e+07;-1;0;0;0;-1;0;262819153;263074673;2735926
902;5.42514e-15;-61;1719;11849;11872;1;286;-2.14748e+09;-1.62913e+07;-1;0;0;0;-1;0;262819153;263074673;2735926
903;5.42789e-15;-60;1722;11906;11876;1;283;-2.14748e+09;-1.62134e+07;0;0;0;0;0;0;263365283;263624226;2764891
903;5.42514e-15;-62;1719;11849;11872;1;286;-2.14748e+09;-1.62134e+07;0;0;0;0;0;0;263365283;263624226;2764891
904;5.42789e-15;-61;1722;11906;11876;1;283;-2.14748e+09;-1.61362e+07;0;0;0;0;0;0;263909509;264171905;2794005
904;5.42514e-15;-63;1719;11849;11872;1;286;-2.14748e+09;-1.61362e+07;0;0;0;0;0;0;263909509;264171905;2794005
905;5.42789e-15;-61;1722;11906;11876;1;283;-2.14748e+09;-1.60596e+07;-1;0;0;0;-1;0;264451840;264717720;2823266
905;5.42514e-15;-64;1719;11849;11872;1;286;-2.14748e+09;-1.60596e+07;0;0;0;0;0;0;264451840;264717720;2823266
906;5.42789e-15;-62;1722;11906;11876;1;283;-2.14748e+09;-1.59836e+07;0;0;0;0;0;0;264992286;265261679;2852676
906;5.42514e-15;-65;1719;11849;11872;1;286;-2.14748e+09;-1.59836e+07;0;0;0;0;0;0;264992286;265261679;2852676
907;5.42789e-15;-62;1722;11906;11876;1;283;-2.14748e+09;-1.59082e+07;-1;0;0;0;-1;0;265530857;265803793;2882232
907;5.42514e-15;-65;1719;11849;11872;1;286;-2.14748e+09;-1.59082e+07;-1;0;0;0;-1;0;265530857;265803793;2882232
908;5.42789e-15;-63;1722;11906;11876;1;283;-2.14748e+09;-1.58334e+07;0;0;0;0;0;0;266067560;266344070;2911936
908;5.42514e-15;-66;1719;11849;11872;1;286;-2.14748e+09;-1.58334e+07;0;0;0;0;0;0;266067560;266344070;2911936
909;5.42789e-15;-64;1722;11906;11876;1;283;-2.14748e+09;-1.57593e+07;0;0;0;0;0;0;266602406;266882520;2941785
909;5.42514e-15;-66;1719;11849;11872;1;286;-2.14748e+09;-1.57593e+07;-1;0;0;0;-1;0;266602406;266882520;2941785
910;5.42789e-15;-64;1722;11906;11876;1;283;-2.14748e+09;-1.56855e+07;-1;0;0;0;-1;0;267135404;267419152;2971779
910;5.42514e-15;-66;1719;11849;11872;1;286;-2.14748e+09;-1.56855e+07;-1;0;0;0;-1;0;267135404;267419152;2971779
911;5.42789e-15;-64;1722;11906;11876;1;283;-2.14748e+09;-1.56124e+07;-1;0;0;0;-1;0;267666563;267953975;3001919
911;5.42514e-15;-66;1719;11849;11872;1;286;-2.14748e+09;-1.56124e+07;-1;0;0;0;-1;0;267666563;267953975;3001919
912;5.42789e-15;-64;1722;11906;11876;1;283;-2.14748e+09;-1.554e+07;-1;0;0;0;-1;0;268195891;268486999;3032203
912;5.42514e-15;-67;1719;11849;11872;1;286;-2.14748e+09;-1.554e+07;0;0;0;0;0;0;268195891;268486999;3032203
913;5.42789e-15;-64;1722;11906;11876;1;283;-2.14748e+09;-1.54679e+07;-1;0;0;0;-1;0;268723398;269018232;3062631
913;5.42514e-15;-68;1719;11849;11872;1;286;-2.14748e+09;-1.54679e+07;0;0;0;0;0;0;268723398;269018232;3062631
914;5.42789e-15;-64;1722;11906;11876;1;283;-2.14748e+09;-1.53965e+07;-1;0;0;0;-1;0;269249092;269547683;3093202
914;5.42514e-15;-68;1719;11849;11872;1;286;-2.14748e+09;-1.53965e+07;-1;0;0;0;-1;0;269249092;269547683;3093202
915;5.42789e-15;-65;1722;11906;11876;1;283;-2.14748e+09;-1.53256e+07;0;0;0;0;0;0;269772983;270075362;3123916
915;5.42514e-15;-68;1719;11849;11872;1;286;-2.14748e+09;-1.53256e+07;-1;0;0;0;-1;0;269772983;270075362;3123916
916;5.42789e-15;-66;1722;11906;11876;1;283;-2.14748e+09;-1.52553e+07;0;0;0;0;0;0;270295079;270601277;3154773
916;5.42514e-15;-69;1719;11849;11872;1;286;-2.14748e+09;-1.52553e+07;0;0;0;0;0;0;270295079;270601277;3154773
917;5.42789e-15;-66;1722;11906;11876;1;283;-2.14748e+09;-1.51855e+07;-1;0;0;0;-1;0;270815390;271125437;3185771
917;5.42514e-15;-70;1719;11849;11872;1;286;-2.14748e+09;-1.51855e+07;0;0;0;0;0;0;270815390;271125437;3185771
918;5.42789e-15;-67;1722;11906;11876;1;283;-2.14748e+09;-1.51163e+07;0;0;0;0;0;0;271333923;271647851;3216910
918;5.42514e-15;-71;1719;11849;11872;1;286;-2.14748e+09;-1.51163e+07;0;0;0;0;0;0;271333923;271647851;3216910
919;5.42789e-15;-68;1722;11906;11876;1;283;-2.14748e+09;-1.50475e+07;0;0;0;0;0;0;271850687;272168527;3248189
919;5.42514e-15;-71;1719;11849;11872;1;286;-2.14748e+09;-1.50475e+07;-1;0;0;0;-1;0;271850687;272168527;3248189
920;5.42789e-15;-68;1722;11906;11876;1;283;-2.14748e+09;-1.49792e+07;-1;0;0;0;-1;0;272365692;272687474;3279608
920;5.42514e-15;-72;1719;11849;11872;1;286;-2.14748e+09;-1.49792e+07;0;0;0;0;0;0;272365692;272687474;3279608
921;5.42789e-15;-68;1722;11906;11876;1;283;-2.14748e+09;-1.49115e+07;-1;0;0;0;-1;0;272878945;273204702;3311167
921;5.42514e-15;-73;1719;11849;11872;1;286;-2.14748e+09;-1.49115e+07;0;0;0;0;0;0;272878945;273204702;3311167
922;5.42789e-15;-69;1722;11906;11876;1;283;-2.14748e+09;-1.48443e+07;0;0;0;0;0;0;273390455;273720218;3342865
922;5.42514e-15;-73;1719;11849;11872;1;286;-2.14748e+09;-1.48443e+07;-1;0;0;0;-1;0;273390455;273720218;3342865
923;5.42789e-15;-70;1722;11906;11876;1;283;-2.14748e+09;-1.47776e+07;0;0;0;0;0;0;273900230;274234031;3374701
923;5.42514e-15;-74;1719;11849;11872;1;286;-2.14748e+09;-1.47776e+07;0;0;0;0;0;0;273900230;274234031;3374701
924;5.42789e-15;-71;1722;11906;11876;1;283;-2.14748e+09;-1.47113e+07;0;0;0;0;0;0;274408280;274746149;3406674
924;5.42514e-15;-74;1719;11849;11872;1;286;-2.14748e+09;-1.47113e+07;-1;0;0;0;-1;0;274408280;274746149;3406674
925;5.42789e-15;-72;1722;11906;11876;1;283;-2.14748e+09;-1.46457e+07;0;0;0;0;0;0;274914612;275256581;3438784
925;5.42514e-15;-75;1719;11849;11872;1;286;-2.14748e+09;-1.46457e+07;0;0;0;0;0;0;274914612;275256581;3438784
926;5.42789e-15;-72;1722;11906;11876;1;283;-2.14748e+09;-1.45803e+07;-1;0;0;0;-1;0;275419234;275765336;3471031
926;5.42514e-15;-76;1719;11849;11872;1;286;-2.14748e+09;-1.45803e+07;0;0;0;0;0;0;275419234;275765336;3471031
927;5.42789e-15;-72;1722;11906;11876;1;283;-2.14748e+09;-1.45156e+07;-1;0;0;0;-1;0;275922155;276272421;3503414
927;5.42514e-15;-76;1719;11849;11872;1;286;-2.14748e+09;-1.45156e+07;-1;0;0;0;-1;0;275922155;276272421;3503414
928;5.42789e-15;-73;1722;11906;11876;1;283;-2.14748e+09;-1.44514e+07;0;0;0;0;0;0;276423384;276777845;3535932
928;5.42514e-15;-77;1719;11849;11872;1;286;-2.14748e+09;-1.44514e+07;0;0;0;0;0;0;276423384;276777845;3535932
929;5.42789e-15;-74;1722;11906;11876;1;283;-2.14748e+09;-1.43874e+07;0;0;0;0;0;0;276922927;277281615;3568584
929;5.42514e-15;-78;1719;11849;11872;1;286;-2.14748e+09;-1.43874e+07;0;0;0;0;0;0;276922927;277281615;3568584
930;5.42789e-15;-74;1722;11906;11876;1;283;-2.14748e+09;-1.43241e+07;-1;0;0;0;-1;0;277420794;277783741;3601371
930;5.42514e-15;-79;1719;11849;11872;1;286;-2.14748e+09;-1.43241e+07;0;0;0;0;0;0;277420794;277783741;3601371
931;5.42789e-15;-74;1722;11906;11876;1;283;-2.14748e+09;-1.42612e+07;-1;0;0;0;-1;0;277916992;278284231;3634291
931;5.42514e-15;-79;1719;11849;11872;1;286;-2.14748e+09;-1.42612e+07;-1;0;0;0;-1;0;277916992;278284231;3634291
932;5.42789e-15;-75;1722;11906;11876;1;283;-2.14748e+09;-1.41987e+07;0;0;0;0;0;0;278411530;278783091;3667344
932;5.42514e-15;-79;1719;11849;11872;1;286;-2.14748e+09;-1.41987e+07;-1;0;0;0;-1;0;278411530;278783091;3667344
933;5.42789e-15;-76;1722;11906;11876;1;283;-2.14748e+09;-1.41367e+07;0;0;0;0;0;0;278904415;279280332;3700529
933;5.42514e-15;-80;1719;11849;11872;1;286;-2.14748e+09;-1.41367e+07;0;0;0;0;0;0;278904415;279280332;3700529
934;5.42789e-15;-76;1722;11906;11876;1;283;-2.14748e+09;-1.40752e+07;-1;0;0;0;-1;0;279395655;279775959;3733845
934;5.42514e-15;-80;1719;11849;11872;1;286;-2.14748e+09;-1.40752e+07;-1;0;0;0;-1;0;279395655;279775959;3733845
935;5.42789e-15;-77;1722;11906;11876;1;283;-2.14748e+09;-1.4014e+07;0;0;0;0;0;0;279885258;280269982;3767293
935;5.42514e-15;-80;1719;11849;11872;1;286;-2.14748e+09;-1.4014e+07;-1;0;0;0;-1;0;279885258;280269982;3767293
936;5.42789e-15;-78;1722;11906;11876;1;283;-2.14748e+09;-1.39534e+07;0;0;0;0;0;0;280373232;280762408;3800871
936;5.42514e-15;-81;1719;11849;11872;1;286;-2.14748e+09;-1.39534e+07;0;0;0;0;0;0;280373232;280762408;3800871
937;5.42789e-15;-79;1722;11906;11876;1;283;-2.14748e+09;-1.38932e+07;0;0;0;0;0;0;280859584;281253245;3834578
937;5.42514e-15;-81;1719;11849;11872;1;286;-2.14748e+09;-1.38932e+07;-1;0;0;0;-1;0;280859584;281253245;3834578
938;5.42789e-15;-79;1722;11906;11876;1;283;-2.14748e+09;-1.38333e+07;-1;0;0;0;-1;0;281344324;281742501;3868415
938;5.42514e-15;-81;1719;11849;11872;1;286;-2.14748e+09;-1.38333e+07;-1;0;0;0;-1;0;281344324;281742501;3868415
939;5.42789e-15;-79;1722;11906;11876;1;283;-2.14748e+09;-1.37739e+07;-1;0;0;0;-1;0;281827457;282230183;3902380
939;5.42514e-15;-82;1719;11849;11872;1;286;-2.14748e+09;-1.37739e+07;0;0;0;0;0;0;281827457;282230183;3902380
940;5.42789e-15;-79;1722;11906;11876;1;283;-2.14748e+09;-1.3715e+07;-1;0;0;0;-1;0;282308992;282716300;3936473
940;5.42514e-15;-82;1719;11849;11872;1;286;-2.14748e+09;-1.3715e+07;-1;0;0;0;-1;0;282308992;282716300;3936473
941;5.42789e-15;-79;1722;11906;11876;1;283;-2.14748e+09;-1.36564e+07;-1;0;0;0;-1;0;282788936;283200858;3970693
941;5.42514e-15;-82;1719;11849;11872;1;286;-2.14748e+09;-1.36564e+07;-1;0;0;0;-1;0;282788936;283200858;3970693
942;5.42789e-15;-79;1722;11906;11876;1;283;-2.14748e+09;-1.35982e+07;-1;0;0;0;-1;0;283267297;283683866;4005040
942;5.42514e-15;-83;1719;11849;11872;1;286;-2.14748e+09;-1.35982e+07;0;0;0;0;0;0;283267297;283683866;4005040
943;5.42789e-15;-79;1722;11906;11876;1;283;-2.14748e+09;-1.35405e+07;-1;0;0;0;-1;0;283744082;284165331;4039513
943;5.42514e-15;-84;1719;11849;11872;1;286;-2.14748e+09;-1.35405e+07;0;0;0;0;0;0;283744082;284165331;4039513
944;5.42789e-15;-79;1722;11906;11876;1;283;-2.14748e+09;-1.34831e+07;-1;0;0;0;-1;0;284219299;284645260;4074111
944;5.42514e-15;-85;1719;11849;11872;1;286;-2.14748e+09;-1.34831e+07;0;0;0;0;0;0;284219299;284645260;4074111
945;5.42789e-15;-79;1722;11906;11876;1;283;-2.14748e+09;-1.34263e+07;-1;0;0;0;-1;0;284692955;285123661;4108834
945;5.42514e-15;-86;1719;11849;11872;1;286;-2.14748e+09;-1.34263e+07;0;0;0;0;0;0;284692955;285123661;4108834
946;5.42789e-15;-79;1722;11906;11876;1;283;-2.14748e+09;-1.33696e+07;-1;0;0;0;-1;0;285165058;285600541;4143681
946;5.42514e-15;-86;1719;11849;11872;1;286;-2.14748e+09;-1.33696e+07;-1;0;0;0;-1;0;285165058;285600541;4143681
947;5.42789e-15;-79;1722;11906;11876;1;283;-2.14748e+09;-1.33134e+07;-1;0;0;0;-1;0;285635615;286075908;4178652
947;5.42514e-15;-87;1719;11849;11872;1;286;-2.14748e+09;-1.33134e+07;0;0;0;0;0;0;285635615;286075908;4178652
948;5.42789e-15;-80;1722;11906;11876;1;283;-2.14748e+09;-1.32577e+07;0;0;0;0;0;0;286104632;286549770;4213745
948;5.42514e-15;-88;1719;11849;11872;1;286;-2.14748e+09;-1.32577e+07;0;0;0;0;0;0;286104632;286549770;4213745
949;5.42789e-15;-81;1722;11906;11876;1;283;-2.14748e+09;-1.32023e+07;0;0;0;0;0;0;286572118;287022132;4248960
949;5.42514e-15;-88;1719;11849;11872;1;286;-2.14748e+09;-1.32023e+07;-1;0;0;0;-1;0;286572118;287022132;4248960
950;5.42789e-15;-81;1722;11906;11876;1;283;-2.14748e+09;-1.31473e+07;-1;0;0;0;-1;0;287038080;287493003;4284297
950;5.42514e-15;-89;1719;11849;11872;1;286;-2.14748e+09;-1.31473e+07;0;0;0;0;0;0;287038080;287493003;4284297
951;5.42789e-15;-81;1722;11906;11876;1;283;-2.14748e+09;-1.30926e+07;-1;0;0;0;-1;0;287502524;287962389;4319755
951;5.42514e-15;-90;1719;11849;11872;1;286;-2.14748e+09;-1.30926e+07;0;0;0;0;0;0;287502524;287962389;4319755
952;5.42789e-15;-81;1722;11906;11876;1;283;-2.14748e+09;-1.30384e+07;-1;0;0;0;-1;0;287965458;288430298;4355333
952;5.42514e-15;-91;1719;11849;11872;1;286;-2.14748e+09;-1.30384e+07;0;0;0;0;0;0;287965458;288430298;4355333
953;5.42789e-15;-81;1722;11906;11876;1;283;-2.14748e+09;-1.29846e+07;-1;0;0;0;-1;0;288426888;288896737;4391030
953;5.42514e-15;-92;1719;11849;11872;1;286;-2.14748e+09;-1.29846e+07;0;0;0;0;0;0;288426888;288896737;4391030
954;5.42789e-15;-82;1722;11906;11876;1;283;-2.14748e+09;-1.29309e+07;0;0;0;0;0;0;288886823;289361713;4426846
954;5.42514e-15;-93;1719;11849;11872;1;286;-2.14748e+09;-1.29309e+07;0;0;0;0;0;0;288886823;289361713;4426846
955;5.42789e-15;-82;1722;11906;11876;1;283;-2.14748e+09;-1.28777e+07;-1;0;0;0;-1;0;289345268;289825233;4462781
955;5.42514e-15;-93;1718;11849;11872;1;286;-2.14748e+09;-1.28777e+07;0;0;0;0;0;0;289345268;289825233;4462781
956;5.42789e-15;-83;1722;11906;11876;1;283;-2.14748e+09;-1.28249e+07;0;0;0;0;0;0;289802231;290287304;4498833
956;5.42514e-15;-94;1718;11849;11872;1;286;-2.14748e+09;-1.28249e+07;0;0;0;0;0;0;289802231;290287304;4498833
957;5.42789e-15;-84;1722;11906;11876;1;283;-2.14748e+09;-1.27725e+07;0;0;0;0;0;0;290257718;290747933;4535003
957;5.42514e-15;-95;1718;11849;11872;1;286;-2.14748e+09;-1.27725e+07;0;0;0;0;0;0;290257718;290747933;4535003
958;5.42789e-15;-85;1722;11906;11876;1;283;-2.14748e+09;-1.27203e+07;0;0;0;0;0;0;290711737;291207126;4571288
958;5.42514e-15;-96;1718;11849;11872;1;286;-2.14748e+09;-1.27203e+07;0;0;0;0;0;0;290711737;291207126;4571288
959;5.42789e-15;-85;1722;11906;11876;1;283;-2.14748e+09;-1.26687e+07;-1;0;0;0;-1;0;291164294;291664891;4607689
959;5.42514e-15;-97;1718;11849;11872;1;286;-2.14748e+09;-1.26687e+07;0;0;0;0;0;0;291164294;291664891;4607689
960;5.42789e-15;-85;1722;11906;11876;1;283;-2.14748e+09;-1.26172e+07;-1;0;0;0;-1;0;291615395;292121234;4644206
960;5.42514e-15;-98;1718;11849;11872;1;286;-2.14748e+09;-1.26172e+07;0;0;0;0;0;0;291615395;292121234;4644206
961;5.42789e-15;-85;1722;11906;11876;1;283;-2.14748e+09;-1.25661e+07;-1;0;0;0;-1;0;292065049;292576162;4680836
961;5.42514e-15;-98;1718;11849;11872;1;286;-2.14748e+09;-1.25661e+07;-1;0;0;0;-1;0;292065049;292576162;4680836
962;5.42789e-15;-86;1722;11906;11876;1;283;-2.14748e+09;-1.25153e+07;0;0;0;0;0;0;292513260;293029682;4717581
962;5.42514e-15;-98;1718;11849;11872;1;286;-2.14748e+09;-1.25153e+07;-1;0;0;0;-1;0;292513260;293029682;4717581
963;5.42789e-15;-87;1722;11906;11876;1;283;-2.14748e+09;-1.24649e+07;0;0;0;0;0;0;292960037;293481800;4754438
963;5.42514e-15;-98;1718;11849;11872;1;286;-2.14748e+09;-1.24649e+07;-1;0;0;0;-1;0;292960037;293481800;4754438
964;5.42789e-15;-88;1722;11906;11876;1;283;-2.14748e+09;-1.24148e+07;0;0;0;0;0;0;293405385;293932523;4791408
964;5.42514e-15;-98;1718;11849;11872;1;286;-2.14748e+09;-1.24148e+07;-1;0;0;0;-1;0;293405385;293932523;4791408
965;5.42789e-15;-88;1722;11906;11876;1;283;-2.14748e+09;-1.23652e+07;-1;0;0;0;-1;0;293849312;294381858;4828489
965;5.42514e-15;-99;1718;11849;11872;1;286;-2.14748e+09;-1.23652e+07;0;0;0;0;0;0;293849312;294381858;4828489
966;5.42789e-15;-89;1722;11906;11876;1;283;-2.14748e+09;-1.23157e+07;0;0;0;0;0;0;294291823;294829811;4865682
966;5.42514e-15;-100;1718;11849;11872;1;286;-2.14748e+09;-1.23157e+07;0;0;0;0;0;0;294291823;294829811;4865682
967;5.42789e-15;-90;1722;11906;11876;1;283;-2.14748e+09;-1.22665e+07;0;0;0;0;0;0;294732925;295276388;4902985
967;5.42514e-15;-100;1718;11849;11872;1;286;-2.14748e+09;-1.22665e+07;-1;0;0;0;-1;0;294732925;295276388;4902985
968;5.42789e-15;-91;1722;11906;11876;1;283;-2.14748e+09;-1.22179e+07;0;0;0;0;0;0;295172624;295721597;4940398
968;5.42514e-15;-100;1718;11849;11872;1;286;-2.14748e+09;-1.22179e+07;-1;0;0;0;-1;0;295172624;295721597;4940398
969;5.42789e-15;-91;1722;11906;11876;1;283;-2.14748e+09;-1.21694e+07;-1;0;0;0;-1;0;295610927;296165443;4977920
969;5.42514e-15;-101;1718;11849;11872;1;286;-2.14748e+09;-1.21694e+07;0;0;0;0;0;0;295610927;296165443;4977920
970;5.42789e-15;-92;1722;11906;11876;1;283;-2.14748e+09;-1.21211e+07;0;0;0;0;0;0;296047841;296607933;5015550
970;5.42514e-15;-101;1718;11849;11872;1;286;-2.14748e+09;-1.21211e+07;-1;0;0;0;-1;0;296047841;296607933;5015550
971;5.42789e-15;-92;1722;11906;11876;1;283;-2.14748e+09;-1.20733e+07;-1;0;0;0;-1;0;296483371;297049074;5053288
971;5.42514e-15;-101;1718;11849;11872;1;286;-2.14748e+09;-1.20733e+07;-1;0;0;0;-1;0;296483371;297049074;5053288
972;5.42789e-15;-93;1722;11906;11876;1;283;-2.14748e+09;-1.20257e+07;0;0;0;0;0;0;296917524;297488871;5091134
972;5.42514e-15;-101;1718;11849;11872;1;286;-2.14748e+09;-1.20257e+07;-1;0;0;0;-1;0;296917524;297488871;5091134
973;5.42789e-15;-93;1722;11906;11876;1;283;-2.14748e+09;-1.19785e+07;-1;0;0;0;-1;0;297350307;297927331;5129086
973;5.42514e-15;-101;1718;11849;11872;1;286;-2.14748e+09;-1.19785e+07;-1;0;0;0;-1;0;297350307;297927331;5129086
974;5.42789e-15;-93;1722;11906;11876;1;283;-2.14748e+09;-1.19316e+07;-1;0;0;0;-1;0;297781724;298364459;5167143
974;5.42514e-15;-101;1718;11849;11872;1;286;-2.14748e+09;-1.19316e+07;-1;0;0;0;-1;0;297781724;298364459;5167143
975;5.42789e-15;-94;1722;11906;11876;1;283;-2.14748e+09;-1.18849e+07;0;0;0;0;0;0;298211783;298800263;5205306
975;5.42514e-15;-102;1718;11849;11872;1;286;-2.14748e+09;-1.18849e+07;0;0;0;0;0;0;298211783;298800263;5205306
976;5.42789e-15;-94;1722;11906;11876;1;283;-2.14748e+09;-1.18386e+07;-1;0;0;0;-1;0;298640490;299234749;5243574
976;5.42514e-15;-102;1718;11849;11872;1;286;-2.14748e+09;-1.18386e+07;-1;0;0;0;-1;0;298640490;299234749;5243574
977;5.42789e-15;-94;1722;11906;11876;1;283;-2.14748e+09;-1.17926e+07;-1;0;0;0;-1;0;299067850;299667922;5281945
977;5.42514e-15;-102;1718;11849;11872;1;286;-2.14748e+09;-1.17926e+07;-1;0;0;0;-1;0;299067850;299667922;5281945
978;5.42789e-15;-95;1722;11906;11876;1;283;-2.14748e+09;-1.17468e+07;0;0;0;0;0;0;299493870;300099788;5320419
978;5.42514e-15;-102;1718;11849;11872;1;286;-2.14748e+09;-1.17468e+07;-1;0;0;0;-1;0;299493870;300099788;5320419
979;5.42789e-15;-96;1722;11906;11876;1;283;-2.14748e+09;-1.17013e+07;0;0;0;0;0;0;299918556;300530354;5358996
979;5.42514e-15;-103;1718;11849;11872;1;286;-2.14748e+09;-1.17013e+07;0;0;0;0;0;0;299918556;300530354;5358996
980;5.42789e-15;-96;1722;11906;11876;1;283;-2.14748e+09;-1.16562e+07;0;0;-1;0;0;-1;300341913;300959626;5397675
980;5.42514e-15;-103;1718;11849;11872;1;286;-2.14748e+09;-1.16561e+07;-1;0;0;0;-1;0;300341913;300959626;5397675
981;5.42789e-15;-96;1722;11906;11876;1;283;-2.14748e+09;-1.16113e+07;-1;0;0;0;-1;0;300763949;301387609;5436455
981;5.42514e-15;-103;1718;11849;11872;1;286;-2.14748e+09;-1.16113e+07;-1;0;0;0;-1;0;300763949;301387609;5436455
982;5.42789e-15;-96;1722;11906;11876;1;283;-2.14748e+09;-1.15667e+07;-1;0;0;0;-1;0;301184668;301814310;5475336
982;5.42514e-15;-103;1718;11849;11872;1;286;-2.14748e+09;-1.15667e+07;-1;0;0;0;-1;0;301184668;301814310;5475336
983;5.42789e-15;-97;1722;11906;11876;1;283;-2.14748e+09;-1.15223e+07;0;0;0;0;0;0;301604076;302239734;5514317
983;5.42514e-15;-103;1718;11849;11872;1;286;-2.14748e+09;-1.15223e+07;-1;0;0;0;-1;0;301604076;302239734;5514317
984;5.42789e-15;-98;1722;11906;11876;1;283;-2.14748e+09;-1.14782e+07;0;0;0;0;0;0;302022180;302663887;5553396
984;5.42514e-15;-103;1718;11849;11872;1;286;-2.14748e+09;-1.14782e+07;-1;0;0;0;-1;0;302022180;302663887;5553396
985;5.42789e-15;-98;1722;11906;11876;1;283;-2.14748e+09;-1.14344e+07;-1;0;0;0;-1;0;302438984;303086775;5592575
985;5.42514e-15;-103;1718;11849;11872;1;286;-2.14748e+09;-1.14344e+07;-1;0;0;0;-1;0;302438984;303086775;5592575
986;5.42789e-15;-99;1722;11906;11876;1;283;-2.14748e+09;-1.13909e+07;0;0;0;0;0;0;302854496;303508405;5631851
986;5.42514e-15;-103;1718;11849;11872;1;286;-2.14748e+09;-1.13909e+07;-1;0;0;0;-1;0;302854496;303508405;5631851
987;5.42789e-15;-100;1722;11906;11876;1;283;-2.14748e+09;-1.13476e+07;0;0;0;0;0;0;303268721;303928780;5671225
987;5.42514e-15;-104;1718;11849;11872;1;286;-2.14748e+09;-1.13476e+07;0;0;0;0;0;0;303268721;303928780;5671225
988;5.42789e-15;-100;1722;11906;11876;1;283;-2.14748e+09;-1.13046e+07;-1;0;0;0;-1;0;303681663;304347908;5710695
988;5.42514e-15;-105;1718;11849;11872;1;286;-2.14748e+09;-1.13046e+07;0;0;0;0;0;0;303681663;304347908;5710695
989;5.42789e-15;-100;1722;11906;11876;1;283;-2.14748e+09;-1.12619e+07;-1;0;0;0;-1;0;304093330;304765794;5750262
989;5.42514e-15;-106;1718;11849;11872;1;286;-2.14748e+09;-1.12619e+07;0;0;0;0;0;0;304093330;304765794;5750262
990;5.42789e-15;-100;1722;11906;11876;1;283;-2.14748e+09;-1.12195e+07;-1;0;0;0;-1;0;304503727;305182444;5789923
990;5.42514e-15;-107;1718;11849;11872;1;286;-2.14748e+09;-1.12195e+07;0;0;0;0;0;0;304503727;305182444;5789923
991;5.42789e-15;-101;1722;11906;11876;1;283;-2.14748e+09;-1.11772e+07;0;0;0;0;0;0;304912858;305597862;5829680
991;5.42514e-15;-108;1718;11849;11872;1;286;-2.14748e+09;-1.11772e+07;0;0;0;0;0;0;304912858;305597862;5829680
992;5.42789e-15;-101;1722;11906;11876;1;283;-2.14748e+09;-1.11352e+07;-1;0;0;0;-1;0;305320731;306012056;5869530
992;5.42514e-15;-109;1718;11849;11872;1;286;-2.14748e+09;-1.11352e+07;0;0;0;0;0;0;305320731;306012056;5869530
993;5.42789e-15;-102;1722;11906;11876;1;283;-2.14748e+09;-1.10935e+07;0;0;0;0;0;0;305727349;306425029;5909474
993;5.42514e-15;-110;1718;11849;11872;1;286;-2.14748e+09;-1.10935e+07;0;0;0;0;0;0;305727349;306425029;5909474
994;5.42789e-15;-102;1722;11906;11876;1;283;-2.14748e+09;-1.10521e+07;-1;0;0;0;-1;0;306132720;306836789;5949510
994;5.42514e-15;-111;1718;11849;11872;1;286;-2.14748e+09;-1.10521e+07;0;0;0;0;0;0;306132720;306836789;5949510
995;5.42789e-15;-102;1722;11906;11876;1;283;-2.14748e+09;-1.10109e+07;-1;0;0;0;-1;0;306536848;307247340;5989639
995;5.42514e-15;-111;1718;11849;11872;1;286;-2.14748e+09;-1.10109e+07;-1;0;0;0;-1;0;306536848;307247340;5989639
996;5.42789e-15;-102;1722;11906;11876;1;283;-2.14748e+09;-1.097e+07;-1;0;0;0;-1;0;306939739;307656687;6029859
996;5.42514e-15;-111;1718;11849;11872;1;286;-2.14748e+09;-1.097e+07;-1;0;0;0;-1;0;306939739;307656687;6029859
997;5.42789e-15;-102;1722;11906;11876;1;283;-2.14748e+09;-1.09292e+07;-1;0;0;0;-1;0;307341398;308064837;6070169
997;5.42514e-15;-112;1718;11849;11872;1;286;-2.14748e+09;-1.09292e+07;0;0;0;0;0;0;307341398;308064837;6070169
998;5.42789e-15;-102;1722;11906;11876;1;283;-2.14748e+09;-1.08888e+07;-1;0;0;0;-1;0;307741830;308471794;6110570
998;5.42514e-15;-113;1718;11849;11872;1;286;-2.14748e+09;-1.08888e+07;0;0;0;0;0;0;307741830;308471794;6110570
999;5.42789e-15;-103;1722;11906;11876;1;283;-2.14748e+09;-1.08486e+07;0;0;0;0;0;0;308141042;308877564;6151060
999;5.42514e-15;-113;1718;11849;11872;1;286;-2.14748e+09;-1.08486e+07;-1;0;0;0;-1;0;308141042;308877564;6151060
1000;5.42789e-15;-103;1722;11906;11876;1;283;-2.14748e+09;-1.08086e+07;-1;0;0;0;-1;0;308539037;309282152;6191639
1000;5.42514e-15;-113;1718;11849;11872;1;286;-2.14748e+09;-1.08086e+07;-1;0;0;0;-1;0;308539037;309282152;6191639
1001;5.42789e-15;-103;1722;11906;11876;1;283;-2.14748e+09;-1.07688e+07;-1;0;0;0;-1;0;308935822;309685563;6232307
1001;5.42514e-15;-114;1718;11849;11872;1;286;-2.14748e+09;-1.07688e+07;0;0;0;0;0;0;308935822;309685563;6232307
1002;5.42789e-15;-104;1722;11906;11876;1;283;-2.14748e+09;-1.07293e+07;0;0;0;0;0;0;309331402;310087803;6273061
1002;5.42514e-15;-114;1718;11849;11872;1;286;-2.14748e+09;-1.07293e+07;-1;0;0;0;-1;0;309331402;310087803;6273061
1003;5.42789e-15;-105;1722;11906;11876;1;283;-2.14748e+09;-1.06901e+07;0;0;0;0;0;0;309725781;310488877;6313903
1003;5.42514e-15;-115;1718;11849;11872;1;286;-2.14748e+09;-1.06901e+07;0;0;0;0;0;0;309725781;310488877;6313903
1004;5.42789e-15;-105;1722;11906;11876;1;283;-2.14748e+09;-1.0651e+07;-1;0;0;0;-1;0;310118966;310888790;6354831
1004;5.42514e-15;-116;1718;11849;11872;1;286;-2.14748e+09;-1.0651e+07;0;0;0;0;0;0;310118966;310888790;6354831
1005;5.42789e-15;-105;1722;11906;11876;1;283;-2.14748e+09;-1.06122e+07;-1;0;0;0;-1;0;310510961;311287548;6395845
1005;5.42514e-15;-116;1718;11849;11872;1;286;-2.14748e+09;-1.06122e+07;-1;0;0;0;-1;0;310510961;311287548;6395845
1006;5.42789e-15;-106;1722;11906;11876;1;283;-2.14748e+09;-1.05736e+07;0;0;0;0;0;0;310901771;311685154;6436943
1006;5.42514e-15;-117;1718;11849;11872;1;286;-2.14748e+09;-1.05736e+07;0;0;0;0;0;0;310901771;311685154;6436943
1007;5.42789e-15;-106;1722;11906;11876;1;283;-2.14748e+09;-1.05352e+07;-1;0;0;0;-1;0;311291402;312081615;6478126
1007;5.42514e-15;-118;1718;11849;11872;1;286;-2.14748e+09;-1.05352e+07;0;0;0;0;0;0;311291402;312081615;6478126
1008;5.42789e-15;-106;1722;11906;11876;1;283;-2.14748e+09;-1.04972e+07;-1;0;0;0;-1;0;311679858;312476935;6519392
1008;5.42514e-15;-118;1718;11849;11872;1;286;-2.14748e+09;-1.04972e+07;-1;0;0;0;-1;0;311679858;312476935;6519392
1009;5.42789e-15;-107;1722;11906;11876;1;283;-2.14748e+09;-1.04593e+07;0;0;0;0;0;0;312067145;312871120;6560742
1009;5.42514e-15;-119;1718;11849;11872;1;286;-2.14748e+09;-1.04593e+07;0;0;0;0;0;0;312067145;312871120;6560742
1010;5.42789e-15;-107;1722;11906;11876;1;283;-2.14748e+09;-1.04215e+07;-1;0;0;0;-1;0;312453268;313264174;6602174
1010;5.42514e-15;-120;1718;11849;11872;1;286;-2.14748e+09;-1.04215e+07;0;0;0;0;0;0;312453268;313264174;6602174
1011;5.42789e-15;-108;1722;11906;11876;1;283;-2.14748e+09;-1.0384e+07;0;0;0;0;0;0;312838231;313656102;6643688
1011;5.42514e-15;-121;1718;11849;11872;1;286;-2.14748e+09;-1.0384e+07;0;0;0;0;0;0;312838231;313656102;6643688
1012;5.42789e-15;-109;1722;11906;11876;1;283;-2.14748e+09;-1.03467e+07;0;0;0;0;0;0;313222039;314046910;6685282
1012;5.42514e-15;-121;1718;11849;11872;1;286;-2.14748e+09;-1.03467e+07;-1;0;0;0;-1;0;313222039;314046910;6685282
1013;5.42789e-15;-110;1722;11906;11876;1;283;-2.14748e+09;-1.03096e+07;0;0;0;0;0;0;313604698;314436602;6726958
1013;5.42514e-15;-121;1718;11849;11872;1;286;-2.14748e+09;-1.03096e+07;-1;0;0;0;-1;0;313604698;314436602;6726958
1014;5.42789e-15;-110;1722;11906;11876;1;283;-2.14748e+09;-1.02728e+07;-1;0;0;0;-1;0;313986212;314825184;6768713
1014;5.42514e-15;-122;1718;11849;11872;1;286;-2.14748e+09;-1.02728e+07;0;0;0;0;0;0;313986212;314825184;6768713
1015;5.42789e-15;-110;1722;11906;11876;1;283;-2.14748e+09;-1.02362e+07;-1;0;0;0;-1;0;314366586;315212659;6810547
1015;5.42514e-15;-122;1718;11849;11872;1;286;-2.14748e+09;-1.02362e+07;-1;0;0;0;-1;0;314366586;315212659;6810547
1016;5.42789e-15;-111;1722;11906;11876;1;283;-2.14748e+09;-1.01998e+07;0;0;0;0;0;0;314745826;315599033;6852460
1016;5.42514e-15;-123;1718;11849;11872;1;286;-2.14748e+09;-1.01998e+07;0;0;0;0;0;0;314745826;315599033;6852460
1017;5.42789e-15;-111;1722;11906;11876;1;283;-2.14748e+09;-1.01635e+07;-1;0;0;0;-1;0;315123935;315984310;6894451
1017;5.42514e-15;-124;1718;11849;11872;1;286;-2.14748e+09;-1.01635e+07;0;0;0;0;0;0;315123935;315984310;6894451
1018;5.42789e-15;-112;1722;11906;11876;1;283;-2.14748e+09;-1.01275e+07;0;0;0;0;0;0;315500919;316368496;6936520
1018;5.42514e-15;-124;1718;11849;11872;1;286;-2.14748e+09;-1.01275e+07;-1;0;0;0;-1;0;315500919;316368496;6936520
1019;5.42789e-15;-112;1722;11906;11876;1;283;-2.14748e+09;-1.00917e+07;-1;0;0;0;-1;0;315876782;316751595;6978665
1019;5.42514e-15;-124;1718;11849;11872;1;286;-2.14748e+09;-1.00917e+07;-1;0;0;0;-1;0;315876782;316751595;6978665
1020;5.42789e-15;-112;1722;11906;11876;1;283;-2.14748e+09;-1.00561e+07;-1;0;0;0;-1;0;316251529;317133611;7020886
1020;5.42514e-15;-124;1718;11849;11872;1;286;-2.14748e+09;-1.00561e+07;-1;0;0;0;-1;0;316251529;317133611;7020886
1021;5.42789e-15;-113;1722;11906;11876;1;283;-2.14748e+09;-1.00207e+07;0;0;0;0;0;0;316625164;317514550;7063183
1021;5.42514e-15;-125;1718;11849;11872;1;286;-2.14748e+09;-1.00207e+07;0;0;0;0;0;0;316625164;317514550;7063183
1022;5.42789e-15;-114;1722;11906;11876;1;283;-2.14748e+09;-9.98552e+06;0;0;0;0;0;0;316997693;317894416;7105554
1022;5.42514e-15;-125;1718;11849;11872;1;286;-2.14748e+09;-9.98552e+06;-1;0;0;0;-1;0;316997693;317894416;7105554
1023;5.42789e-15;-115;1722;11906;11876;1;283;-2.14748e+09;-9.95051e+06;0;0;0;0;0;0;317369120;318273214;7148000
1023;5.42514e-15;-125;1718;11849;11872;1;286;-2.14748e+09;-9.95051e+06;-1;0;0;0;-1;0;317369120;318273214;7148000
1024;5.42789e-15;-115;1722;11906;11876;1;283;-2.14748e+09;-9.9157e+06;-1;0;0;0;-1;0;317739450;318650948;7190519
1024;5.42514e-15;-125;1718;11849;11872;1;286;-2.14748e+09;-9.9157e+06;-1;0;0;0;-1;0;317739450;318650948;7190519
1025;5.42789e-15;-116;1722;11906;11876;1;283;-2.14748e+09;-9.88108e+06;0;0;0;0;0;0;318108687;319027623;7233112
1025;5.42514e-15;-125;1718;11849;11872;1;286;-2.14748e+09;-9.88108e+06;-1;0;0;0;-1;0;318108687;319027623;7233112
1026;5.42789e-15;-116;1722;11906;11876;1;283;-2.14748e+09;-9.84666e+06;-1;0;0;0;-1;0;318476836;319403243;7275777
1026;5.42514e-15;-126;1718;11849;11872;1;286;-2.14748e+09;-9.84666e+06;0;0;0;0;0;0;318476836;319403243;7275777
1027;5.42789e-15;-116;1722;11906;11876;1;283;-2.14748e+09;-9.81242e+06;-1;0;0;0;-1;0;318843901;319777813;7318513
1027;5.42514e-15;-126;1718;11849;11872;1;286;-2.14748e+09;-9.81242e+06;-1;0;0;0;-1;0;318843901;319777813;7318513
1028;5.42789e-15;-116;1722;11906;11876;1;283;-2.14748e+09;-9.77838e+06;-1;0;0;0;-1;0;319209887;320151337;7361321
1028;5.42514e-15;-127;1718;11849;11872;1;286;-2.14748e+09;-9.77838e+06;0;0;0;0;0;0;319209887;320151337;7361321
1029;5.42789e-15;-117;1722;11906;11876;1;283;-2.14748e+09;-9.74452e+06;0;0;0;0;0;0;319574798;320523820;7404199
1029;5.42514e-15;-128;1718;11849;11872;1;286;-2.14748e+09;-9.74452e+06;0;0;0;0;0;0;319574798;320523820;7404199
1030;5.42789e-15;-118;1722;11906;11876;1;283;-2.14748e+09;-9.71095e+06;0;0;0;0;0;0;319938639;320895267;7447147
1030;5.42514e-15;-128;1718;11849;11872;1;286;-2.14748e+09;-9.71095e+06;-1;0;0;0;-1;0;319938639;320895267;7447147
1031;5.42789e-15;-119;1722;11906;11876;1;283;-2.14748e+09;-9.67736e+06;0;0;0;0;0;0;320301414;321265681;7490164
1031;5.42514e-15;-129;1718;11849;11872;1;286;-2.14748e+09;-9.67736e+06;0;0;0;0;0;0;320301414;321265681;7490164
1032;5.42789e-15;-120;1722;11906;11876;1;283;-2.14748e+09;-9.64416e+06;0;0;0;0;0;0;320663127;321635067;7533251
1032;5.42514e-15;-130;1718;11849;11872;1;286;-2.14748e+09;-9.64416e+06;0;0;0;0;0;0;320663127;321635067;7533251
1033;5.42789e-15;-121;1722;11906;11876;1;283;-2.14748e+09;-9.61104e+06;0;0;0;0;0;0;321023784;322003429;7576405
1033;5.42514e-15;-131;1718;11849;11872;1;286;-2.14748e+09;-9.61104e+06;0;0;0;0;0;0;321023784;322003429;7576405
1034;5.42789e-15;-121;1722;11906;11876;1;283;-2.14748e+09;-9.578e+06;-1;0;0;0;-1;0;321383388;322370772;7619627
1034;5.42514e-15;-131;1718;11849;11872;1;286;-2.14748e+09;-9.578e+06;-1;0;0;0;-1;0;321383388;322370772;7619627
1035;5.42789e-15;-122;1722;11906;11876;1;283;-2.14748e+09;-9.54524e+06;0;0;0;0;0;0;321741944;322737100;7662915
1035;5.42514e-15;-132;1718;11849;11872;1;286;-2.14748e+09;-9.54524e+06;0;0;0;0;0;0;321741944;322737100;7662915
1036;5.42789e-15;-122;1722;11906;11876;1;283;-2.14748e+09;-9.51266e+06;-1;0;0;0;-1;0;322099455;323102417;7706270
1036;5.42514e-15;-132;1718;11849;11872;1;286;-2.14748e+09;-9.51266e+06;-1;0;0;0;-1;0;322099455;323102417;7706270
1037;5.42789e-15;-122;1722;11906;11876;1;283;-2.14748e+09;-9.48025e+06;-1;0;0;0;-1;0;322455927;323466728;7749691
1037;5.42514e-15;-132;1718;11849;11872;1;286;-2.14748e+09;-9.48025e+06;-1;0;0;0;-1;0;322455927;323466728;7749691
1038;5.42789e-15;-123;1722;11906;11876;1;283;-2.14748e+09;-9.44802e+06;0;0;0;0;0;0;322811363;323830036;7793176
1038;5.42514e-15;-133;1718;11849;11872;1;286;-2.14748e+09;-9.44802e+06;0;0;0;0;0;0;322811363;323830036;7793176
1039;5.42789e-15;-124;1722;11906;11876;1;283;-2.14748e+09;-9.41606e+06;0;0;0;0;0;0;323165768;324192347;7836727
1039;5.42514e-15;-134;1718;11849;11872;1;286;-2.14748e+09;-9.41606e+06;0;0;0;0;0;0;323165768;324192347;7836727
1040;5.42789e-15;-125;1722;11906;11876;1;283;-2.14748e+09;-9.38407e+06;0;0;0;0;0;0;323519146;324553663;7880341
1040;5.42514e-15;-135;1718;11849;11872;1;286;-2.14748e+09;-9.38407e+06;0;0;0;0;0;0;323519146;324553663;7880341
1041;5.42789e-15;-125;1722;11906;11876;1;283;-2.14748e+09;-9.35236e+06;-1;0;0;0;-1;0;323871501;324913990;7924018
1041;5.42514e-15;-136;1718;11849;11872;1;286;-2.14748e+09;-9.35236e+06;0;0;0;0;0;0;323871501;324913990;7924018
1042;5.42789e-15;-125;1722;11906;11876;1;283;-2.14748e+09;-9.32081e+06;-1;0;0;0;-1;0;324222837;325273331;7967758
1042;5.42514e-15;-137;1718;11849;11872;1;286;-2.14748e+09;-9.32081e+06;0;0;0;0;0;0;324222837;325273331;7967758
1043;5.42789e-15;-126;1722;11906;11876;1;283;-2.14748e+09;-9.28943e+06;0;0;0;0;0;0;324573159;325631690;8011560
1043;5.42514e-15;-137;1718;11849;11872;1;286;-2.14748e+09;-9.28943e+06;-1;0;0;0;-1;0;324573159;325631690;8011560
1044;5.42789e-15;-126;1722;11906;11876;1;283;-2.14748e+09;-9.25822e+06;-1;0;0;0;-1;0;324922470;325989072;8055424
1044;5.42514e-15;-137;1718;11849;11872;1;286;-2.14748e+09;-9.25822e+06;-1;0;0;0;-1;0;324922470;325989072;8055424
1045;5.42789e-15;-127;1722;11906;11876;1;283;-2.14748e+09;-9.22718e+06;0;0;0;0;0;0;325270774;326345481;8099349
1045;5.42514e-15;-138;1718;11849;11872;1;286;-2.14748e+09;-9.22718e+06;0;0;0;0;0;0;325270774;326345481;8099349
1046;5.42789e-15;-127;1722;11906;11876;1;283;-2.14748e+09;-9.1963e+06;-1;0;0;0;-1;0;325618077;326700920;8143334
1046;5.42514e-15;-138;1718;11849;11872;1;286;-2.14748e+09;-9.1963e+06;-1;0;0;0;-1;0;325618077;326700920;8143334
1047;5.42789e-15;-127;1722;11906;11876;1;283;-2.14748e+09;-9.16558e+06;-1;0;0;0;-1;0;325964381;327055394;8187379
1047;5.42514e-15;-138;1718;11849;11872;1;286;-2.14748e+09;-9.16558e+06;-1;0;0;0;-1;0;325964381;327055394;8187379
1048;5.42789e-15;-127;1722;11906;11876;1;283;-2.14748e+09;-9.13502e+06;-1;0;0;0;-1;0;326309691;327408906;8231483
1048;5.42514e-15;-138;1718;11849;11872;1;286;-2.14748e+09;-9.13502e+06;-1;0;0;0;-1;0;326309691;327408906;8231483
1049;5.42789e-15;-128;1722;11906;11876;1;283;-2.14748e+09;-9.10463e+06;0;0;0;0;0;0;326654010;327761461;8275646
1049;5.42514e-15;-139;1718;11849;11872;1;286;-2.14748e+09;-9.10463e+06;0;0;0;0;0;0;326654010;327761461;8275646
1050;5.42789e-15;-128;1722;11906;11876;1;283;-2.14748e+09;-9.07439e+06;-1;0;0;0;-1;0;326997343;328113063;8319866
1050;5.42514e-15;-139;1718;11849;11872;1;286;-2.14748e+09;-9.07439e+06;-1;0;0;0;-1;0;326997343;328113063;8319866
1051;5.42789e-15;-129;1722;11906;11876;1;283;-2.14748e+09;-9.04441e+06;0;0;0;0;0;0;327339694;328463715;8364145
1051;5.42514e-15;-139;1718;11849;11872;1;286;-2.14748e+09;-9.04441e+06;-1;0;0;0;-1;0;327339694;328463715;8364145
1052;5.42789e-15;-130;1722;11906;11876;1;283;-2.14748e+09;-9.01439e+06;0;0;0;0;0;0;327681067;328813421;8408480
1052;5.42514e-15;-140;1718;11849;11872;1;286;-2.14748e+09;-9.01439e+06;0;0;0;0;0;0;327681067;328813421;8408480
1053;5.42789e-15;-130;1722;11906;11876;1;283;-2.14748e+09;-8.98462e+06;-1;0;0;0;-1;0;328021465;329162185;8452871
1053;5.42514e-15;-141;1718;11849;11872;1;286;-2.14748e+09;-8.98462e+06;0;0;0;0;0;0;328021465;329162185;8452871
1054;5.42789e-15;-130;1722;11906;11876;1;283;-2.14748e+09;-8.95501e+06;-1;0;0;0;-1;0;328360892;329510012;8497318
1054;5.42514e-15;-142;1718;11849;11872;1;286;-2.14748e+09;-8.95501e+06;0;0;0;0;0;0;328360892;329510012;8497318
1055;5.42789e-15;-131;1722;11906;11876;1;283;-2.14748e+09;-8.92556e+06;0;0;0;0;0;0;328699352;329856904;8541821
1055;5.42514e-15;-142;1718;11849;11872;1;286;-2.14748e+09;-8.92556e+06;-1;0;0;0;-1;0;328699352;329856904;8541821
1056;5.42789e-15;-132;1722;11906;11876;1;283;-2.14748e+09;-8.89625e+06;0;0;0;0;0;0;329036850;330202866;8586378
1056;5.42514e-15;-143;1718;11849;11872;1;286;-2.14748e+09;-8.89625e+06;0;0;0;0;0;0;329036850;330202866;8586378
1057;5.42789e-15;-133;1722;11906;11876;1;283;-2.14748e+09;-8.8671e+06;0;0;0;0;0;0;329373389;330547901;8630989
1057;5.42514e-15;-144;1718;11849;11872;1;286;-2.14748e+09;-8.8671e+06;0;0;0;0;0;0;329373389;330547901;8630989
1058;5.42789e-15;-134;1722;11906;11876;1;283;-2.14748e+09;-8.83809e+06;0;0;0;0;0;0;329708972;330892014;8675653
1058;5.42514e-15;-145;1718;11849;11872;1;286;-2.14748e+09;-8.83809e+06;0;0;0;0;0;0;329708972;330892014;8675653
1059;5.42789e-15;-134;1722;11906;11876;1;283;-2.14748e+09;-8.80934e+06;-1;0;0;0;-1;0;330043604;331235207;8720370
1059;5.42514e-15;-146;1718;11849;11872;1;286;-2.14748e+09;-8.80934e+06;0;0;0;0;0;0;330043604;331235207;8720370
1060;5.42789e-15;-135;1722;11906;11876;1;283;-2.14748e+09;-8.78053e+06;0;0;0;0;0;0;330377288;331577485;8765140
1060;5.42514e-15;-146;1718;11849;11872;1;286;-2.14748e+09;-8.78053e+06;-1;0;0;0;-1;0;330377288;331577485;8765140
1061;5.42789e-15;-135;1722;11906;11876;1;283;-2.14748e+09;-8.75197e+06;-1;0;0;0;-1;0;330710029;331918851;8809962
1061;5.42514e-15;-146;1718;11849;11872;1;286;-2.14748e+09;-8.75197e+06;-1;0;0;0;-1;0;330710029;331918851;8809962
1062;5.42789e-15;-135;1722;11906;11876;1;283;-2.14748e+09;-8.72355e+06;-1;0;0;0;-1;0;331041828;332259309;8854835
1062;5.42514e-15;-147;1718;11849;11872;1;286;-2.14748e+09;-8.72355e+06;0;0;0;0;0;0;331041828;332259309;8854835
1063;5.42789e-15;-136;1722;11906;11876;1;283;-2.14748e+09;-8.69538e+06;0;0;0;0;0;0;331372692;332598863;8899758
1063;5.42514e-15;-148;1718;11849;11872;1;286;-2.14748e+09;-8.69538e+06;0;0;0;0;0;0;331372692;332598863;8899758
1064;5.42789e-15;-137;1722;11906;11876;1;283;-2.14748e+09;-8.66715e+06;0;0;0;0;0;0;331702622;332937516;8944732
1064;5.42514e-15;-149;1718;11849;11872;1;286;-2.14748e+09;-8.66715e+06;0;0;0;0;0;0;331702622;332937516;8944732
1065;5.42789e-15;-137;1722;11906;11876;1;283;-2.14748e+09;-8.63917e+06;-1;0;0;0;-1;0;332031624;333275272;8989755
1065;5.42514e-15;-150;1718;11849;11872;1;286;-2.14748e+09;-8.63917e+06;0;0;0;0;0;0;332031624;333275272;8989755
1066;5.42789e-15;-138;1722;11906;11876;1;283;-2.14748e+09;-8.61142e+06;0;0;0;0;0;0;332359699;333612135;9034827
1066;5.42514e-15;-151;1718;11849;11872;1;286;-2.14748e+09;-8.61142e+06;0;0;0;0;0;0;332359699;333612135;9034827
1067;5.42789e-15;-139;1722;11906;11876;1;283;-2.14748e+09;-8.58362e+06;0;0;0;0;0;0;332686853;333948107;9079948
1067;5.42514e-15;-152;1718;11849;11872;1;286;-2.14748e+09;-8.58362e+06;0;0;0;0;0;0;332686853;333948107;9079948
1068;5.42789e-15;-140;1722;11906;11876;1;283;-2.14748e+09;-8.55606e+06;0;0;0;0;0;0;333013088;334283193;9125117
1068;5.42514e-15;-153;1718;11849;11872;1;286;-2.14748e+09;-8.55606e+06;0;0;0;0;0;0;333013088;334283193;9125117
1069;5.42789e-15;-141;1722;11906;11876;1;283;-2.14748e+09;-8.52863e+06;0;0;0;0;0;0;333338409;334617397;9170333
1069;5.42514e-15;-154;1718;11849;11872;1;286;-2.14748e+09;-8.52863e+06;0;0;0;0;0;0;333338409;334617397;9170333
1070;5.42789e-15;-142;1722;11906;11876;1;283;-2.14748e+09;-8.50144e+06;0;0;0;0;0;0;333662818;334950720;9215596
1070;5.42514e-15;-154;1718;11849;11872;1;286;-2.14748e+09;-8.50144e+06;-1;0;0;0;-1;0;333662818;334950720;9215596
1071;5.42789e-15;-142;1722;11906;11876;1;283;-2.14748e+09;-8.47419e+06;-1;0;0;0;-1;0;333986320;335283168;9260905
1071;5.42514e-15;-154;1718;11849;11872;1;286;-2.14748e+09;-8.47419e+06;-1;0;0;0;-1;0;333986320;335283168;9260905
1072;5.42789e-15;-142;1722;11906;11876;1;283;-2.14748e+09;-8.44717e+06;-1;0;0;0;-1;0;334308917;335614744;9306260
1072;5.42514e-15;-154;1718;11849;11872;1;286;-2.14748e+09;-8.44717e+06;-1;0;0;0;-1;0;334308917;335614744;9306260
1073;5.42789e-15;-143;1722;11906;11876;1;283;-2.14748e+09;-8.42028e+06;0;0;0;0;0;0;334630614;335945450;9351661
1073;5.42514e-15;-154;1718;11849;11872;1;286;-2.14748e+09;-8.42028e+06;-1;0;0;0;-1;0;334630614;335945450;9351661
1074;5.42789e-15;-144;1722;11906;11876;1;283;-2.14748e+09;-8.39354e+06;0;0;0;0;0;0;334951413;336275291;9397106
1074;5.42514e-15;-155;1718;11849;11872;1;286;-2.14748e+09;-8.39354e+06;0;0;0;0;0;0;334951413;336275291;9397106
1075;5.42789e-15;-144;1722;11906;11876;1;283;-2.14748e+09;-8.36702e+06;-1;0;0;0;-1;0;335271319;336604270;9442595
1075;5.42514e-15;-155;1718;11849;11872;1;286;-2.14748e+09;-8.36702e+06;-1;0;0;0;-1;0;335271319;336604270;9442595
1076;5.42789e-15;-145;1722;11906;11876;1;283;-2.14748e+09;-8.34043e+06;0;0;0;0;0;0;335590335;336932390;9488128
1076;5.42514e-15;-155;1718;11849;11872;1;286;-2.14748e+09;-8.34043e+06;-1;0;0;0;-1;0;335590335;336932390;9488128
1077;5.42789e-15;-145;1722;11906;11876;1;283;-2.14748e+09;-8.31407e+06;-1;0;0;0;-1;0;335908463;337259654;9533704
1077;5.42514e-15;-155;1718;11849;11872;1;286;-2.14748e+09;-8.31407e+06;-1;0;0;0;-1;0;335908463;337259654;9533704
1078;5.42789e-15;-146;1722;11906;11876;1;283;-2.14748e+09;-8.28785e+06;0;0;0;0;0;0;336225709;337586067;9579323
1078;5.42514e-15;-156;1718;11849;11872;1;286;-2.14748e+09;-8.28785e+06;0;0;0;0;0;0;336225709;337586067;9579323
1079;5.42789e-15;-147;1722;11906;11876;1;283;-2.14748e+09;-8.26175e+06;0;0;0;0;0;0;336542074;337911631;9624983
1079;5.42514e-15;-156;1718;11849;11872;1;286;-2.14748e+09;-8.26175e+06;-1;0;0;0;-1;0;336542074;337911631;9624983
1080;5.42789e-15;-148;1722;11906;11876;1;283;-2.14748e+09;-8.23578e+06;0;0;0;0;0;0;336857563;338236349;9670686
1080;5.42514e-15;-156;1718;11849;11872;1;286;-2.14748e+09;-8.23578e+06;-1;0;0;0;-1;0;336857563;338236349;9670686
1081;5.42789e-15;-149;1722;11906;11876;1;283;-2.14748e+09;-8.20994e+06;0;0;0;0;0;0;337172178;338560226;9716429
1081;5.42514e-15;-156;1718;11849;11872;1;286;-2.14748e+09;-8.20994e+06;-1;0;0;0;-1;0;337172178;338560226;9716429
1082;5.42789e-15;-149;1722;11906;11876;1;283;-2.14748e+09;-8.18422e+06;-1;0;0;0;-1;0;337485923;338883263;9762213
1082;5.42514e-15;-156;1718;11849;11872;1;286;-2.14748e+09;-8.18422e+06;-1;0;0;0;-1;0;337485923;338883263;9762213
1083;5.42789e-15;-150;1722;11906;11876;1;283;-2.14748e+09;-8.15862e+06;0;0;0;0;0;0;337798802;339205465;9808037
1083;5.42514e-15;-157;1718;11849;11872;1;286;-2.14748e+09;-8.15862e+06;0;0;0;0;0;0;337798802;339205465;9808037
1084;5.42789e-15;-150;1722;11906;11876;1;283;-2.14748e+09;-8.13316e+06;-1;0;0;0;-1;0;338110817;339526835;9853900
1084;5.42514e-15;-158;1718;11849;11872;1;286;-2.14748e+09;-8.13316e+06;0;0;0;0;0;0;338110817;339526835;9853900
1085;5.42789e-15;-150;1722;11906;11876;1;283;-2.14748e+09;-8.10781e+06;-1;0;0;0;-1;0;338421972;339847375;9899802
1085;5.42514e-15;-158;1718;11849;11872;1;286;-2.14748e+09;-8.10781e+06;-1;0;0;0;-1;0;338421972;339847375;9899802
1086;5.42789e-15;-150;1722;11906;11876;1;283;-2.14748e+09;-8.08259e+06;-1;0;0;0;-1;0;338732271;340167090;9945743
1086;5.42514e-15;-159;1718;11849;11872;1;286;-2.14748e+09;-8.08258e+06;0;0;0;0;0;0;338732271;340167090;9945743
1087;5.42789e-15;-150;1722;11906;11876;1;283;-2.14748e+09;-8.05758e+06;-1;0;0;0;-1;0;339041716;340485982;9991722
1087;5.42514e-15;-159;1718;11849;11872;1;286;-2.14748e+09;-8.05758e+06;-1;0;0;0;-1;0;339041716;340485982;9991722
1088;5.42789e-15;-150;1722;11906;11876;1;283;-2.14748e+09;-8.0325e+06;-1;0;0;0;-1;0;339350310;340804054;10037738
1088;5.42514e-15;-160;1718;11849;11872;1;286;-2.14748e+09;-8.0325e+06;0;0;0;0;0;0;339350310;340804054;10037738
1089;5.42789e-15;-150;1722;11906;11876;1;283;-2.14748e+09;-8.00764e+06;-1;0;0;0;-1;0;339658057;341121310;10083791
1089;5.42514e-15;-160;1718;11849;11872;1;286;-2.14748e+09;-8.00764e+06;-1;0;0;0;-1;0;339658057;341121310;10083791
1090;5.42789e-15;-151;1722;11906;11876;1;283;-2.14748e+09;-7.9829e+06;0;0;0;0;0;0;339964961;341437753;10129881
1090;5.42514e-15;-161;1718;11849;11872;1;286;-2.14748e+09;-7.9829e+06;0;0;0;0;0;0;339964961;341437753;10129881
1091;5.42789e-15;-151;1722;11906;11876;1;283;-2.14748e+09;-7.95827e+06;-1;0;0;0;-1;0;340271024;341753386;10176006
1091;5.42514e-15;-161;1718;11849;11872;1;286;-2.14748e+09;-7.95827e+06;-1;0;0;0;-1;0;340271024;341753386;10176006
1092;5.42789e-15;-151;1722;11906;11876;1;283;-2.14748e+09;-7.93376e+06;-1;0;0;0;-1;0;340576249;342068211;10222167
1092;5.42514e-15;-161;1718;11849;11872;1;286;-2.14748e+09;-7.93376e+06;-1;0;0;0;-1;0;340576249;342068211;10222167
1093;5.42789e-15;-152;1722;11906;11876;1;283;-2.14748e+09;-7.90937e+06;0;0;0;0;0;0;340880640;342382233;10268363
1093;5.42514e-15;-162;1718;11849;11872;1;286;-2.14748e+09;-7.90937e+06;0;0;0;0;0;0;340880640;342382233;10268363
1094;5.42789e-15;-153;1722;11906;11876;1;283;-2.14748e+09;-7.8851e+06;0;0;0;0;0;0;341184199;342695454;10314594
1094;5.42514e-15;-162;1718;11849;11872;1;286;-2.14748e+09;-7.8851e+06;-1;0;0;0;-1;0;341184199;342695454;10314594
1095;5.42789e-15;-153;1722;11906;11876;1;283;-2.14748e+09;-7.86094e+06;-1;0;0;0;-1;0;341486930;343007877;10360858
1095;5.42514e-15;-163;1718;11849;11872;1;286;-2.14748e+09;-7.86094e+06;0;0;0;0;0;0;341486930;343007877;10360858
1096;5.42789e-15;-154;1722;11906;11876;1;283;-2.14748e+09;-7.83689e+06;0;0;0;0;0;0;341788837;343319505;10407156
1096;5.42514e-15;-163;1718;11849;11872;1;286;-2.14748e+09;-7.83689e+06;-1;0;0;0;-1;0;341788837;343319505;10407156
1097;5.42789e-15;-154;1722;11906;11876;1;283;-2.14748e+09;-7.81296e+06;-1;0;0;0;-1;0;342089921;343630341;10453487
1097;5.42514e-15;-164;1718;11849;11872;1;286;-2.14748e+09;-7.81296e+06;0;0;0;0;0;0;342089921;343630341;10453487
1098;5.42789e-15;-154;1722;11906;11876;1;283;-2.14748e+09;-7.78914e+06;-1;0;0;0;-1;0;342390186;343940389;10499850
1098;5.42514e-15;-164;1718;11849;11872;1;286;-2.14748e+09;-7.78914e+06;-1;0;0;0;-1;0;342390186;343940389;10499850
1099;5.42789e-15;-154;1722;11906;11876;1;283;-2.14748e+09;-7.76543e+06;-1;0;0;0;-1;0;342689636;344249650;10546245
1099;5.42514e-15;-165;1718;11849;11872;1;286;-2.14748e+09;-7.76543e+06;0;0;0;0;0;0;342689636;344249650;10546245
1100;5.42789e-15;-154;1722;11906;11876;1;283;-2.14748e+09;-7.74183e+06;-1;0;0;0;-1;0;342988272;344558129;10592672
1100;5.42514e-15;-166;1718;11849;11872;1;286;-2.14748e+09;-7.74183e+06;0;0;0;0;0;0;342988272;344558129;10592672
1101;5.42789e-15;-154;1722;11906;11876;1;283;-2.14748e+09;-7.71834e+06;-1;0;0;0;-1;0;343286099;344865828;10639130
1101;5.42514e-15;-167;1718;11849;11872;1;286;-2.14748e+09;-7.71834e+06;0;0;0;0;0;0;343286099;344865828;10639130
1102;5.42789e-15;-155;1722;11906;11876;1;283;-2.14748e+09;-7.69496e+06;0;0;0;0;0;0;343583119;345172750;10685619
1102;5.42514e-15;-167;1718;11849;11872;1;286;-2.14748e+09;-7.69496e+06;-1;0;0;0;-1;0;343583119;345172750;10685619
1103;5.42789e-15;-156;1722;11906;11876;1;283;-2.14748e+09;-7.67169e+06;0;0;0;0;0;0;343879335;345478898;10732137
1103;5.42514e-15;-167;1718;11849;11872;1;286;-2.14748e+09;-7.67169e+06;-1;0;0;0;-1;0;343879335;345478898;10732137
1104;5.42789e-15;-157;1722;11906;11876;1;283;-2.14748e+09;-7.64853e+06;0;0;0;0;0;0;344174750;345784275;10778685
1104;5.42514e-15;-168;1718;11849;11872;1;286;-2.14748e+09;-7.64853e+06;0;0;0;0;0;0;344174750;345784275;10778685
1105;5.42789e-15;-157;1722;11906;11876;1;283;-2.14748e+09;-7.62547e+06;-1;0;0;0;-1;0;344469367;346088884;10825263
1105;5.42514e-15;-168;1718;11849;11872;1;286;-2.14748e+09;-7.62547e+06;-1;0;0;0;-1;0;344469367;346088884;10825263
1106;5.42789e-15;-158;1722;11906;11876;1;283;-2.14748e+09;-7.60252e+06;0;0;0;0;0;0;344763189;346392727;10871869
1106;5.42514e-15;-169;1718;11849;11872;1;286;-2.14748e+09;-7.60252e+06;0;0;0;0;0;0;344763189;346392727;10871869
1107;5.42789e-15;-159;1722;11906;11876;1;283;-2.14748e+09;-7.57968e+06;0;0;0;0;0;0;345056220;346695807;10918503
1107;5.42514e-15;-170;1718;11849;11872;1;286;-2.14748e+09;-7.57968e+06;0;0;0;0;0;0;345056220;346695807;10918503
1108;5.42789e-15;-160;1722;11906;11876;1;283;-2.14748e+09;-7.55694e+06;0;0;0;0;0;0;345348461;346998128;10965165
1108;5.42514e-15;-170;1718;11849;11872;1;286;-2.14748e+09;-7.55694e+06;-1;0;0;0;-1;0;345348461;346998128;10965165
1109;5.42789e-15;-161;1722;11906;11876;1;283;-2.14748e+09;-7.53431e+06;0;0;0;0;0;0;345639916;347299692;11011854
1109;5.42514e-15;-170;1718;11849;11872;1;286;-2.14748e+09;-7.53431e+06;-1;0;0;0;-1;0;345639916;347299692;11011854
1110;5.42789e-15;-161;1722;11906;11876;1;283;-2.14748e+09;-7.51178e+06;-1;0;0;0;-1;0;345930587;347600502;11058571
1110;5.42514e-15;-170;1718;11849;11872;1;286;-2.14748e+09;-7.51178e+06;-1;0;0;0;-1;0;345930587;347600502;11058571
1111;5.42789e-15;-162;1722;11906;11876;1;283;-2.14748e+09;-7.48935e+06;0;0;0;0;0;0;346220478;347900561;11105313
1111;5.42514e-15;-170;1718;11849;11872;1;286;-2.14748e+09;-7.48936e+06;-1;0;0;0;-1;0;346220478;347900561;11105313
1112;5.42789e-15;-162;1722;11906;11876;1;283;-2.14748e+09;-7.46713e+06;-1;0;0;0;-1;0;346509591;348199871;11152081
1112;5.42514e-15;-171;1718;11849;11872;1;286;-2.14748e+09;-7.46713e+06;0;0;0;0;0;0;346509591;348199871;11152081
1113;5.42789e-15;-163;1722;11906;11876;1;283;-2.14748e+09;-7.44491e+06;0;0;0;0;0;0;346797930;348498436;11198875
1113;5.42514e-15;-171;1718;11849;11872;1;286;-2.14748e+09;-7.44491e+06;-1;0;0;0;-1;0;346797930;348498436;11198875
1114;5.42789e-15;-164;1722;11906;11876;1;283;-2.14748e+09;-7.42278e+06;0;0;0;0;0;0;347085497;348796257;11245694
1114;5.42514e-15;-171;1718;11849;11872;1;286;-2.14748e+09;-7.42279e+06;-1;0;0;0;-1;0;347085497;348796257;11245694
1115;5.42789e-15;-165;1722;11906;11876;1;283;-2.14748e+09;-7.40076e+06;0;0;0;0;0;0;347372294;349093338;11292537
1115;5.42514e-15;-171;1718;11849;11872;1;286;-2.14748e+09;-7.40076e+06;-1;0;0;0;-1;0;347372294;349093338;11292537
1116;5.42789e-15;-165;1722;11906;11876;1;283;-2.14748e+09;-7.37874e+06;-1;0;0;0;-1;0;347658325;349389682;11339405
1116;5.42514e-15;-171;1718;11849;11872;1;286;-2.14748e+09;-7.37874e+06;-1;0;0;0;-1;0;347658325;349389682;11339405
1117;5.42789e-15;-166;1722;11906;11876;1;283;-2.14748e+09;-7.35692e+06;0;0;0;0;0;0;347943592;349685291;11386296
1117;5.42514e-15;-171;1718;11849;11872;1;286;-2.14748e+09;-7.35692e+06;-1;0;0;0;-1;0;347943592;349685291;11386296
1118;5.42789e-15;-166;1722;11906;11876;1;283;-2.14748e+09;-7.33529e+06;-1;0;0;0;-1;0;348228099;349980168;11433210
1118;5.42514e-15;-171;1718;11849;11872;1;286;-2.14748e+09;-7.33529e+06;-1;0;0;0;-1;0;348228099;349980168;11433210
1119;5.42789e-15;-166;1722;11906;11876;1;283;-2.14748e+09;-7.31357e+06;-1;0;0;0;-1;0;348511847;350274315;11480147
1119;5.42514e-15;-172;1718;11849;11872;1;286;-2.14748e+09;-7.31357e+06;0;0;0;0;0;0;348511847;350274315;11480147
1120;5.42789e-15;-167;1722;11906;11876;1;283;-2.14748e+09;-7.29204e+06;0;0;0;0;0;0;348794840;350567736;11527107
1120;5.42514e-15;-173;1718;11849;11872;1;286;-2.14748e+09;-7.29204e+06;0;0;0;0;0;0;348794840;350567736;11527107
1121;5.42789e-15;-168;1722;11906;11876;1;283;-2.14748e+09;-7.2707e+06;0;0;0;0;0;0;349077081;350860432;11574088
1121;5.42514e-15;-174;1718;11849;11872;1;286;-2.14748e+09;-7.2707e+06;0;0;0;0;0;0;349077081;350860432;11574088
1122;5.42789e-15;-168;1722;11906;11876;1;283;-2.14748e+09;-7.24926e+06;-1;0;0;0;-1;0;349358571;351152407;11621091
1122;5.42514e-15;-174;1718;11849;11872;1;286;-2.14748e+09;-7.24926e+06;-1;0;0;0;-1;0;349358571;351152407;11621091
1123;5.42789e-15;-169;1722;11906;11876;1;283;-2.14748e+09;-7.22802e+06;0;0;0;0;0;0;349639315;351443663;11668114
1123;5.42514e-15;-175;1718;11849;11872;1;286;-2.14748e+09;-7.22802e+06;0;0;0;0;0;0;349639315;351443663;11668114
1124;5.42789e-15;-169;1722;11906;11876;1;283;-2.14748e+09;-7.20687e+06;-1;0;0;0;-1;0;349919313;351734202;11715158
1124;5.42514e-15;-176;1718;11849;11872;1;286;-2.14748e+09;-7.20687e+06;0;0;0;0;0;0;349919313;351734202;11715158
1125;5.42789e-15;-169;1722;11906;11876;1;283;-2.14748e+09;-7.18581e+06;-1;0;0;0;-1;0;350198570;352024028;11762223
1125;5.42514e-15;-176;1718;11849;11872;1;286;-2.14748e+09;-7.18582e+06;-1;0;0;0;-1;0;350198570;352024028;11762223
1126;5.42789e-15;-169;1722;11906;11876;1;283;-2.14748e+09;-7.16485e+06;-1;0;0;0;-1;0;350477088;352313143;11809307
1126;5.42514e-15;-177;1718;11849;11872;1;286;-2.14748e+09;-7.16485e+06;0;0;0;0;0;0;350477088;352313143;11809307
1127;5.42789e-15;-169;1722;11906;11876;1;283;-2.14748e+09;-7.14398e+06;-1;0;0;0;-1;0;350754869;352601549;11856410
1127;5.42514e-15;-178;1718;11849;11872;1;286;-2.14748e+09;-7.14398e+06;0;0;0;0;0;0;350754869;352601549;11856410
1128;5.42789e-15;-169;1722;11906;11876;1;283;-2.14748e+09;-7.12321e+06;-1;0;0;0;-1;0;351031916;352889249;11903532
1128;5.42514e-15;-179;1718;11849;11872;1;286;-2.14748e+09;-7.12321e+06;0;0;0;0;0;0;351031916;352889249;11903532
1129;5.42789e-15;-170;1722;11906;11876;1;283;-2.14748e+09;-7.10252e+06;0;0;0;0;0;0;351308232;353176246;11950673
1129;5.42514e-15;-179;1718;11849;11872;1;286;-2.14748e+09;-7.10252e+06;-1;0;0;0;-1;0;351308232;353176246;11950673
1130;5.42789e-15;-170;1722;11906;11876;1;283;-2.14748e+09;-7.08193e+06;-1;0;0;0;-1;0;351583819;353462542;11997831
1130;5.42514e-15;-179;1718;11849;11872;1;286;-2.14748e+09;-7.08193e+06;-1;0;0;0;-1;0;351583819;353462542;11997831
1131;5.42789e-15;-171;1722;11906;11876;1;283;-2.14748e+09;-7.06142e+06;0;0;0;0;0;0;351858680;353748139;12045007
1131;5.42514e-15;-180;1718;11849;11872;1;286;-2.14748e+09;-7.06142e+06;0;0;0;0;0;0;351858680;353748139;12045007
1132;5.42789e-15;-172;1722;11906;11876;1;283;-2.14748e+09;-7.04101e+06;0;0;0;0;0;0;352132818;354033040;12092200
1132;5.42514e-15;-181;1718;11849;11872;1;286;-2.14748e+09;-7.04101e+06;0;0;0;0;0;0;352132818;354033040;12092200
1133;5.42789e-15;-172;1722;11906;11876;1;283;-2.14748e+09;-7.02068e+06;-1;0;0;0;-1;0;352406234;354317248;12139410
1133;5.42514e-15;-181;1718;11849;11872;1;286;-2.14748e+09;-7.02068e+06;-1;0;0;0;-1;0;352406234;354317248;12139410
1134;5.42789e-15;-172;1722;11906;11876;1;283;-2.14748e+09;-7.00044e+06;-1;0;0;0;-1;0;352678932;354600765;12186637
1134;5.42514e-15;-182;1718;11849;11872;1;286;-2.14748e+09;-7.00044e+06;0;0;0;0;0;0;352678932;354600765;12186637
1135;5.42789e-15;-172;1722;11906;11876;1;283;-2.14748e+09;-6.98029e+06;-1;0;0;0;-1;0;352950915;354883593;12233879
1135;5.42514e-15;-182;1718;11849;11872;1;286;-2.14748e+09;-6.98029e+06;-1;0;0;0;-1;0;352950915;354883593;12233879
1136;5.42789e-15;-172;1722;11906;11876;1;283;-2.14748e+09;-6.96023e+06;-1;0;0;0;-1;0;353222183;355165736;12281136
1136;5.42514e-15;-183;1718;11849;11872;1;286;-2.14748e+09;-6.96023e+06;0;0;0;0;0;0;353222183;355165736;12281136
1137;5.42789e-15;-172;1722;11906;11876;1;283;-2.14748e+09;-6.94026e+06;-1;0;0;0;-1;0;353492741;355447194;12328409
1137;5.42514e-15;-184;1718;11849;11872;1;286;-2.14748e+09;-6.94026e+06;0;0;0;0;0;0;353492741;355447194;12328409
1138;5.42789e-15;-173;1722;11906;11876;1;283;-2.14748e+09;-6.92037e+06;0;0;0;0;0;0;353762591;355727971;12375697
1138;5.42514e-15;-185;1718;11849;11872;1;286;-2.14748e+09;-6.92037e+06;0;0;0;0;0;0;353762591;355727971;12375697
1139;5.42789e-15;-173;1722;11906;11876;1;283;-2.14748e+09;-6.90056e+06;-1;0;0;0;-1;0;354031735;356008070;12422998
1139;5.42514e-15;-185;1718;11849;11872;1;286;-2.14748e+09;-6.90056e+06;-1;0;0;0;-1;0;354031735;356008070;12422998
1140;5.42789e-15;-173;1722;11906;11876;1;283;-2.14748e+09;-6.88085e+06;-1;0;0;0;-1;0;354300175;356287492;12470314
1140;5.42514e-15;-186;1718;11849;11872;1;286;-2.14748e+09;-6.88085e+06;0;0;0;0;0;0;354300175;356287492;12470314
1141;5.42789e-15;-173;1722;11906;11876;1;283;-2.14748e+09;-6.86121e+06;-1;0;0;0;-1;0;354567914;356566240;12517643
1141;5.42514e-15;-186;1718;11849;11872;1;286;-2.14748e+09;-6.86121e+06;-1;0;0;0;-1;0;354567914;356566240;12517643
1142;5.42789e-15;-173;1722;11906;11876;1;283;-2.14748e+09;-6.84166e+06;-1;0;0;0;-1;0;354834955;356844316;12564985
1142;5.42514e-15;-186;1718;11849;11872;1;286;-2.14748e+09;-6.84166e+06;-1;0;0;0;-1;0;354834955;356844316;12564985
1143;5.42789e-15;-174;1722;11906;11876;1;283;-2.14748e+09;-6.8222e+06;0;0;0;0;0;0;355101300;357121723;12612340
1143;5.42514e-15;-187;1718;11849;11872;1;286;-2.14748e+09;-6.8222e+06;0;0;0;0;0;0;355101300;357121723;12612340
1144;5.42789e-15;-174;1722;11906;11876;1;283;-2.14748e+09;-6.80282e+06;-1;0;0;0;-1;0;355366951;357398463;12659707
1144;5.42514e-15;-188;1718;11849;11872;1;286;-2.14748e+09;-6.80282e+06;0;0;0;0;0;0;355366951;357398463;12659707
1145;5.42789e-15;-175;1722;11906;11876;1;283;-2.14748e+09;-6.78352e+06;0;0;0;0;0;0;355631911;357674539;12707086
1145;5.42514e-15;-188;1718;11849;11872;1;286;-2.14748e+09;-6.78352e+06;-1;0;0;0;-1;0;355631911;357674539;12707086
1146;5.42789e-15;-176;1722;11906;11876;1;283;-2.14748e+09;-6.7643e+06;0;0;0;0;0;0;355896183;357949952;12754476
1146;5.42514e-15;-189;1718;11849;11872;1;286;-2.14748e+09;-6.7643e+06;0;0;0;0;0;0;355896183;357949952;12754476
1147;5.42789e-15;-177;1722;11906;11876;1;283;-2.14748e+09;-6.74516e+06;0;0;0;0;0;0;356159768;358224705;12801877
1147;5.42514e-15;-190;1718;11849;11872;1;286;-2.14748e+09;-6.74516e+06;0;0;0;0;0;0;356159768;358224705;12801877
1148;5.42789e-15;-178;1722;11906;11876;1;283;-2.14748e+09;-6.72611e+06;0;0;0;0;0;0;356422668;358498800;12849290
1148;5.42514e-15;-191;1718;11849;11872;1;286;-2.14748e+09;-6.72611e+06;0;0;0;0;0;0;356422668;358498800;12849290
1149;5.42789e-15;-179;1722;11906;11876;1;283;-2.14748e+09;-6.70723e+06;0;0;0;0;0;0;356684888;358772240;12896712
1149;5.42514e-15;-191;1718;11849;11872;1;286;-2.14748e+09;-6.70723e+06;-1;0;0;0;-1;0;356684888;358772240;12896712
1150;5.42789e-15;-180;1722;11906;11876;1;283;-2.14748e+09;-6.68834e+06;0;0;0;0;0;0;356946428;359045027;12944145
1150;5.42514e-15;-191;1718;11849;11872;1;286;-2.14748e+09;-6.68834e+06;-1;0;0;0;-1;0;356946428;359045027;12944145
1151;5.42789e-15;-181;1722;11906;11876;1;283;-2.14748e+09;-6.66942e+06;0;0;0;0;0;0;357207291;359317163;12991587
1151;5.42514e-15;-191;1718;11849;11872;1;286;-2.14748e+09;-6.66942e+06;-1;0;0;0;-1;0;357207291;359317163;12991587
1152;5.42789e-15;-182;1722;11906;11876;1;283;-2.14748e+09;-6.65069e+06;0;0;0;0;0;0;357467479;359588650;13039038
1152;5.42514e-15;-192;1718;11849;11872;1;286;-2.14748e+09;-6.65069e+06;0;0;0;0;0;0;357467479;359588650;13039038
1153;5.42789e-15;-182;1722;11906;11876;1;283;-2.14748e+09;-6.63203e+06;-1;0;0;0;-1;0;357726996;359859490;13086498
1153;5.42514e-15;-192;1718;11849;11872;1;286;-2.14748e+09;-6.63203e+06;-1;0;0;0;-1;0;357726996;359859490;13086498
1154;5.42789e-15;-182;1722;11906;11876;1;283;-2.14748e+09;-6.61345e+06;-1;0;0;0;-1;0;357985842;360129687;13133966
1154;5.42514e-15;-193;1718;11849;11872;1;286;-2.14748e+09;-6.61345e+06;0;0;0;0;0;0;357985842;360129687;13133966
1155;5.42789e-15;-182;1722;11906;11876;1;283;-2.14748e+09;-6.59495e+06;-1;0;0;0;-1;0;358244021;360399242;13181442
1155;5.42514e-15;-194;1718;11849;11872;1;286;-2.14748e+09;-6.59495e+06;0;0;0;0;0;0;358244021;360399242;13181442
1156;5.42789e-15;-183;1722;11906;11876;1;283;-2.14748e+09;-6.57652e+06;0;0;0;0;0;0;358501534;360668156;13228927
1156;5.42514e-15;-195;1718;11849;11872;1;286;-2.14748e+09;-6.57652e+06;0;0;0;0;0;0;358501534;360668156;13228927
1157;5.42789e-15;-184;1722;11906;11876;1;283;-2.14748e+09;-6.55818e+06;0;0;0;0;0;0;358758384;360936434;13276418
1157;5.42514e-15;-195;1718;11849;11872;1;286;-2.14748e+09;-6.55817e+06;-1;0;0;0;-1;0;358758384;360936434;13276418
1158;5.42789e-15;-184;1722;11906;11876;1;283;-2.14748e+09;-6.5399e+06;-1;0;0;0;-1;0;359014574;361204076;13323916
1158;5.42514e-15;-196;1718;11849;11872;1;286;-2.14748e+09;-6.5399e+06;0;0;0;0;0;0;359014574;361204076;13323916
1159;5.42789e-15;-185;1722;11906;11876;1;283;-2.14748e+09;-6.52171e+06;0;0;0;0;0;0;359270105;361471084;13371421
1159;5.42514e-15;-196;1718;11849;11872;1;286;-2.14748e+09;-6.52171e+06;-1;0;0;0;-1;0;359270105;361471084;13371421
1160;5.42789e-15;-185;1722;11906;11876;1;283;-2.14748e+09;-6.50359e+06;-1;0;0;0;-1;0;359524979;361737462;13418932
1160;5.42514e-15;-196;1718;11849;11872;1;286;-2.14748e+09;-6.50359e+06;-1;0;0;0;-1;0;359524979;361737462;13418932
1161;5.42789e-15;-185;1722;11906;11876;1;283;-2.14748e+09;-6.48564e+06;-1;0;0;0;-1;0;359779200;362003211;13466449
1161;5.42514e-15;-196;1718;11849;11872;1;286;-2.14748e+09;-6.48564e+06;-1;0;0;0;-1;0;359779200;362003211;13466449
1162;5.42789e-15;-186;1722;11906;11876;1;283;-2.14748e+09;-6.46757e+06;0;0;0;0;0;0;360032769;362268333;13513972
1162;5.42514e-15;-197;1718;11849;11872;1;286;-2.14748e+09;-6.46757e+06;0;0;0;0;0;0;360032769;362268333;13513972
1163;5.42789e-15;-187;1722;11906;11876;1;283;-2.14748e+09;-6.44967e+06;0;0;0;0;0;0;360285688;362532830;13561499
1163;5.42514e-15;-198;1718;11849;11872;1;286;-2.14748e+09;-6.44967e+06;0;0;0;0;0;0;360285688;362532830;13561499
1164;5.42789e-15;-187;1722;11906;11876;1;283;-2.14748e+09;-6.43184e+06;-1;0;0;0;-1;0;360537959;362796705;13609031
1164;5.42514e-15;-198;1718;11849;11872;1;286;-2.14748e+09;-6.43184e+06;-1;0;0;0;-1;0;360537959;362796705;13609031
1165;5.42789e-15;-188;1722;11906;11876;1;283;-2.14748e+09;-6.41419e+06;0;0;0;0;0;0;360789586;363059959;13656568
1165;5.42514e-15;-198;1718;11849;11872;1;286;-2.14748e+09;-6.41419e+06;-1;0;0;0;-1;0;360789586;363059959;13656568
1166;5.42789e-15;-189;1722;11906;11876;1;283;-2.14748e+09;-6.39642e+06;0;0;0;0;0;0;361040569;363322595;13704109
1166;5.42514e-15;-198;1718;11849;11872;1;286;-2.14748e+09;-6.39642e+06;-1;0;0;0;-1;0;361040569;363322595;13704109
1167;5.42789e-15;-189;1722;11906;11876;1;283;-2.14748e+09;-6.37881e+06;-1;0;0;0;-1;0;361290912;363584615;13751653
1167;5.42514e-15;-199;1718;11849;11872;1;286;-2.14748e+09;-6.37881e+06;0;0;0;0;0;0;361290912;363584615;13751653
1168;5.42789e-15;-189;1722;11906;11876;1;283;-2.14748e+09;-6.36127e+06;-1;0;0;0;-1;0;361540616;363846021;13799201
1168;5.42514e-15;-200;1718;11849;11872;1;286;-2.14748e+09;-6.36127e+06;0;0;0;0;0;0;361540616;363846021;13799201
1169;5.42789e-15;-189;1722;11906;11876;1;283;-2.14748e+09;-6.34381e+06;-1;0;0;0;-1;0;361789684;364106814;13846751
1169;5.42514e-15;-200;1718;11849;11872;1;286;-2.14748e+09;-6.34381e+06;-1;0;0;0;-1;0;361789684;364106814;13846751
1170;5.42789e-15;-190;1722;11906;11876;1;283;-2.14748e+09;-6.32642e+06;0;0;0;0;0;0;362038117;364366998;13894305
1170;5.42514e-15;-200;1718;11849;11872;1;286;-2.14748e+09;-6.32642e+06;-1;0;0;0;-1;0;362038117;364366998;13894305
1171;5.42789e-15;-191;1722;11906;11876;1;283;-2.14748e+09;-6.30909e+06;0;0;0;0;0;0;362285918;364626574;13941860
1171;5.42514e-15;-201;1718;11849;11872;1;286;-2.14748e+09;-6.30909e+06;0;0;0;0;0;0;362285918;364626574;13941860
1172;5.42789e-15;-192;1722;11906;11876;1;283;-2.14748e+09;-6.29184e+06;0;0;0;0;0;0;362533088;364885543;13989418
1172;5.42514e-15;-202;1718;11849;11872;1;286;-2.14748e+09;-6.29184e+06;0;0;0;0;0;0;362533088;364885543;13989418
1173;5.42789e-15;-193;1722;11906;11876;1;283;-2.14748e+09;-6.27466e+06;0;0;0;0;0;0;362779631;365143909;14036977
1173;5.42514e-15;-203;1718;11849;11872;1;286;-2.14748e+09;-6.27466e+06;0;0;0;0;0;0;362779631;365143909;14036977
1174;5.42789e-15;-193;1722;11906;11876;1;283;-2.14748e+09;-6.25754e+06;-1;0;0;0;-1;0;363025548;365401673;14084537
1174;5.42514e-15;-203;1718;11849;11872;1;286;-2.14748e+09;-6.25754e+06;-1;0;0;0;-1;0;363025548;365401673;14084537
1175;5.42789e-15;-194;1722;11906;11876;1;283;-2.14748e+09;-6.2405e+06;0;0;0;0;0;0;363270841;365658837;14132099
1175;5.42514e-15;-204;1718;11849;11872;1;286;-2.14748e+09;-6.2405e+06;0;0;0;0;0;0;363270841;365658837;14132099
1176;5.42789e-15;-194;1722;11906;11876;1;283;-2.14748e+09;-6.22352e+06;-1;0;0;0;-1;0;363515512;365915403;14179661
1176;5.42514e-15;-204;1718;11849;11872;1;286;-2.14748e+09;-6.22352e+06;-1;0;0;0;-1;0;363515512;365915403;14179661
1177;5.42789e-15;-194;1722;11906;11876;1;283;-2.14748e+09;-6.20661e+06;-1;0;0;0;-1;0;363759564;366171373;14227223
1177;5.42514e-15;-204;1718;11849;11872;1;286;-2.14748e+09;-6.20661e+06;-1;0;0;0;-1;0;363759564;366171373;14227223
1178;5.42789e-15;-195;1722;11906;11876;1;283;-2.14748e+09;-6.18977e+06;0;0;0;0;0;0;364002998;366426749;14274785
1178;5.42514e-15;-205;1718;11849;11872;1;286;-2.14748e+09;-6.18977e+06;0;0;0;0;0;0;364002998;366426749;14274785
1179;5.42789e-15;-195;1722;11906;11876;1;283;-2.14748e+09;-6.173e+06;-1;0;0;0;-1;0;364245816;366681533;14322347
1179;5.42514e-15;-205;1718;11849;11872;1;286;-2.14748e+09;-6.173e+06;-1;0;0;0;-1;0;364245816;366681533;14322347
1180;5.42789e-15;-195;1722;11906;11876;1;283;-2.14748e+09;-6.15639e+06;-1;0;0;0;-1;0;364488022;366935727;14369908
1180;5.42514e-15;-205;1718;11849;11872;1;286;-2.14748e+09;-6.15639e+06;-1;0;0;0;-1;0;364488022;366935727;14369908
1181;5.42789e-15;-196;1722;11906;11876;1;283;-2.14748e+09;-6.13975e+06;0;0;0;0;0;0;364729615;367189333;14417467
1181;5.42514e-15;-206;1718;11849;11872;1;286;-2.14748e+09;-6.13975e+06;0;0;0;0;0;0;364729615;367189333;14417467
1182;5.42789e-15;-197;1722;11906;11876;1;283;-2.14748e+09;-6.12307e+06;0;0;0;0;0;0;364970599;367442353;14465026
1182;5.42514e-15;-207;1718;11849;11872;1;286;-2.14748e+09;-6.12307e+06;0;0;0;0;0;0;364970599;367442353;14465026
1183;5.42789e-15;-198;1722;11906;11876;1;283;-2.14748e+09;-6.10656e+06;0;0;0;0;0;0;365210976;367694789;14512583
1183;5.42514e-15;-208;1718;11849;11872;1;286;-2.14748e+09;-6.10656e+06;0;0;0;0;0;0;365210976;367694789;14512583
1184;5.42789e-15;-199;1722;11906;11876;1;283;-2.14748e+09;-6.09012e+06;0;0;0;0;0;0;365450748;367946642;14560138
1184;5.42514e-15;-208;1718;11849;11872;1;286;-2.14748e+09;-6.09012e+06;-1;0;0;0;-1;0;365450748;367946642;14560138
1185;5.42789e-15;-200;1722;11906;11876;1;283;-2.14748e+09;-6.07384e+06;0;0;0;0;0;0;365689916;368197915;14607690
1185;5.42514e-15;-208;1718;11849;11872;1;286;-2.14748e+09;-6.07384e+06;-1;0;0;0;-1;0;365689916;368197915;14607690
1186;5.42789e-15;-200;1722;11906;11876;1;283;-2.14748e+09;-6.05743e+06;-1;0;0;0;-1;0;365928482;368448610;14655240
1186;5.42514e-15;-209;1718;11849;11872;1;286;-2.14748e+09;-6.05743e+06;0;0;0;0;0;0;365928482;368448610;14655240
1187;5.42789e-15;-200;1722;11906;11876;1;283;-2.14748e+09;-6.04118e+06;-1;0;0;0;-1;0;366166450;368698728;14702786
1187;5.42514e-15;-210;1718;11849;11872;1;286;-2.14748e+09;-6.04118e+06;0;0;0;0;0;0;366166450;368698728;14702786
1188;5.42789e-15;-200;1722;11906;11876;1;283;-2.14748e+09;-6.02499e+06;-1;0;0;0;-1;0;366403820;368948271;14750330
1188;5.42514e-15;-210;1718;11849;11872;1;286;-2.14748e+09;-6.02499e+06;-1;0;0;0;-1;0;366403820;368948271;14750330
1189;5.42789e-15;-200;1722;11906;11876;1;283;-2.14748e+09;-6.00886e+06;-1;0;0;0;-1;0;366640594;369197241;14797870
1189;5.42514e-15;-211;1718;11849;11872;1;286;-2.14748e+09;-6.00886e+06;0;0;0;0;0;0;366640594;369197241;14797870
1190;5.42789e-15;-200;1722;11906;11876;1;283;-2.14748e+09;-5.9928e+06;-1;0;0;0;-1;0;366876775;369445640;14845405
1190;5.42514e-15;-212;1718;11849;11872;1;286;-2.14748e+09;-5.9928e+06;0;0;0;0;0;0;366876775;369445640;14845405
1191;5.42789e-15;-200;1722;11906;11876;1;283;-2.14748e+09;-5.97681e+06;-1;0;0;0;-1;0;367112364;369693471;14892937
1191;5.42514e-15;-212;1718;11849;11872;1;286;-2.14748e+09;-5.97681e+06;-1;0;0;0;-1;0;367112364;369693471;14892937
1192;5.42789e-15;-200;1722;11906;11876;1;283;-2.14748e+09;-5.96087e+06;-1;0;0;0;-1;0;367347364;369940734;14940464
1192;5.42514e-15;-213;1718;11849;11872;1;286;-2.14748e+09;-5.96087e+06;0;0;0;0;0;0;367347364;369940734;14940464
1193;5.42789e-15;-200;1722;11906;11876;1;283;-2.14748e+09;-5.945e+06;-1;0;0;0;-1;0;367581776;370187431;14987986
1193;5.42514e-15;-213;1718;11849;11872;1;286;-2.14748e+09;-5.945e+06;-1;0;0;0;-1;0;367581776;370187431;14987986
1194;5.42789e-15;-200;1722;11906;11876;1;283;-2.14748e+09;-5.92918e+06;-1;0;0;0;-1;0;367815602;370433565;15035503
1194;5.42514e-15;-213;1718;11849;11872;1;286;-2.14748e+09;-5.92918e+06;-1;0;0;0;-1;0;367815602;370433565;15035503
1195;5.42789e-15;-201;1722;11906;11876;1;283;-2.14748e+09;-5.91343e+06;0;0;0;0;0;0;368048844;370679137;15083015
1195;5.42514e-15;-213;1718;11849;11872;1;286;-2.14748e+09;-5.91343e+06;-1;0;0;0;-1;0;368048844;370679137;15083015
1196;5.42789e-15;-202;1722;11906;11876;1;283;-2.14748e+09;-5.89774e+06;0;0;0;0;0;0;368281505;370924149;15130520
1196;5.42514e-15;-213;1718;11849;11872;1;286;-2.14748e+09;-5.89774e+06;-1;0;0;0;-1;0;368281505;370924149;15130520
1197;5.42789e-15;-203;1722;11906;11876;1;283;-2.14748e+09;-5.88211e+06;0;0;0;0;0;0;368513585;371168602;15178020
1197;5.42514e-15;-214;1718;11849;11872;1;286;-2.14748e+09;-5.88211e+06;0;0;0;0;0;0;368513585;371168602;15178020
1198;5.42789e-15;-204;1722;11906;11876;1;283;-2.14748e+09;-5.86654e+06;0;0;0;0;0;0;368745087;371412500;15225513
1198;5.42514e-15;-214;1718;11849;11872;1;286;-2.14748e+09;-5.86654e+06;-1;0;0;0;-1;0;368745087;371412500;15225513
1199;5.42789e-15;-204;1722;11906;11876;1;283;-2.14748e+09;-5.85103e+06;-1;0;0;0;-1;0;368976013;371655843;15273000
1199;5.42514e-15;-214;1718;11849;11872;1;286;-2.14748e+09;-5.85103e+06;-1;0;0;0;-1;0;368976013;371655843;15273000
1200;5.42789e-15;-204;1722;11906;11876;1;283;-2.14748e+09;-5.83558e+06;-1;0;0;0;-1;0;369206364;371898632;15320479
1200;5.42514e-15;-214;1718;11849;11872;1;286;-2.14748e+09;-5.83558e+06;-1;0;0;0;-1;0;369206364;371898632;15320479
1201;5.42789e-15;-205;1722;11906;11876;1;283;-2.14748e+09;-5.82019e+06;0;0;0;0;0;0;369436143;372140871;15367952
1201;5.42514e-15;-214;1718;11849;11872;1;286;-2.14748e+09;-5.82019e+06;-1;0;0;0;-1;0;369436143;372140871;15367952
1202;5.42789e-15;-206;1722;11906;11876;1;283;-2.14748e+09;-5.80496e+06;0;0;0;0;0;0;369665351;372382561;15415416
1202;5.42514e-15;-215;1718;11849;11872;1;286;-2.14748e+09;-5.80496e+06;0;0;0;0;0;0;369665351;372382561;15415416
1203;5.42789e-15;-207;1722;11906;11876;1;283;-2.14748e+09;-5.78958e+06;0;0;0;0;0;0;369893990;372623702;15462873
1203;5.42514e-15;-215;1718;11849;11872;1;286;-2.14748e+09;-5.78958e+06;-1;0;0;0;-1;0;369893990;372623702;15462873
1204;5.42789e-15;-208;1722;11906;11876;1;283;-2.14748e+09;-5.77447e+06;0;0;0;0;0;0;370122062;372864299;15510322
1204;5.42514e-15;-215;1718;11849;11872;1;286;-2.14748e+09;-5.77447e+06;-1;0;0;0;-1;0;370122062;372864299;15510322
1205;5.42789e-15;-208;1722;11906;11876;1;283;-2.14748e+09;-5.75921e+06;-1;0;0;0;-1;0;370349569;373104350;15557762
1205;5.42514e-15;-215;1718;11849;11872;1;286;-2.14748e+09;-5.75921e+06;-1;0;0;0;-1;0;370349569;373104350;15557762
1206;5.42789e-15;-209;1722;11906;11876;1;283;-2.14748e+09;-5.74411e+06;0;0;0;0;0;0;370576513;373343860;15605194
1206;5.42514e-15;-216;1718;11849;11872;1;286;-2.14748e+09;-5.74411e+06;0;0;0;0;0;0;370576513;373343860;15605194
1207;5.42789e-15;-209;1722;11906;11876;1;283;-2.14748e+09;-5.72907e+06;-1;0;0;0;-1;0;370802895;373582829;15652617
1207;5.42514e-15;-217;1718;11849;11872;1;286;-2.14748e+09;-5.72907e+06;0;0;0;0;0;0;370802895;373582829;15652617
1208;5.42789e-15;-210;1722;11906;11876;1;283;-2.14748e+09;-5.71408e+06;0;0;0;0;0;0;371028717;373821259;15700030
1208;5.42514e-15;-217;1718;11849;11872;1;286;-2.14748e+09;-5.71408e+06;-1;0;0;0;-1;0;371028717;373821259;15700030
1209;5.42789e-15;-210;1722;11906;11876;1;283;-2.14748e+09;-5.69925e+06;-1;0;0;0;-1;0;371253981;374059151;15747434
1209;5.42514e-15;-217;1718;11849;11872;1;286;-2.14748e+09;-5.69925e+06;-1;0;0;0;-1;0;371253981;374059151;15747434
1210;5.42789e-15;-211;1722;11906;11876;1;283;-2.14748e+09;-5.68438e+06;0;0;0;0;0;0;371478689;374296508;15794828
1210;5.42514e-15;-217;1718;11849;11872;1;286;-2.14748e+09;-5.68438e+06;-1;0;0;0;-1;0;371478689;374296508;15794828
1211;5.42789e-15;-211;1722;11906;11876;1;283;-2.14748e+09;-5.66956e+06;-1;0;0;0;-1;0;371702842;374533332;15842212
1211;5.42514e-15;-218;1718;11849;11872;1;286;-2.14748e+09;-5.66956e+06;0;0;0;0;0;0;371702842;374533332;15842212
1212;5.42789e-15;-212;1722;11906;11876;1;283;-2.14748e+09;-5.6547e+06;0;0;0;0;0;0;371926443;374769623;15889585
1212;5.42514e-15;-219;1718;11849;11872;1;286;-2.14748e+09;-5.6547e+06;0;0;0;0;0;0;371926443;374769623;15889585
1213;5.42789e-15;-212;1722;11906;11876;1;283;-2.14748e+09;-5.63999e+06;-1;0;0;0;-1;0;372149493;375005383;15936948
1213;5.42514e-15;-219;1718;11849;11872;1;286;-2.14748e+09;-5.63999e+06;-1;0;0;0;-1;0;372149493;375005383;15936948
1214;5.42789e-15;-212;1722;11906;11876;1;283;-2.14748e+09;-5.62534e+06;-1;0;0;0;-1;0;372371994;375240615;15984300
1214;5.42514e-15;-220;1718;11849;11872;1;286;-2.14748e+09;-5.62534e+06;0;0;0;0;0;0;372371994;375240615;15984300
1215;5.42789e-15;-212;1722;11906;11876;1;283;-2.14748e+09;-5.61074e+06;-1;0;0;0;-1;0;372593947;375475319;16031640
1215;5.42514e-15;-221;1718;11849;11872;1;286;-2.14748e+09;-5.61074e+06;0;0;0;0;0;0;372593947;375475319;16031640
1216;5.42789e-15;-213;1722;11906;11876;1;283;-2.14748e+09;-5.5962e+06;0;0;0;0;0;0;372815355;375709498;16078969
1216;5.42514e-15;-221;1718;11849;11872;1;286;-2.14748e+09;-5.5962e+06;-1;0;0;0;-1;0;372815355;375709498;16078969
1217;5.42789e-15;-214;1722;11906;11876;1;283;-2.14748e+09;-5.58181e+06;0;0;0;0;0;0;373036219;375943153;16126287
1217;5.42514e-15;-222;1718;11849;11872;1;286;-2.14748e+09;-5.58181e+06;0;0;0;0;0;0;373036219;375943153;16126287
1218;5.42789e-15;-215;1722;11906;11876;1;283;-2.14748e+09;-5.56728e+06;0;0;0;0;0;0;373256540;376176285;16173592
1218;5.42514e-15;-222;1718;11849;11872;1;286;-2.14748e+09;-5.56728e+06;-1;0;0;0;-1;0;373256540;376176285;16173592
1219;5.42789e-15;-215;1722;11906;11876;1;283;-2.14748e+09;-5.5529e+06;-1;0;0;0;-1;0;373476321;376408897;16220885
1219;5.42514e-15;-222;1718;11849;11872;1;286;-2.14748e+09;-5.5529e+06;-1;0;0;0;-1;0;373476321;376408897;16220885
1220;5.42789e-15;-215;1722;11906;11876;1;283;-2.14748e+09;-5.53857e+06;-1;0;0;0;-1;0;373695564;376640990;16268166
1220;5.42514e-15;-223;1718;11849;11872;1;286;-2.14748e+09;-5.53857e+06;0;0;0;0;0;0;373695564;376640990;16268166
1221;5.42789e-15;-216;1722;11906;11876;1;283;-2.14748e+09;-5.5243e+06;0;0;0;0;0;0;373914269;376872565;16315434
1221;5.42514e-15;-223;1718;11849;11872;1;286;-2.14748e+09;-5.5243e+06;-1;0;0;0;-1;0;373914269;376872565;16315434
1222;5.42789e-15;-217;1722;11906;11876;1;283;-2.14748e+09;-5.51017e+06;0;0;0;0;0;0;374132439;377103625;16362688
1222;5.42514e-15;-223;1718;11849;11872;1;286;-2.14748e+09;-5.51017e+06;-1;0;0;0;-1;0;374132439;377103625;16362688
1223;5.42789e-15;-217;1722;11906;11876;1;283;-2.14748e+09;-5.4959e+06;-1;0;0;0;-1;0;374350075;377334170;16409929
1223;5.42514e-15;-224;1718;11849;11872;1;286;-2.14748e+09;-5.4959e+06;0;0;0;0;0;0;374350075;377334170;16409929
1224;5.42789e-15;-218;1722;11906;11876;1;283;-2.14748e+09;-5.48189e+06;0;0;0;0;0;0;374567180;377564203;16457157
1224;5.42514e-15;-225;1718;11849;11872;1;286;-2.14748e+09;-5.48189e+06;0;0;0;0;0;0;374567180;377564203;16457157
1225;5.42789e-15;-218;1722;11906;11876;1;283;-2.14748e+09;-5.46772e+06;-1;0;0;0;-1;0;374783754;377793724;16504371
1225;5.42514e-15;-225;1718;11849;11872;1;286;-2.14748e+09;-5.46772e+06;-1;0;0;0;-1;0;374783754;377793724;16504371
1226;5.42789e-15;-218;1722;11906;11876;1;283;-2.14748e+09;-5.45371e+06;-1;0;0;0;-1;0;374999799;378022736;16551571
1226;5.42514e-15;-225;1718;11849;11872;1;286;-2.14748e+09;-5.45371e+06;-1;0;0;0;-1;0;374999799;378022736;16551571
1227;5.42789e-15;-218;1722;11906;11876;1;283;-2.14748e+09;-5.43974e+06;-1;0;0;0;-1;0;375215317;378251240;16598756
1227;5.42514e-15;-226;1718;11849;11872;1;286;-2.14748e+09;-5.43974e+06;0;0;0;0;0;0;375215317;378251240;16598756
1228;5.42789e-15;-219;1722;11906;11876;1;283;-2.14748e+09;-5.42593e+06;0;0;0;0;0;0;375430310;378479237;16645927
1228;5.42514e-15;-226;1718;11849;11872;1;286;-2.14748e+09;-5.42593e+06;-1;0;0;0;-1;0;375430310;378479237;16645927
1229;5.42789e-15;-219;1722;11906;11876;1;283;-2.14748e+09;-5.41197e+06;-1;0;0;0;-1;0;375644779;378706730;16693083
1229;5.42514e-15;-226;1718;11849;11872;1;286;-2.14748e+09;-5.41197e+06;-1;0;0;0;-1;0;375644779;378706730;16693083
1230;5.42789e-15;-220;1722;11906;11876;1;283;-2.14748e+09;-5.39816e+06;0;0;0;0;0;0;375858727;378933719;16740224
1230;5.42514e-15;-227;1718;11849;11872;1;286;-2.14748e+09;-5.39816e+06;0;0;0;0;0;0;375858727;378933719;16740224
1231;5.42789e-15;-220;1722;11906;11876;1;283;-2.14748e+09;-5.3844e+06;-1;0;0;0;-1;0;376072153;379160207;16787349
1231;5.42514e-15;-228;1718;11849;11872;1;286;-2.14748e+09;-5.3844e+06;0;0;0;0;0;0;376072153;379160207;16787349
1232;5.42789e-15;-221;1722;11906;11876;1;283;-2.14748e+09;-5.37079e+06;0;0;0;0;0;0;376285061;379386194;16834459
1232;5.42514e-15;-228;1718;11849;11872;1;286;-2.14748e+09;-5.37079e+06;-1;0;0;0;-1;0;376285061;379386194;16834459
1233;5.42789e-15;-221;1722;11906;11876;1;283;-2.14748e+09;-5.35702e+06;-1;0;0;0;-1;0;376497452;379611683;16881553
1233;5.42514e-15;-229;1718;11849;11872;1;286;-2.14748e+09;-5.35702e+06;0;0;0;0;0;0;376497452;379611683;16881553
1234;5.42789e-15;-221;1722;11906;11876;1;283;-2.14748e+09;-5.34341e+06;-1;0;0;0;-1;0;376709327;379836674;16928631
1234;5.42514e-15;-229;1718;11849;11872;1;286;-2.14748e+09;-5.34341e+06;-1;0;0;0;-1;0;376709327;379836674;16928631
1235;5.42789e-15;-222;1722;11906;11876;1;283;-2.14748e+09;-5.32985e+06;0;0;0;0;0;0;376920689;380061170;16975693
1235;5.42514e-15;-230;1718;11849;11872;1;286;-2.14748e+09;-5.32985e+06;0;0;0;0;0;0;376920689;380061170;16975693
1236;5.42789e-15;-223;1722;11906;11876;1;283;-2.14748e+09;-5.31634e+06;0;0;0;0;0;0;377131537;380285171;17022738
1236;5.42514e-15;-231;1718;11849;11872;1;286;-2.14748e+09;-5.31634e+06;0;0;0;0;0;0;377131537;380285171;17022738
1237;5.42789e-15;-223;1722;11906;11876;1;283;-2.14748e+09;-5.30287e+06;-1;0;0;0;-1;0;377341875;380508680;17069767
1237;5.42514e-15;-232;1718;11849;11872;1;286;-2.14748e+09;-5.30287e+06;0;0;0;0;0;0;377341875;380508680;17069767
1238;5.42789e-15;-223;1722;11906;11876;1;283;-2.14748e+09;-5.28945e+06;-1;0;0;0;-1;0;377551704;380731697;17116778
1238;5.42514e-15;-232;1718;11849;11872;1;286;-2.14748e+09;-5.28945e+06;-1;0;0;0;-1;0;377551704;380731697;17116778
1239;5.42789e-15;-224;1722;11906;11876;1;283;-2.14748e+09;-5.27608e+06;0;0;0;0;0;0;377761025;380954225;17163772
1239;5.42514e-15;-232;1718;11849;11872;1;286;-2.14748e+09;-5.27608e+06;-1;0;0;0;-1;0;377761025;380954225;17163772
1240;5.42789e-15;-224;1722;11906;11876;1;283;-2.14748e+09;-5.26276e+06;0;0;-1;0;0;-1;377969841;381176264;17210748
1240;5.42514e-15;-233;1718;11849;11872;1;286;-2.14748e+09;-5.26276e+06;0;0;0;0;0;0;377969841;381176264;17210748
1241;5.42789e-15;-225;1722;11906;11876;1;283;-2.14748e+09;-5.24949e+06;0;0;0;0;0;0;378178151;381397817;17257707
1241;5.42514e-15;-234;1718;11849;11872;1;286;-2.14748e+09;-5.24949e+06;0;0;0;0;0;0;378178151;381397817;17257707
1242;5.42789e-15;-226;1722;11906;11876;1;283;-2.14748e+09;-5.23626e+06;0;0;0;0;0;0;378385959;381618884;17304648
1242;5.42514e-15;-234;1718;11849;11872;1;286;-2.14748e+09;-5.23626e+06;-1;0;0;0;-1;0;378385959;381618884;17304648
1243;5.42789e-15;-226;1722;11906;11876;1;283;-2.14748e+09;-5.22308e+06;-1;0;0;0;-1;0;378593265;381839467;17351570
1243;5.42514e-15;-235;1718;11849;11872;1;286;-2.14748e+09;-5.22308e+06;0;0;0;0;0;0;378593265;381839467;17351570
1244;5.42789e-15;-227;1722;11906;11876;1;283;-2.14748e+09;-5.21005e+06;0;0;0;0;0;0;378800072;382059568;17398474
1244;5.42514e-15;-236;1718;11849;11872;1;286;-2.14748e+09;-5.21005e+06;0;0;0;0;0;0;378800072;382059568;17398474
1245;5.42789e-15;-227;1722;11906;11876;1;283;-2.14748e+09;-5.19696e+06;-1;0;0;0;-1;0;379006380;382279188;17445360
1245;5.42514e-15;-237;1718;11849;11872;1;286;-2.14748e+09;-5.19696e+06;0;0;0;0;0;0;379006380;382279188;17445360
1246;5.42789e-15;-227;1722;11906;11876;1;283;-2.14748e+09;-5.18382e+06;-1;0;0;0;-1;0;379212191;382498328;17492226
1246;5.42514e-15;-238;1718;11849;11872;1;286;-2.14748e+09;-5.18382e+06;0;0;0;0;0;0;379212191;382498328;17492226
1247;5.42789e-15;-227;1722;11906;11876;1;283;-2.14748e+09;-5.17083e+06;-1;0;0;0;-1;0;379417507;382716991;17539074
1247;5.42514e-15;-239;1718;11849;11872;1;286;-2.14748e+09;-5.17083e+06;0;0;0;0;0;0;379417507;382716991;17539074
1248;5.42789e-15;-227;1722;11906;11876;1;283;-2.14748e+09;-5.15788e+06;-1;0;0;0;-1;0;379622330;382935176;17585902
1248;5.42514e-15;-240;1718;11849;11872;1;286;-2.14748e+09;-5.15788e+06;0;0;0;0;0;0;379622330;382935176;17585902
1249;5.42789e-15;-227;1722;11906;11876;1;283;-2.14748e+09;-5.14498e+06;-1;0;0;0;-1;0;379826660;383152886;17632711
1249;5.42514e-15;-241;1718;11849;11872;1;286;-2.14748e+09;-5.14498e+06;0;0;0;0;0;0;379826660;383152886;17632711
1250;5.42789e-15;-227;1722;11906;11876;1;283;-2.14748e+09;-5.13212e+06;-1;0;0;0;-1;0;380030499;383370122;17679500
1250;5.42514e-15;-241;1718;11849;11872;1;286;-2.14748e+09;-5.13212e+06;-1;0;0;0;-1;0;380030499;383370122;17679500
1251;5.42789e-15;-228;1722;11906;11876;1;283;-2.14748e+09;-5.11931e+06;0;0;0;0;0;0;380233849;383586886;17726268
1251;5.42514e-15;-241;1718;11849;11872;1;286;-2.14748e+09;-5.11931e+06;-1;0;0;0;-1;0;380233849;383586886;17726268
1252;5.42789e-15;-228;1722;11906;11876;1;283;-2.14748e+09;-5.10655e+06;-1;0;0;0;-1;0;380436712;383803179;17773017
1252;5.42514e-15;-242;1718;11849;11872;1;286;-2.14748e+09;-5.10655e+06;0;0;0;0;0;0;380436712;383803179;17773017
1253;5.42789e-15;-229;1722;11906;11876;1;283;-2.14748e+09;-5.09382e+06;0;0;0;0;0;0;380639088;384019002;17819745
1253;5.42514e-15;-243;1718;11849;11872;1;286;-2.14748e+09;-5.09382e+06;0;0;0;0;0;0;380639088;384019002;17819745
1254;5.42789e-15;-229;1722;11906;11876;1;283;-2.14748e+09;-5.08115e+06;-1;0;0;0;-1;0;380840979;384234356;17866453
1254;5.42514e-15;-243;1718;11849;11872;1;286;-2.14748e+09;-5.08115e+06;-1;0;0;0;-1;0;380840979;384234356;17866453
1255;5.42789e-15;-230;1722;11906;11876;1;283;-2.14748e+09;-5.06861e+06;0;0;0;0;0;0;381042388;384449244;17913139
1255;5.42514e-15;-244;1718;11849;11872;1;286;-2.14748e+09;-5.06861e+06;0;0;0;0;0;0;381042388;384449244;17913139
1256;5.42789e-15;-230;1722;11906;11876;1;283;-2.14748e+09;-5.05592e+06;-1;0;0;0;-1;0;381243314;384663666;17959805
1256;5.42514e-15;-245;1718;11849;11872;1;286;-2.14748e+09;-5.05592e+06;0;0;0;0;0;0;381243314;384663666;17959805
1257;5.42789e-15;-231;1722;11906;11876;1;283;-2.14748e+09;-5.04338e+06;0;0;0;0;0;0;381443760;384877624;18006449
1257;5.42514e-15;-246;1718;11849;11872;1;286;-2.14748e+09;-5.04338e+06;0;0;0;0;0;0;381443760;384877624;18006449
1258;5.42789e-15;-232;1722;11906;11876;1;283;-2.14748e+09;-5.03098e+06;0;0;0;0;0;0;381643727;385091119;18053072
1258;5.42514e-15;-246;1718;11849;11872;1;286;-2.14748e+09;-5.03098e+06;-1;0;0;0;-1;0;381643727;385091119;18053072
1259;5.42789e-15;-233;1722;11906;11876;1;283;-2.14748e+09;-5.01842e+06;0;0;0;0;0;0;381843216;385304152;18099674
1259;5.42514e-15;-246;1718;11849;11872;1;286;-2.14748e+09;-5.01842e+06;-1;0;0;0;-1;0;381843216;385304152;18099674
1260;5.42789e-15;-234;1722;11906;11876;1;283;-2.14748e+09;-5.0061e+06;0;0;0;0;0;0;382042230;385516726;18146253
1260;5.42514e-15;-246;1718;11849;11872;1;286;-2.14748e+09;-5.0061e+06;-1;0;0;0;-1;0;382042230;385516726;18146253
1261;5.42789e-15;-234;1722;11906;11876;1;283;-2.14748e+09;-4.99363e+06;-1;0;0;0;-1;0;382240769;385728840;18192810
1261;5.42514e-15;-246;1718;11849;11872;1;286;-2.14748e+09;-4.99363e+06;-1;0;0;0;-1;0;382240769;385728840;18192810
1262;5.42789e-15;-235;1722;11906;11876;1;283;-2.14748e+09;-4.9813e+06;0;0;0;0;0;0;382438834;385940497;18239345
1262;5.42514e-15;-247;1718;11849;11872;1;286;-2.14748e+09;-4.9813e+06;0;0;0;0;0;0;382438834;385940497;18239345
1263;5.42789e-15;-235;1722;11906;11876;1;283;-2.14748e+09;-4.96901e+06;-1;0;0;0;-1;0;382636428;386151698;18285857
1263;5.42514e-15;-247;1718;11849;11872;1;286;-2.14748e+09;-4.96901e+06;-1;0;0;0;-1;0;382636428;386151698;18285857
1264;5.42789e-15;-236;1722;11906;11876;1;283;-2.14748e+09;-4.95677e+06;0;0;0;0;0;0;382833552;386362445;18332347
1264;5.42514e-15;-247;1718;11849;11872;1;286;-2.14748e+09;-4.95677e+06;-1;0;0;0;-1;0;382833552;386362445;18332347
1265;5.42789e-15;-236;1722;11906;11876;1;283;-2.14748e+09;-4.94456e+06;-1;0;0;0;-1;0;383030207;386572737;18378814
1265;5.42514e-15;-247;1718;11849;11872;1;286;-2.14748e+09;-4.94456e+06;-1;0;0;0;-1;0;383030207;386572737;18378814
1266;5.42789e-15;-236;1722;11906;11876;1;283;-2.14748e+09;-4.9324e+06;-1;0;0;0;-1;0;383226394;386782578;18425257
1266;5.42514e-15;-248;1718;11849;11872;1;286;-2.14748e+09;-4.9324e+06;0;0;0;0;0;0;383226394;386782578;18425257
1267;5.42789e-15;-236;1722;11906;11876;1;283;-2.14748e+09;-4.92028e+06;-1;0;0;0;-1;0;383422116;386991967;18471678
1267;5.42514e-15;-249;1718;11849;11872;1;286;-2.14748e+09;-4.92028e+06;0;0;0;0;0;0;383422116;386991967;18471678
1268;5.42789e-15;-237;1722;11906;11876;1;283;-2.14748e+09;-4.9082e+06;0;0;0;0;0;0;383617372;387200908;18518074
1268;5.42514e-15;-250;1718;11849;11872;1;286;-2.14748e+09;-4.9082e+06;0;0;0;0;0;0;383617372;387200908;18518074
1269;5.42789e-15;-238;1722;11906;11876;1;283;-2.14748e+09;-4.89617e+06;0;0;0;0;0;0;383812166;387409399;18564448
1269;5.42514e-15;-251;1718;11849;11872;1;286;-2.14748e+09;-4.89617e+06;0;0;0;0;0;0;383812166;387409399;18564448
1270;5.42789e-15;-238;1722;11906;11876;1;283;-2.14748e+09;-4.88417e+06;-1;0;0;0;-1;0;384006497;387617444;18610797
1270;5.42514e-15;-251;1718;11849;11872;1;286;-2.14748e+09;-4.88417e+06;-1;0;0;0;-1;0;384006497;387617444;18610797
1271;5.42789e-15;-239;1722;11906;11876;1;283;-2.14748e+09;-4.87222e+06;0;0;0;0;0;0;384200368;387825043;18657122
1271;5.42514e-15;-252;1718;11849;11872;1;286;-2.14748e+09;-4.87222e+06;0;0;0;0;0;0;384200368;387825043;18657122
1272;5.42789e-15;-239;1722;11906;11876;1;283;-2.14748e+09;-4.8603e+06;-1;0;0;0;-1;0;384393780;388032198;18703423
1272;5.42514e-15;-252;1718;11849;11872;1;286;-2.14748e+09;-4.8603e+06;-1;0;0;0;-1;0;384393780;388032198;18703423
1273;5.42789e-15;-240;1722;11906;11876;1;283;-2.14748e+09;-4.84843e+06;0;0;0;0;0;0;384586734;388238910;18749699
1273;5.42514e-15;-252;1718;11849;11872;1;286;-2.14748e+09;-4.84843e+06;-1;0;0;0;-1;0;384586734;388238910;18749699
1274;5.42789e-15;-240;1722;11906;11876;1;283;-2.14748e+09;-4.83659e+06;-1;0;0;0;-1;0;384779231;388445179;18795951
1274;5.42514e-15;-252;1718;11849;11872;1;286;-2.14748e+09;-4.83659e+06;-1;0;0;0;-1;0;384779231;388445179;18795951
1275;5.42789e-15;-240;1722;11906;11876;1;283;-2.14748e+09;-4.8248e+06;-1;0;0;0;-1;0;384971273;388651008;18842178
1275;5.42514e-15;-253;1718;11849;11872;1;286;-2.14748e+09;-4.8248e+06;0;0;0;0;0;0;384971273;388651008;18842178
1276;5.42789e-15;-240;1722;11906;11876;1;283;-2.14748e+09;-4.81304e+06;-1;0;0;0;-1;0;385162862;388856398;18888380
1276;5.42514e-15;-253;1718;11849;11872;1;286;-2.14748e+09;-4.81304e+06;-1;0;0;0;-1;0;385162862;388856398;18888380
1277;5.42789e-15;-241;1722;11906;11876;1;283;-2.14748e+09;-4.80133e+06;0;0;0;0;0;0;385353998;389061350;18934557
1277;5.42514e-15;-253;1718;11849;11872;1;286;-2.14748e+09;-4.80133e+06;-1;0;0;0;-1;0;385353998;389061350;18934557
1278;5.42789e-15;-242;1722;11906;11876;1;283;-2.14748e+09;-4.78965e+06;0;0;0;0;0;0;385544684;389265865;18980708
1278;5.42514e-15;-253;1718;11849;11872;1;286;-2.14748e+09;-4.78965e+06;-1;0;0;0;-1;0;385544684;389265865;18980708
1279;5.42789e-15;-243;1722;11906;11876;1;283;-2.14748e+09;-4.77802e+06;0;0;0;0;0;0;385734919;389469944;19026834
1279;5.42514e-15;-254;1718;11849;11872;1;286;-2.14748e+09;-4.77802e+06;0;0;0;0;0;0;385734919;389469944;19026834
1280;5.42789e-15;-243;1722;11906;11876;1;283;-2.14748e+09;-4.76642e+06;-1;0;0;0;-1;0;385924707;389673589;19072933
1280;5.42514e-15;-255;1718;11849;11872;1;286;-2.14748e+09;-4.76642e+06;0;0;0;0;0;0;385924707;389673589;19072933
1281;5.42789e-15;-243;1722;11906;11876;1;283;-2.14748e+09;-4.75486e+06;-1;0;0;0;-1;0;386114047;389876800;19119007
1281;5.42514e-15;-256;1718;11849;11872;1;286;-2.14748e+09;-4.75486e+06;0;0;0;0;0;0;386114047;389876800;19119007
1282;5.42789e-15;-243;1722;11906;11876;1;283;-2.14748e+09;-4.74334e+06;-1;0;0;0;-1;0;386302942;390079580;19165055
1282;5.42514e-15;-257;1718;11849;11872;1;286;-2.14748e+09;-4.74334e+06;0;0;0;0;0;0;386302942;390079580;19165055
1283;5.42789e-15;-243;1722;11906;11876;1;283;-2.14748e+09;-4.73186e+06;-1;0;0;0;-1;0;386491392;390281929;19211077
1283;5.42514e-15;-257;1718;11849;11872;1;286;-2.14748e+09;-4.73186e+06;-1;0;0;0;-1;0;386491392;390281929;19211077
1284;5.42789e-15;-243;1722;11906;11876;1;283;-2.14748e+09;-4.72042e+06;-1;0;0;0;-1;0;386679399;390483849;19257072
1284;5.42514e-15;-257;1718;11849;11872;1;286;-2.14748e+09;-4.72042e+06;-1;0;0;0;-1;0;386679399;390483849;19257072
1285;5.42789e-15;-244;1722;11906;11876;1;283;-2.14748e+09;-4.70901e+06;0;0;0;0;0;0;386866964;390685340;19303041
1285;5.42514e-15;-257;1718;11849;11872;1;286;-2.14748e+09;-4.70901e+06;-1;0;0;0;-1;0;386866964;390685340;19303041
1286;5.42789e-15;-245;1722;11906;11876;1;283;-2.14748e+09;-4.69764e+06;0;0;0;0;0;0;387054089;390886404;19348982
1286;5.42514e-15;-257;1718;11849;11872;1;286;-2.14748e+09;-4.69764e+06;-1;0;0;0;-1;0;387054089;390886404;19348982
1287;5.42789e-15;-245;1722;11906;11876;1;283;-2.14748e+09;-4.68631e+06;-1;0;0;0;-1;0;387240775;391087043;19394897
1287;5.42514e-15;-257;1718;11849;11872;1;286;-2.14748e+09;-4.68631e+06;-1;0;0;0;-1;0;387240775;391087043;19394897
1288;5.42789e-15;-245;1722;11906;11876;1;283;-2.14748e+09;-4.67502e+06;-1;0;0;0;-1;0;387427022;391287257;19440784
1288;5.42514e-15;-258;1718;11849;11872;1;286;-2.14748e+09;-4.67502e+06;0;0;0;0;0;0;387427022;391287257;19440784
1289;5.42789e-15;-245;1722;11906;11876;1;283;-2.14748e+09;-4.66377e+06;-1;0;0;0;-1;0;387612833;391487047;19486644
1289;5.42514e-15;-258;1718;11849;11872;1;286;-2.14748e+09;-4.66377e+06;-1;0;0;0;-1;0;387612833;391487047;19486644
1290;5.42789e-15;-245;1722;11906;11876;1;283;-2.14748e+09;-4.65255e+06;-1;0;0;0;-1;0;387798209;391686415;19532477
1290;5.42514e-15;-259;1718;11849;11872;1;286;-2.14748e+09;-4.65255e+06;0;0;0;0;0;0;387798209;391686415;19532477
1291;5.42789e-15;-246;1722;11906;11876;1;283;-2.14748e+09;-4.64137e+06;0;0;0;0;0;0;387983151;391885362;19578282
1291;5.42514e-15;-259;1718;11849;11872;1;286;-2.14748e+09;-4.64137e+06;-1;0;0;0;-1;0;387983151;391885362;19578282
1292;5.42789e-15;-246;1722;11906;11876;1;283;-2.14748e+09;-4.63022e+06;-1;0;0;0;-1;0;388167660;392083889;19624059
1292;5.42514e-15;-259;1718;11849;11872;1;286;-2.14748e+09;-4.63022e+06;-1;0;0;0;-1;0;388167660;392083889;19624059
1293;5.42789e-15;-246;1722;11906;11876;1;283;-2.14748e+09;-4.61922e+06;-1;0;0;0;-1;0;388351737;392281997;19669808
1293;5.42514e-15;-260;1718;11849;11872;1;286;-2.14748e+09;-4.61922e+06;0;0;0;0;0;0;388351737;392281997;19669808
1294;5.42789e-15;-246;1722;11906;11876;1;283;-2.14748e+09;-4.60805e+06;-1;0;0;0;-1;0;388535384;392479688;19715529
1294;5.42514e-15;-260;1718;11849;11872;1;286;-2.14748e+09;-4.60805e+06;-1;0;0;0;-1;0;388535384;392479688;19715529
1295;5.42789e-15;-246;1722;11906;11876;1;283;-2.14748e+09;-4.59701e+06;-1;0;0;0;-1;0;388718602;392676962;19761222
1295;5.42514e-15;-261;1718;11849;11872;1;286;-2.14748e+09;-4.59701e+06;0;0;0;0;0;0;388718602;392676962;19761222
1296;5.42789e-15;-247;1722;11906;11876;1;283;-2.14748e+09;-4.58601e+06;0;0;0;0;0;0;388901393;392873821;19806886
1296;5.42514e-15;-261;1718;11849;11872;1;286;-2.14748e+09;-4.58601e+06;-1;0;0;0;-1;0;388901393;392873821;19806886
1297;5.42789e-15;-248;1722;11906;11876;1;283;-2.14748e+09;-4.57505e+06;0;0;0;0;0;0;389083757;393070266;19852521
1297;5.42514e-15;-261;1718;11849;11872;1;286;-2.14748e+09;-4.57505e+06;-1;0;0;0;-1;0;389083757;393070266;19852521
1298;5.42789e-15;-249;1722;11906;11876;1;283;-2.14748e+09;-4.56412e+06;0;0;0;0;0;0;389265695;393266298;19898128
1298;5.42514e-15;-261;1718;11849;11872;1;286;-2.14748e+09;-4.56412e+06;-1;0;0;0;-1;0;389265695;393266298;19898128
1299;5.42789e-15;-249;1722;11906;11876;1;283;-2.14748e+09;-4.55323e+06;-1;0;0;0;-1;0;389447210;393461918;19943706
1299;5.42514e-15;-262;1718;11849;11872;1;286;-2.14748e+09;-4.55323e+06;0;0;0;0;0;0;389447210;393461918;19943706
1300;5.42789e-15;-250;1722;11906;11876;1;283;-2.14748e+09;-4.54238e+06;0;0;0;0;0;0;389628301;393657127;19989254
1300;5.42514e-15;-262;1718;11849;11872;1;286;-2.14748e+09;-4.54238e+06;-1;0;0;0;-1;0;389628301;393657127;19989254
1301;5.42789e-15;-251;1722;11906;11876;1;283;-2.14748e+09;-4.53156e+06;0;0;0;0;0;0;389808971;393851927;20034774
1301;5.42514e-15;-262;1718;11849;11872;1;286;-2.14748e+09;-4.53156e+06;-1;0;0;0;-1;0;389808971;393851927;20034774
1302;5.42789e-15;-251;1722;11906;11876;1;283;-2.14748e+09;-4.52077e+06;-1;0;0;0;-1;0;389989221;394046318;20080263
1302;5.42514e-15;-262;1718;11849;11872;1;286;-2.14748e+09;-4.52077e+06;-1;0;0;0;-1;0;389989221;394046318;20080263
1303;5.42789e-15;-251;1722;11906;11876;1;283;-2.14748e+09;-4.51002e+06;-1;0;0;0;-1;0;390169052;394240303;20125724
1303;5.42514e-15;-263;1718;11849;11872;1;286;-2.14748e+09;-4.51002e+06;0;0;0;0;0;0;390169052;394240303;20125724
1304;5.42789e-15;-252;1722;11906;11876;1;283;-2.14748e+09;-4.4993e+06;0;0;0;0;0;0;390348464;394433880;20171154
1304;5.42514e-15;-264;1718;11849;11872;1;286;-2.14748e+09;-4.4993e+06;0;0;0;0;0;0;390348464;394433880;20171154
1305;5.42789e-15;-253;1722;11906;11876;1;283;-2.14748e+09;-4.48862e+06;0;0;0;0;0;0;390527460;394627053;20216554
1305;5.42514e-15;-264;1718;11849;11872;1;286;-2.14748e+09;-4.48862e+06;-1;0;0;0;-1;0;390527460;394627053;20216554
1306;5.42789e-15;-253;1722;11906;11876;1;283;-2.14748e+09;-4.47798e+06;-1;0;0;0;-1;0;390706040;394819822;20261925
1306;5.42514e-15;-264;1718;11849;11872;1;286;-2.14748e+09;-4.47798e+06;-1;0;0;0;-1;0;390706040;394819822;20261925
1307;5.42789e-15;-254;1722;11906;11876;1;283;-2.14748e+09;-4.46736e+06;0;0;0;0;0;0;390884206;395012188;20307265
1307;5.42514e-15;-264;1718;11849;11872;1;286;-2.14748e+09;-4.46736e+06;-1;0;0;0;-1;0;390884206;395012188;20307265
1308;5.42789e-15;-254;1722;11906;11876;1;283;-2.14748e+09;-4.45678e+06;-1;0;0;0;-1;0;391061959;395204152;20352575
1308;5.42514e-15;-264;1718;11849;11872;1;286;-2.14748e+09;-4.45678e+06;-1;0;0;0;-1;0;391061959;395204152;20352575
1309;5.42789e-15;-255;1722;11906;11876;1;283;-2.14748e+09;-4.44624e+06;0;0;0;0;0;0;391239300;395395716;20397855
1309;5.42514e-15;-265;1718;11849;11872;1;286;-2.14748e+09;-4.44624e+06;0;0;0;0;0;0;391239300;395395716;20397855
1310;5.42789e-15;-255;1722;11906;11876;1;283;-2.14748e+09;-4.43573e+06;-1;0;0;0;-1;0;391416230;395586880;20443103
1310;5.42514e-15;-266;1718;11849;11872;1;286;-2.14748e+09;-4.43573e+06;0;0;0;0;0;0;391416230;395586880;20443103
1311;5.42789e-15;-256;1722;11906;11876;1;283;-2.14748e+09;-4.42525e+06;0;0;0;0;0;0;391592750;395777645;20488321
1311;5.42514e-15;-266;1718;11849;11872;1;286;-2.14748e+09;-4.42525e+06;-1;0;0;0;-1;0;391592750;395777645;20488321
1312;5.42789e-15;-257;1722;11906;11876;1;283;-2.14748e+09;-4.41481e+06;0;0;0;0;0;0;391768862;395968014;20533508
1312;5.42514e-15;-266;1718;11849;11872;1;286;-2.14748e+09;-4.41481e+06;-1;0;0;0;-1;0;391768862;395968014;20533508
1313;5.42789e-15;-258;1722;11906;11876;1;283;-2.14748e+09;-4.4044e+06;0;0;0;0;0;0;391944567;396157985;20578664
1313;5.42514e-15;-267;1718;11849;11872;1;286;-2.14748e+09;-4.4044e+06;0;0;0;0;0;0;391944567;396157985;20578664
1314;5.42789e-15;-259;1722;11906;11876;1;283;-2.14748e+09;-4.39412e+06;0;0;0;0;0;0;392119866;396347562;20623789
1314;5.42514e-15;-268;1718;11849;11872;1;286;-2.14748e+09;-4.39412e+06;0;0;0;0;0;0;392119866;396347562;20623789
1315;5.42789e-15;-259;1722;11906;11876;1;283;-2.14748e+09;-4.38378e+06;-1;0;0;0;-1;0;392294760;396536744;20668882
1315;5.42514e-15;-269;1718;11849;11872;1;286;-2.14748e+09;-4.38378e+06;0;0;0;0;0;0;392294760;396536744;20668882
1316;5.42789e-15;-259;1722;11906;11876;1;283;-2.14748e+09;-4.37336e+06;-1;0;0;0;-1;0;392469249;396725534;20713944
1316;5.42514e-15;-270;1718;11849;11872;1;286;-2.14748e+09;-4.37336e+06;0;0;0;0;0;0;392469249;396725534;20713944
1317;5.42789e-15;-259;1722;11906;11876;1;283;-2.14748e+09;-4.36308e+06;-1;0;0;0;-1;0;392643337;396913931;20758974
1317;5.42514e-15;-271;1718;11849;11872;1;286;-2.14748e+09;-4.36308e+06;0;0;0;0;0;0;392643337;396913931;20758974
1318;5.42789e-15;-259;1722;11906;11876;1;283;-2.14748e+09;-4.35284e+06;-1;0;0;0;-1;0;392817023;397101937;20803972
1318;5.42514e-15;-272;1718;11849;11872;1;286;-2.14748e+09;-4.35284e+06;0;0;0;0;0;0;392817023;397101937;20803972
1319;5.42789e-15;-259;1722;11906;11876;1;283;-2.14748e+09;-4.34272e+06;-1;0;0;0;-1;0;392990308;397289553;20848939
1319;5.42514e-15;-273;1718;11849;11872;1;286;-2.14748e+09;-4.34272e+06;0;0;0;0;0;0;392990308;397289553;20848939
1320;5.42789e-15;-259;1722;11906;11876;1;283;-2.14748e+09;-4.33244e+06;-1;0;0;0;-1;0;393163194;397476781;20893873
1320;5.42514e-15;-273;1718;11849;11872;1;286;-2.14748e+09;-4.33244e+06;-1;0;0;0;-1;0;393163194;397476781;20893873
1321;5.42789e-15;-260;1722;11906;11876;1;283;-2.14748e+09;-4.32229e+06;0;0;0;0;0;0;393335683;397663620;20938775
1321;5.42514e-15;-273;1718;11849;11872;1;286;-2.14748e+09;-4.32229e+06;-1;0;0;0;-1;0;393335683;397663620;20938775
1322;5.42789e-15;-261;1722;11906;11876;1;283;-2.14748e+09;-4.31218e+06;0;0;0;0;0;0;393507774;397850073;20983645
1322;5.42514e-15;-273;1718;11849;11872;1;286;-2.14748e+09;-4.31218e+06;-1;0;0;0;-1;0;393507774;397850073;20983645
1323;5.42789e-15;-261;1722;11906;11876;1;283;-2.14748e+09;-4.30209e+06;-1;0;0;0;-1;0;393679469;398036140;21028482
1323;5.42514e-15;-274;1718;11849;11872;1;286;-2.14748e+09;-4.30209e+06;0;0;0;0;0;0;393679469;398036140;21028482
1324;5.42789e-15;-261;1722;11906;11876;1;283;-2.14748e+09;-4.29204e+06;-1;0;0;0;-1;0;393850770;398221823;21073287
1324;5.42514e-15;-275;1718;11849;11872;1;286;-2.14748e+09;-4.29204e+06;0;0;0;0;0;0;393850770;398221823;21073287
1325;5.42789e-15;-262;1722;11906;11876;1;283;-2.14748e+09;-4.28201e+06;0;0;0;0;0;0;394021677;398407121;21118059
1325;5.42514e-15;-276;1718;11849;11872;1;286;-2.14748e+09;-4.28201e+06;0;0;0;0;0;0;394021677;398407121;21118059
1326;5.42789e-15;-262;1722;11906;11876;1;283;-2.14748e+09;-4.27202e+06;-1;0;0;0;-1;0;394192192;398592037;21162798
1326;5.42514e-15;-276;1718;11849;11872;1;286;-2.14748e+09;-4.27202e+06;-1;0;0;0;-1;0;394192192;398592037;21162798
1327;5.42789e-15;-263;1722;11906;11876;1;283;-2.14748e+09;-4.26206e+06;0;0;0;0;0;0;394362315;398776571;21207504
1327;5.42514e-15;-277;1718;11849;11872;1;286;-2.14748e+09;-4.26206e+06;0;0;0;0;0;0;394362315;398776571;21207504
1328;5.42789e-15;-264;1722;11906;11876;1;283;-2.14748e+09;-4.25213e+06;0;0;0;0;0;0;394532048;398960725;21252178
1328;5.42514e-15;-277;1718;11849;11872;1;286;-2.14748e+09;-4.25213e+06;-1;0;0;0;-1;0;394532048;398960725;21252178
1329;5.42789e-15;-264;1722;11906;11876;1;283;-2.14748e+09;-4.24224e+06;-1;0;0;0;-1;0;394701392;399144499;21296817
1329;5.42514e-15;-278;1718;11849;11872;1;286;-2.14748e+09;-4.24224e+06;0;0;0;0;0;0;394701392;399144499;21296817
1330;5.42789e-15;-265;1722;11906;11876;1;283;-2.14748e+09;-4.23237e+06;0;0;0;0;0;0;394870348;399327894;21341424
1330;5.42514e-15;-279;1718;11849;11872;1;286;-2.14748e+09;-4.23237e+06;0;0;0;0;0;0;394870348;399327894;21341424
1331;5.42789e-15;-265;1722;11906;11876;1;283;-2.14748e+09;-4.22263e+06;-1;0;0;0;-1;0;395038917;399510912;21385997
1331;5.42514e-15;-279;1718;11849;11872;1;286;-2.14748e+09;-4.22263e+06;-1;0;0;0;-1;0;395038917;399510912;21385997
1332;5.42789e-15;-265;1722;11906;11876;1;283;-2.14748e+09;-4.21272e+06;-1;0;0;0;-1;0;395207100;399693553;21430536
1332;5.42514e-15;-280;1718;11849;11872;1;286;-2.14748e+09;-4.21272e+06;0;0;0;0;0;0;395207100;399693553;21430536
1333;5.42789e-15;-266;1722;11906;11876;1;283;-2.14748e+09;-4.20295e+06;0;0;0;0;0;0;395374899;399875819;21475041
1333;5.42514e-15;-280;1718;11849;11872;1;286;-2.14748e+09;-4.20295e+06;-1;0;0;0;-1;0;395374899;399875819;21475041
1334;5.42789e-15;-267;1722;11906;11876;1;283;-2.14748e+09;-4.1932e+06;0;0;0;0;0;0;395542313;400057709;21519513
1334;5.42514e-15;-280;1718;11849;11872;1;286;-2.14748e+09;-4.1932e+06;-1;0;0;0;-1;0;395542313;400057709;21519513
1335;5.42789e-15;-268;1722;11906;11876;1;283;-2.14748e+09;-4.18349e+06;0;0;0;0;0;0;395709345;400239227;21563951
1335;5.42514e-15;-280;1718;11849;11872;1;286;-2.14748e+09;-4.18349e+06;-1;0;0;0;-1;0;395709345;400239227;21563951
1336;5.42789e-15;-268;1722;11906;11876;1;283;-2.14748e+09;-4.1738e+06;-1;0;0;0;-1;0;395875996;400420371;21608354
1336;5.42514e-15;-280;1718;11849;11872;1;286;-2.14748e+09;-4.1738e+06;-1;0;0;0;-1;0;395875996;400420371;21608354
1337;5.42789e-15;-268;1722;11906;11876;1;283;-2.14748e+09;-4.16415e+06;-1;0;0;0;-1;0;396042265;400601144;21652724
1337;5.42514e-15;-280;1718;11849;11872;1;286;-2.14748e+09;-4.16415e+06;-1;0;0;0;-1;0;396042265;400601144;21652724
1338;5.42789e-15;-269;1722;11906;11876;1;283;-2.14748e+09;-4.15452e+06;0;0;0;0;0;0;396208156;400781546;21697059
1338;5.42514e-15;-280;1718;11849;11872;1;286;-2.14748e+09;-4.15452e+06;-1;0;0;0;-1;0;396208156;400781546;21697059
1339;5.42789e-15;-270;1722;11906;11876;1;283;-2.14748e+09;-4.14503e+06;0;0;0;0;0;0;396373668;400961579;21741359
1339;5.42514e-15;-281;1718;11849;11872;1;286;-2.14748e+09;-4.14502e+06;0;0;0;0;0;0;396373668;400961579;21741359
1340;5.42789e-15;-270;1722;11906;11876;1;283;-2.14748e+09;-4.13536e+06;-1;0;0;0;-1;0;396538803;401141242;21785625
1340;5.42514e-15;-282;1718;11849;11872;1;286;-2.14748e+09;-4.13536e+06;0;0;0;0;0;0;396538803;401141242;21785625
1341;5.42789e-15;-271;1722;11906;11876;1;283;-2.14748e+09;-4.12582e+06;0;0;0;0;0;0;396703561;401320538;21829856
1341;5.42514e-15;-282;1718;11849;11872;1;286;-2.14748e+09;-4.12582e+06;-1;0;0;0;-1;0;396703561;401320538;21829856
1342;5.42789e-15;-271;1722;11906;11876;1;283;-2.14748e+09;-4.11631e+06;-1;0;0;0;-1;0;396867944;401499467;21874053
1342;5.42514e-15;-283;1718;11849;11872;1;286;-2.14748e+09;-4.11631e+06;0;0;0;0;0;0;396867944;401499467;21874053
1343;5.42789e-15;-272;1722;11906;11876;1;283;-2.14748e+09;-4.10683e+06;0;0;0;0;0;0;397031954;401678030;21918214
1343;5.42514e-15;-283;1718;11849;11872;1;286;-2.14748e+09;-4.10683e+06;-1;0;0;0;-1;0;397031954;401678030;21918214
1344;5.42789e-15;-273;1722;11906;11876;1;283;-2.14748e+09;-4.09738e+06;0;0;0;0;0;0;397195590;401856229;21962340
1344;5.42514e-15;-284;1718;11849;11872;1;286;-2.14748e+09;-4.09738e+06;0;0;0;0;0;0;397195590;401856229;21962340
1345;5.42789e-15;-273;1722;11906;11876;1;283;-2.14748e+09;-4.08796e+06;-1;0;0;0;-1;0;397358853;402034063;22006432
1345;5.42514e-15;-285;1718;11849;11872;1;286;-2.14748e+09;-4.08796e+06;0;0;0;0;0;0;397358853;402034063;22006432
1346;5.42789e-15;-273;1722;11906;11876;1;283;-2.14748e+09;-4.07857e+06;-1;0;0;0;-1;0;397521746;402211534;22050488
1346;5.42514e-15;-286;1718;11849;11872;1;286;-2.14748e+09;-4.07857e+06;0;0;0;0;0;0;397521746;402211534;22050488
1347;5.42789e-15;-274;1722;11906;11876;1;283;-2.14748e+09;-4.0692e+06;0;0;0;0;0;0;397684269;402388643;22094508
1347;5.42514e-15;-287;1718;11849;11872;1;286;-2.14748e+09;-4.06921e+06;0;0;0;0;0;0;397684269;402388643;22094508
1348;5.42789e-15;-275;1722;11906;11876;1;283;-2.14748e+09;-4.05987e+06;0;0;0;0;0;0;397846423;402565391;22138493
1348;5.42514e-15;-287;1718;11849;11872;1;286;-2.14748e+09;-4.05987e+06;-1;0;0;0;-1;0;397846423;402565391;22138493
1349;5.42789e-15;-275;1722;11906;11876;1;283;-2.14748e+09;-4.05056e+06;-1;0;0;0;-1;0;398008209;402741779;22182443
1349;5.42514e-15;-288;1718;11849;11872;1;286;-2.14748e+09;-4.05056e+06;0;0;0;0;0;0;398008209;402741779;22182443
1350;5.42789e-15;-275;1722;11906;11876;1;283;-2.14748e+09;-4.04128e+06;-1;0;0;0;-1;0;398169628;402917808;22226356
1350;5.42514e-15;-289;1718;11849;11872;1;286;-2.14748e+09;-4.04128e+06;0;0;0;0;0;0;398169628;402917808;22226356
1351;5.42789e-15;-276;1722;11906;11876;1;283;-2.14748e+09;-4.03203e+06;0;0;0;0;0;0;398330681;403093478;22270234
1351;5.42514e-15;-290;1718;11849;11872;1;286;-2.14748e+09;-4.03203e+06;0;0;0;0;0;0;398330681;403093478;22270234
1352;5.42789e-15;-276;1722;11906;11876;1;283;-2.14748e+09;-4.02281e+06;-1;0;0;0;-1;0;398491369;403268791;22314076
1352;5.42514e-15;-291;1718;11849;11872;1;286;-2.14748e+09;-4.02281e+06;0;0;0;0;0;0;398491369;403268791;22314076
1353;5.42789e-15;-277;1722;11906;11876;1;283;-2.14748e+09;-4.01361e+06;0;0;0;0;0;0;398651693;403443747;22357882
1353;5.42514e-15;-291;1718;11849;11872;1;286;-2.14748e+09;-4.01361e+06;-1;0;0;0;-1;0;398651693;403443747;22357882
1354;5.42789e-15;-277;1722;11906;11876;1;283;-2.14748e+09;-4.00444e+06;-1;0;0;0;-1;0;398811654;403618348;22401652
1354;5.42514e-15;-291;1718;11849;11872;1;286;-2.14748e+09;-4.00444e+06;-1;0;0;0;-1;0;398811654;403618348;22401652
1355;5.42789e-15;-278;1722;11906;11876;1;283;-2.14748e+09;-3.9953e+06;0;0;0;0;0;0;398971253;403792594;22445386
1355;5.42514e-15;-291;1718;11849;11872;1;286;-2.14748e+09;-3.9953e+06;-1;0;0;0;-1;0;398971253;403792594;22445386
1356;5.42789e-15;-278;1722;11906;11876;1;283;-2.14748e+09;-3.98619e+06;-1;0;0;0;-1;0;399130491;403966486;22489083
1356;5.42514e-15;-292;1718;11849;11872;1;286;-2.14748e+09;-3.98619e+06;0;0;0;0;0;0;399130491;403966486;22489083
1357;5.42789e-15;-278;1722;11906;11876;1;283;-2.14748e+09;-3.9772e+06;-1;0;0;0;-1;0;399289370;404140026;22532744
1357;5.42514e-15;-292;1718;11849;11872;1;286;-2.14748e+09;-3.97721e+06;-1;0;0;0;-1;0;399289370;404140026;22532744
1358;5.42789e-15;-278;1722;11906;11876;1;283;-2.14748e+09;-3.96815e+06;-1;0;0;0;-1;0;399447889;404313214;22576368
1358;5.42514e-15;-293;1718;11849;11872;1;286;-2.14748e+09;-3.96815e+06;0;0;0;0;0;0;399447889;404313214;22576368
1359;5.42789e-15;-279;1722;11906;11876;1;283;-2.14748e+09;-3.95912e+06;0;0;0;0;0;0;399606050;404486050;22619956
1359;5.42514e-15;-294;1718;11849;11872;1;286;-2.14748e+09;-3.95912e+06;0;0;0;0;0;0;399606050;404486050;22619956
1360;5.42789e-15;-279;1722;11906;11876;1;283;-2.14748e+09;-3.95001e+06;-1;0;0;0;-1;0;399763855;404658537;22663507
1360;5.42514e-15;-295;1718;11849;11872;1;286;-2.14748e+09;-3.95001e+06;0;0;0;0;0;0;399763855;404658537;22663507
1361;5.42789e-15;-280;1722;11906;11876;1;283;-2.14748e+09;-3.94103e+06;0;0;0;0;0;0;399921303;404830674;22707021
1361;5.42514e-15;-296;1718;11849;11872;1;286;-2.14748e+09;-3.94103e+06;0;0;0;0;0;0;399921303;404830674;22707021
1362;5.42789e-15;-280;1722;11906;11876;1;283;-2.14748e+09;-3.93218e+06;-1;0;0;0;-1;0;400078397;405002463;22750498
1362;5.42514e-15;-296;1718;11849;11872;1;286;-2.14748e+09;-3.93218e+06;-1;0;0;0;-1;0;400078397;405002463;22750498
1363;5.42789e-15;-280;1722;11906;11876;1;283;-2.14748e+09;-3.92316e+06;-1;0;0;0;-1;0;400235136;405173904;22793938
1363;5.42514e-15;-296;1718;11849;11872;1;286;-2.14748e+09;-3.92316e+06;-1;0;0;0;-1;0;400235136;405173904;22793938
1364;5.42789e-15;-280;1722;11906;11876;1;283;-2.14748e+09;-3.91426e+06;-1;0;0;0;-1;0;400391522;405344999;22837341
1364;5.42514e-15;-296;1718;11849;11872;1;286;-2.14748e+09;-3.91426e+06;-1;0;0;0;-1;0;400391522;405344999;22837341
1365;5.42789e-15;-280;1722;11906;11876;1;283;-2.14748e+09;-3.90539e+06;-1;0;0;0;-1;0;400547556;405515748;22880707
1365;5.42514e-15;-296;1718;11849;11872;1;286;-2.14748e+09;-3.90539e+06;-1;0;0;0;-1;0;400547556;405515748;22880707
1366;5.42789e-15;-280;1722;11906;11876;1;283;-2.14748e+09;-3.89665e+06;-1;0;0;0;-1;0;400703239;405686152;22924036
1366;5.42514e-15;-296;1718;11849;11872;1;286;-2.14748e+09;-3.89665e+06;-1;0;0;0;-1;0;400703239;405686152;22924036
1367;5.42789e-15;-281;1722;11906;11876;1;283;-2.14748e+09;-3.88783e+06;0;0;0;0;0;0;400858572;405856213;22967327
1367;5.42514e-15;-297;1718;11849;11872;1;286;-2.14748e+09;-3.88783e+06;0;0;0;0;0;0;400858572;405856213;22967327
1368;5.42789e-15;-281;1722;11906;11876;1;283;-2.14748e+09;-3.87903e+06;-1;0;0;0;-1;0;401013555;406025930;23010580
1368;5.42514e-15;-297;1718;11849;11872;1;286;-2.14748e+09;-3.87903e+06;-1;0;0;0;-1;0;401013555;406025930;23010580
1369;5.42789e-15;-281;1722;11906;11876;1;283;-2.14748e+09;-3.87017e+06;-1;0;0;0;-1;0;401168190;406195305;23053796
1369;5.42514e-15;-298;1718;11849;11872;1;286;-2.14748e+09;-3.87017e+06;0;0;0;0;0;0;401168190;406195305;23053796
1370;5.42789e-15;-281;1722;11906;11876;1;283;-2.14748e+09;-3.86153e+06;-1;0;0;0;-1;0;401322478;406364339;23096974
1370;5.42514e-15;-298;1718;11849;11872;1;286;-2.14748e+09;-3.86153e+06;-1;0;0;0;-1;0;401322478;406364339;23096974
1371;5.42789e-15;-282;1722;11906;11876;1;283;-2.14748e+09;-3.85271e+06;0;0;0;0;0;0;401476419;406533032;23140115
1371;5.42514e-15;-299;1718;11849;11872;1;286;-2.14748e+09;-3.85271e+06;0;0;0;0;0;0;401476419;406533032;23140115
1372;5.42789e-15;-283;1722;11906;11876;1;283;-2.14748e+09;-3.84402e+06;0;0;0;0;0;0;401630015;406701386;23183217
1372;5.42514e-15;-299;1718;11849;11872;1;286;-2.14748e+09;-3.84402e+06;-1;0;0;0;-1;0;401630015;406701386;23183217
1373;5.42789e-15;-284;1722;11906;11876;1;283;-2.14748e+09;-3.83536e+06;0;0;0;0;0;0;401783267;406869401;23226282
1373;5.42514e-15;-299;1718;11849;11872;1;286;-2.14748e+09;-3.83536e+06;-1;0;0;0;-1;0;401783267;406869401;23226282
1374;5.42789e-15;-285;1722;11906;11876;1;283;-2.14748e+09;-3.82672e+06;0;0;0;0;0;0;401936174;407037078;23269309
1374;5.42514e-15;-300;1718;11849;11872;1;286;-2.14748e+09;-3.82672e+06;0;0;0;0;0;0;401936174;407037078;23269309
1375;5.42789e-15;-285;1722;11906;11876;1;283;-2.14748e+09;-3.81811e+06;-1;0;0;0;-1;0;402088739;407204418;23312297
1375;5.42514e-15;-300;1718;11849;11872;1;286;-2.14748e+09;-3.81811e+06;-1;0;0;0;-1;0;402088739;407204418;23312297
1376;5.42789e-15;-285;1722;11906;11876;1;283;-2.14748e+09;-3.80952e+06;-1;0;0;0;-1;0;402240963;407371421;23355247
1376;5.42514e-15;-300;1718;11849;11872;1;286;-2.14748e+09;-3.80952e+06;-1;0;0;0;-1;0;402240963;407371421;23355247
1377;5.42789e-15;-286;1722;11906;11876;1;283;-2.14748e+09;-3.80096e+06;0;0;0;0;0;0;402392845;407538090;23398159
1377;5.42514e-15;-300;1718;11849;11872;1;286;-2.14748e+09;-3.80096e+06;-1;0;0;0;-1;0;402392845;407538090;23398159
1378;5.42789e-15;-286;1722;11906;11876;1;283;-2.14748e+09;-3.79242e+06;-1;0;0;0;-1;0;402544388;407704424;23441033
1378;5.42514e-15;-301;1718;11849;11872;1;286;-2.14748e+09;-3.79242e+06;0;0;0;0;0;0;402544388;407704424;23441033
1379;5.42789e-15;-287;1722;11906;11876;1;283;-2.14748e+09;-3.7839e+06;0;0;0;0;0;0;402695591;407870424;23483868
1379;5.42514e-15;-302;1718;11849;11872;1;286;-2.14748e+09;-3.7839e+06;0;0;0;0;0;0;402695591;407870424;23483868
1380;5.42789e-15;-287;1722;11906;11876;1;283;-2.14748e+09;-3.77542e+06;-1;0;0;0;-1;0;402846457;408036091;23526664
1380;5.42514e-15;-302;1718;11849;11872;1;286;-2.14748e+09;-3.77542e+06;-1;0;0;0;-1;0;402846457;408036091;23526664
1381;5.42789e-15;-288;1722;11906;11876;1;283;-2.14748e+09;-3.76695e+06;0;0;0;0;0;0;402996985;408201426;23569422
1381;5.42514e-15;-302;1718;11849;11872;1;286;-2.14748e+09;-3.76695e+06;-1;0;0;0;-1;0;402996985;408201426;23569422
1382;5.42789e-15;-288;1722;11906;11876;1;283;-2.14748e+09;-3.75851e+06;-1;0;0;0;-1;0;403147177;408366431;23612141
1382;5.42514e-15;-303;1718;11849;11872;1;286;-2.14748e+09;-3.75851e+06;0;0;0;0;0;0;403147177;408366431;23612141
1383;5.42789e-15;-288;1722;11906;11876;1;283;-2.14748e+09;-3.7501e+06;-1;0;0;0;-1;0;403297034;408531104;23654822
1383;5.42514e-15;-303;1718;11849;11872;1;286;-2.14748e+09;-3.7501e+06;-1;0;0;0;-1;0;403297034;408531104;23654822
1384;5.42789e-15;-288;1722;11906;11876;1;283;-2.14748e+09;-3.74171e+06;-1;0;0;0;-1;0;403446556;408695448;23697463
1384;5.42514e-15;-304;1718;11849;11872;1;286;-2.14748e+09;-3.74171e+06;0;0;0;0;0;0;403446556;408695448;23697463
1385;5.42789e-15;-288;1722;11906;11876;1;283;-2.14748e+09;-3.73334e+06;-1;0;0;0;-1;0;403595745;408859464;23740065
1385;5.42514e-15;-304;1718;11849;11872;1;286;-2.14748e+09;-3.73334e+06;-1;0;0;0;-1;0;403595745;408859464;23740065
1386;5.42789e-15;-289;1722;11906;11876;1;283;-2.14748e+09;-3.725e+06;0;0;0;0;0;0;403744601;409023151;23782629
1386;5.42514e-15;-304;1718;11849;11872;1;286;-2.14748e+09;-3.725e+06;-1;0;0;0;-1;0;403744601;409023151;23782629
1387;5.42789e-15;-289;1722;11906;11876;1;283;-2.14748e+09;-3.71668e+06;-1;0;0;0;-1;0;403893125;409186512;23825153
1387;5.42514e-15;-304;1718;11849;11872;1;286;-2.14748e+09;-3.71668e+06;-1;0;0;0;-1;0;403893125;409186512;23825153
1388;5.42789e-15;-289;1722;11906;11876;1;283;-2.14748e+09;-3.70839e+06;-1;0;0;0;-1;0;404041318;409349546;23867638
1388;5.42514e-15;-305;1718;11849;11872;1;286;-2.14748e+09;-3.70839e+06;0;0;0;0;0;0;404041318;409349546;23867638
1389;5.42789e-15;-290;1722;11906;11876;1;283;-2.14748e+09;-3.70012e+06;0;0;0;0;0;0;404189181;409512255;23910084
1389;5.42514e-15;-305;1718;11849;11872;1;286;-2.14748e+09;-3.70012e+06;-1;0;0;0;-1;0;404189181;409512255;23910084
1390;5.42789e-15;-291;1722;11906;11876;1;283;-2.14748e+09;-3.69197e+06;0;0;0;0;0;0;404336716;409674639;23952491
1390;5.42514e-15;-305;1718;11849;11872;1;286;-2.14748e+09;-3.69197e+06;-1;0;0;0;-1;0;404336716;409674639;23952491
1391;5.42789e-15;-292;1722;11906;11876;1;283;-2.14748e+09;-3.68365e+06;0;0;0;0;0;0;404483922;409836699;23994858
1391;5.42514e-15;-306;1718;11849;11872;1;286;-2.14748e+09;-3.68365e+06;0;0;0;0;0;0;404483922;409836699;23994858
1392;5.42789e-15;-293;1722;11906;11876;1;283;-2.14748e+09;-3.67545e+06;0;0;0;0;0;0;404630800;409998436;24037185
1392;5.42514e-15;-307;1718;11849;11872;1;286;-2.14748e+09;-3.67545e+06;0;0;0;0;0;0;404630800;409998436;24037185
1393;5.42789e-15;-294;1722;11906;11876;1;283;-2.14748e+09;-3.66738e+06;0;0;0;0;0;0;404777352;410159850;24079473
1393;5.42514e-15;-308;1718;11849;11872;1;286;-2.14748e+09;-3.66738e+06;0;0;0;0;0;0;404777352;410159850;24079473
1394;5.42789e-15;-294;1722;11906;11876;1;283;-2.14748e+09;-3.65922e+06;-1;0;0;0;-1;0;404923579;410320944;24121722
1394;5.42514e-15;-308;1718;11849;11872;1;286;-2.14748e+09;-3.65922e+06;-1;0;0;0;-1;0;404923579;410320944;24121722
1395;5.42789e-15;-294;1722;11906;11876;1;283;-2.14748e+09;-3.651e+06;-1;0;0;0;-1;0;405069481;410481716;24163930
1395;5.42514e-15;-308;1718;11849;11872;1;286;-2.14748e+09;-3.651e+06;-1;0;0;0;-1;0;405069481;410481716;24163930
1396;5.42789e-15;-295;1722;11906;11876;1;283;-2.14748e+09;-3.64289e+06;0;0;0;0;0;0;405215059;410642169;24206099
1396;5.42514e-15;-309;1718;11849;11872;1;286;-2.14748e+09;-3.64289e+06;0;0;0;0;0;0;405215059;410642169;24206099
1397;5.42789e-15;-296;1722;11906;11876;1;283;-2.14748e+09;-3.63481e+06;0;0;0;0;0;0;405360313;410802302;24248228
1397;5.42514e-15;-309;1718;11849;11872;1;286;-2.14748e+09;-3.63481e+06;-1;0;0;0;-1;0;405360313;410802302;24248228
1398;5.42789e-15;-296;1722;11906;11876;1;283;-2.14748e+09;-3.62675e+06;-1;0;0;0;-1;0;405505246;410962117;24290317
1398;5.42514e-15;-309;1718;11849;11872;1;286;-2.14748e+09;-3.62675e+06;-1;0;0;0;-1;0;405505246;410962117;24290317
1399;5.42789e-15;-296;1722;11906;11876;1;283;-2.14748e+09;-3.61871e+06;-1;0;0;0;-1;0;405649858;411121615;24332366
1399;5.42514e-15;-309;1718;11849;11872;1;286;-2.14748e+09;-3.61871e+06;-1;0;0;0;-1;0;405649858;411121615;24332366
1400;5.42789e-15;-296;1722;11906;11876;1;283;-2.14748e+09;-3.6107e+06;-1;0;0;0;-1;0;405794149;411280795;24374376
1400;5.42514e-15;-310;1718;11849;11872;1;286;-2.14748e+09;-3.6107e+06;0;0;0;0;0;0;405794149;411280795;24374376
1401;5.42789e-15;-296;1722;11906;11876;1;283;-2.14748e+09;-3.60271e+06;-1;0;0;0;-1;0;405938120;411439660;24416344
1401;5.42514e-15;-311;1718;11849;11872;1;286;-2.14748e+09;-3.60271e+06;0;0;0;0;0;0;405938120;411439660;24416344
1402;5.42789e-15;-297;1722;11906;11876;1;283;-2.14748e+09;-3.59474e+06;0;0;0;0;0;0;406081772;411598210;24458273
1402;5.42514e-15;-312;1718;11849;11872;1;286;-2.14748e+09;-3.59474e+06;0;0;0;0;0;0;406081772;411598210;24458273
1403;5.42789e-15;-297;1722;11906;11876;1;283;-2.14748e+09;-3.58689e+06;-1;0;0;0;-1;0;406225107;411756444;24500161
1403;5.42514e-15;-312;1718;11849;11872;1;286;-2.14748e+09;-3.58689e+06;-1;0;0;0;-1;0;406225107;411756444;24500161
1404;5.42789e-15;-298;1722;11906;11876;1;283;-2.14748e+09;-3.57887e+06;0;0;0;0;0;0;406368125;411914366;24542010
1404;5.42514e-15;-312;1718;11849;11872;1;286;-2.14748e+09;-3.57887e+06;-1;0;0;0;-1;0;406368125;411914366;24542010
1405;5.42789e-15;-298;1722;11906;11876;1;283;-2.14748e+09;-3.57097e+06;-1;0;0;0;-1;0;406510826;412071974;24583817
1405;5.42514e-15;-312;1718;11849;11872;1;286;-2.14748e+09;-3.57097e+06;-1;0;0;0;-1;0;406510826;412071974;24583817
1406;5.42789e-15;-299;1722;11906;11876;1;283;-2.14748e+09;-3.56309e+06;0;0;0;0;0;0;406653212;412229270;24625584
1406;5.42514e-15;-313;1718;11849;11872;1;286;-2.14748e+09;-3.56309e+06;0;0;0;0;0;0;406653212;412229270;24625584
1407;5.42789e-15;-300;1722;11906;11876;1;283;-2.14748e+09;-3.55533e+06;0;0;0;0;0;0;406795283;412386255;24667311
1407;5.42514e-15;-314;1718;11849;11872;1;286;-2.14748e+09;-3.55523e+06;0;0;0;0;0;0;406795283;412386255;24667311
1408;5.42789e-15;-300;1722;11906;11876;1;283;-2.14748e+09;-3.5474e+06;-1;0;0;0;-1;0;406937041;412542929;24708997
1408;5.42514e-15;-314;1718;11849;11872;1;286;-2.14748e+09;-3.5474e+06;-1;0;0;0;-1;0;406937041;412542929;24708997
1409;5.42789e-15;-301;1722;11906;11876;1;283;-2.14748e+09;-3.53959e+06;0;0;0;0;0;0;407078485;412699293;24750643
1409;5.42514e-15;-314;1718;11849;11872;1;286;-2.14748e+09;-3.53959e+06;-1;0;0;0;-1;0;407078485;412699293;24750643
1410;5.42789e-15;-302;1722;11906;11876;1;283;-2.14748e+09;-3.5318e+06;0;0;0;0;0;0;407219618;412855348;24792247
1410;5.42514e-15;-315;1718;11849;11872;1;286;-2.14748e+09;-3.5318e+06;0;0;0;0;0;0;407219618;412855348;24792247
1411;5.42789e-15;-302;1722;11906;11876;1;283;-2.14748e+09;-3.52403e+06;-1;0;0;0;-1;0;407360439;413011094;24833811
1411;5.42514e-15;-316;1718;11849;11872;1;286;-2.14748e+09;-3.52403e+06;0;0;0;0;0;0;407360439;413011094;24833811
1412;5.42789e-15;-302;1722;11906;11876;1;283;-2.14748e+09;-3.51628e+06;-1;0;0;0;-1;0;407500950;413166533;24875334
1412;5.42514e-15;-317;1718;11849;11872;1;286;-2.14748e+09;-3.51628e+06;0;0;0;0;0;0;407500950;413166533;24875334
1413;5.42789e-15;-303;1722;11906;11876;1;283;-2.14748e+09;-3.50856e+06;0;0;0;0;0;0;407641151;413321665;24916816
1413;5.42514e-15;-317;1718;11849;11872;1;286;-2.14748e+09;-3.50856e+06;-1;0;0;0;-1;0;407641151;413321665;24916816
1414;5.42789e-15;-303;1722;11906;11876;1;283;-2.14748e+09;-3.50085e+06;-1;0;0;0;-1;0;407781044;413476490;24958258
1414;5.42514e-15;-317;1718;11849;11872;1;286;-2.14748e+09;-3.50085e+06;-1;0;0;0;-1;0;407781044;413476490;24958258
1415;5.42789e-15;-303;1722;11906;11876;1;283;-2.14748e+09;-3.49317e+06;-1;0;0;0;-1;0;407920628;413631010;24999658
1415;5.42514e-15;-318;1718;11849;11872;1;286;-2.14748e+09;-3.49317e+06;0;0;0;0;0;0;407920628;413631010;24999658
1416;5.42789e-15;-304;1722;11906;11876;1;283;-2.14748e+09;-3.48551e+06;0;0;0;0;0;0;408059905;413785226;25041017
1416;5.42514e-15;-319;1718;11849;11872;1;286;-2.14748e+09;-3.48551e+06;0;0;0;0;0;0;408059905;413785226;25041017
1417;5.42789e-15;-305;1722;11906;11876;1;283;-2.14748e+09;-3.47797e+06;0;0;0;0;0;0;408198876;413939137;25082335
1417;5.42514e-15;-320;1718;11849;11872;1;286;-2.14748e+09;-3.47797e+06;0;0;0;0;0;0;408198876;413939137;25082335
1418;5.42789e-15;-305;1722;11906;11876;1;283;-2.14748e+09;-3.47025e+06;-1;0;0;0;-1;0;408337541;414092745;25123612
1418;5.42514e-15;-321;1718;11849;11872;1;286;-2.14748e+09;-3.47025e+06;0;0;0;0;0;0;408337541;414092745;25123612
1419;5.42789e-15;-305;1722;11906;11876;1;283;-2.14748e+09;-3.46265e+06;-1;0;0;0;-1;0;408475901;414246050;25164847
1419;5.42514e-15;-322;1718;11849;11872;1;286;-2.14748e+09;-3.46265e+06;0;0;0;0;0;0;408475901;414246050;25164847
1420;5.42789e-15;-306;1722;11906;11876;1;283;-2.14748e+09;-3.45508e+06;0;0;0;0;0;0;408613957;414399054;25206042
1420;5.42514e-15;-323;1718;11849;11872;1;286;-2.14748e+09;-3.45508e+06;0;0;0;0;0;0;408613957;414399054;25206042
1421;5.42789e-15;-306;1722;11906;11876;1;283;-2.14748e+09;-3.44752e+06;-1;0;0;0;-1;0;408751711;414551757;25247195
1421;5.42514e-15;-324;1718;11849;11872;1;286;-2.14748e+09;-3.44752e+06;0;0;0;0;0;0;408751711;414551757;25247195
1422;5.42789e-15;-307;1722;11906;11876;1;283;-2.14748e+09;-3.44009e+06;0;0;0;0;0;0;408889161;414704159;25288306
1422;5.42514e-15;-324;1718;11849;11872;1;286;-2.14748e+09;-3.44009e+06;-1;0;0;0;-1;0;408889161;414704159;25288306
1423;5.42789e-15;-308;1722;11906;11876;1;283;-2.14748e+09;-3.43258e+06;0;0;0;0;0;0;409026310;414856261;25329376
1423;5.42514e-15;-324;1718;11849;11872;1;286;-2.14748e+09;-3.43258e+06;-1;0;0;0;-1;0;409026310;414856261;25329376
1424;5.42789e-15;-309;1722;11906;11876;1;283;-2.14748e+09;-3.42498e+06;0;0;0;0;0;0;409163158;415008065;25370405
1424;5.42514e-15;-325;1718;11849;11872;1;286;-2.14748e+09;-3.42498e+06;0;0;0;0;0;0;409163158;415008065;25370405
1425;5.42789e-15;-310;1722;11906;11876;1;283;-2.14748e+09;-3.41751e+06;0;0;0;0;0;0;409299706;415159570;25411392
1425;5.42514e-15;-325;1718;11849;11872;1;286;-2.14748e+09;-3.41751e+06;-1;0;0;0;-1;0;409299706;415159570;25411392
1426;5.42789e-15;-311;1722;11906;11876;1;283;-2.14748e+09;-3.41016e+06;0;0;0;0;0;0;409435955;415310778;25452337
1426;5.42514e-15;-325;1718;11849;11872;1;286;-2.14748e+09;-3.41016e+06;-1;0;0;0;-1;0;409435955;415310778;25452337
1427;5.42789e-15;-311;1722;11906;11876;1;283;-2.14748e+09;-3.40273e+06;-1;0;0;0;-1;0;409571905;415461689;25493241
1427;5.42514e-15;-325;1718;11849;11872;1;286;-2.14748e+09;-3.40273e+06;-1;0;0;0;-1;0;409571905;415461689;25493241
1428;5.42789e-15;-311;1722;11906;11876;1;283;-2.14748e+09;-3.39522e+06;-1;0;0;0;-1;0;409707558;415612303;25534103
1428;5.42514e-15;-326;1718;11849;11872;1;286;-2.14748e+09;-3.39522e+06;0;0;0;0;0;0;409707558;415612303;25534103
1429;5.42789e-15;-311;1722;11906;11876;1;283;-2.14748e+09;-3.38783e+06;-1;0;0;0;-1;0;409842913;415762623;25574923
1429;5.42514e-15;-326;1718;11849;11872;1;286;-2.14748e+09;-3.38783e+06;-1;0;0;0;-1;0;409842913;415762623;25574923
1430;5.42789e-15;-311;1722;11906;11876;1;283;-2.14748e+09;-3.38046e+06;-1;0;0;0;-1;0;409977973;415912647;25615701
1430;5.42514e-15;-327;1718;11849;11872;1;286;-2.14748e+09;-3.38046e+06;0;0;0;0;0;0;409977973;415912647;25615701
1431;5.42789e-15;-312;1722;11906;11876;1;283;-2.14748e+09;-3.37321e+06;0;0;0;0;0;0;410112737;416062378;25656437
1431;5.42514e-15;-328;1718;11849;11872;1;286;-2.14748e+09;-3.37321e+06;0;0;0;0;0;0;410112737;416062378;25656437
1432;5.42789e-15;-312;1722;11906;11876;1;283;-2.14748e+09;-3.36578e+06;-1;0;0;0;-1;0;410247206;416211815;25697132
1432;5.42514e-15;-328;1718;11849;11872;1;286;-2.14748e+09;-3.36578e+06;-1;0;0;0;-1;0;410247206;416211815;25697132
1433;5.42789e-15;-312;1722;11906;11876;1;283;-2.14748e+09;-3.35847e+06;-1;0;0;0;-1;0;410381381;416360960;25737785
1433;5.42514e-15;-329;1718;11849;11872;1;286;-2.14748e+09;-3.35847e+06;0;0;0;0;0;0;410381381;416360960;25737785
1434;5.42789e-15;-312;1722;11906;11876;1;283;-2.14748e+09;-3.35118e+06;-1;0;0;0;-1;0;410515263;416509812;25778395
1434;5.42514e-15;-330;1718;11849;11872;1;286;-2.14748e+09;-3.35118e+06;0;0;0;0;0;0;410515263;416509812;25778395
1435;5.42789e-15;-313;1722;11906;11876;1;283;-2.14748e+09;-3.34391e+06;0;0;0;0;0;0;410648853;416658373;25818964
1435;5.42514e-15;-330;1718;11849;11872;1;286;-2.14748e+09;-3.34391e+06;-1;0;0;0;-1;0;410648853;416658373;25818964
1436;5.42789e-15;-313;1722;11906;11876;1;283;-2.14748e+09;-3.33666e+06;-1;0;0;0;-1;0;410782151;416806644;25859490
1436;5.42514e-15;-330;1718;11849;11872;1;286;-2.14748e+09;-3.33666e+06;-1;0;0;0;-1;0;410782151;416806644;25859490
1437;5.42789e-15;-314;1722;11906;11876;1;283;-2.14748e+09;-3.32943e+06;0;0;0;0;0;0;410915159;416954625;25899974
1437;5.42514e-15;-330;1718;11849;11872;1;286;-2.14748e+09;-3.32943e+06;-1;0;0;0;-1;0;410915159;416954625;25899974
1438;5.42789e-15;-315;1722;11906;11876;1;283;-2.14748e+09;-3.32222e+06;0;0;0;0;0;0;411047876;417102317;25940416
1438;5.42514e-15;-331;1718;11849;11872;1;286;-2.14748e+09;-3.32222e+06;0;0;0;0;0;0;411047876;417102317;25940416
1439;5.42789e-15;-315;1722;11906;11876;1;283;-2.14748e+09;-3.31503e+06;-1;0;0;0;-1;0;411180304;417249720;25980816
1439;5.42514e-15;-331;1718;11849;11872;1;286;-2.14748e+09;-3.31503e+06;-1;0;0;0;-1;0;411180304;417249720;25980816
1440;5.42789e-15;-315;1722;11906;11876;1;283;-2.14748e+09;-3.30786e+06;-1;0;0;0;-1;0;411312443;417396835;26021174
1440;5.42514e-15;-331;1718;11849;11872;1;286;-2.14748e+09;-3.30786e+06;-1;0;0;0;-1;0;411312443;417396835;26021174
1441;5.42789e-15;-316;1722;11906;11876;1;283;-2.14748e+09;-3.3007e+06;0;0;0;0;0;0;411444294;417543663;26061489
1441;5.42514e-15;-331;1718;11849;11872;1;286;-2.14748e+09;-3.3007e+06;-1;0;0;0;-1;0;411444294;417543663;26061489
1442;5.42789e-15;-317;1722;11906;11876;1;283;-2.14748e+09;-3.29357e+06;0;0;0;0;0;0;411575858;417690204;26101762
1442;5.42514e-15;-331;1718;11849;11872;1;286;-2.14748e+09;-3.29357e+06;-1;0;0;0;-1;0;411575858;417690204;26101762
1443;5.42789e-15;-318;1722;11906;11876;1;283;-2.14748e+09;-3.28656e+06;0;0;0;0;0;0;411707136;417836460;26141992
1443;5.42514e-15;-332;1718;11849;11872;1;286;-2.14748e+09;-3.28656e+06;0;0;0;0;0;0;411707136;417836460;26141992
1444;5.42789e-15;-318;1722;11906;11876;1;283;-2.14748e+09;-3.27936e+06;-1;0;0;0;-1;0;411838128;417982431;26182180
1444;5.42514e-15;-332;1718;11849;11872;1;286;-2.14748e+09;-3.27936e+06;-1;0;0;0;-1;0;411838128;417982431;26182180
1445;5.42789e-15;-319;1722;11906;11876;1;283;-2.14748e+09;-3.27229e+06;0;0;0;0;0;0;411968835;418128116;26222325
1445;5.42514e-15;-332;1718;11849;11872;1;286;-2.14748e+09;-3.27229e+06;-1;0;0;0;-1;0;411968835;418128116;26222325
1446;5.42789e-15;-320;1722;11906;11876;1;283;-2.14748e+09;-3.26523e+06;0;0;0;0;0;0;412099258;418273519;26262428
1446;5.42514e-15;-332;1718;11849;11872;1;286;-2.14748e+09;-3.26523e+06;-1;0;0;0;-1;0;412099258;418273519;26262428
1447;5.42789e-15;-320;1722;11906;11876;1;283;-2.14748e+09;-3.2582e+06;-1;0;0;0;-1;0;412229397;418418638;26302488
1447;5.42514e-15;-332;1718;11849;11872;1;286;-2.14748e+09;-3.2582e+06;-1;0;0;0;-1;0;412229397;418418638;26302488
1448;5.42789e-15;-321;1722;11906;11876;1;283;-2.14748e+09;-3.25118e+06;0;0;0;0;0;0;412359254;418563474;26342506
1448;5.42514e-15;-332;1718;11849;11872;1;286;-2.14748e+09;-3.25118e+06;-1;0;0;0;-1;0;412359254;418563474;26342506
1449;5.42789e-15;-322;1722;11906;11876;1;283;-2.14748e+09;-3.24418e+06;0;0;0;0;0;0;412488828;418708028;26382481
1449;5.42514e-15;-333;1718;11849;11872;1;286;-2.14748e+09;-3.24418e+06;0;0;0;0;0;0;412488828;418708028;26382481
1450;5.42789e-15;-322;1722;11906;11876;1;283;-2.14748e+09;-3.2373e+06;-1;0;0;0;-1;0;412618121;418852302;26422414
1450;5.42514e-15;-333;1718;11849;11872;1;286;-2.14748e+09;-3.2373e+06;-1;0;0;0;-1;0;412618121;418852302;26422414
1451;5.42789e-15;-323;1722;11906;11876;1;283;-2.14748e+09;-3.23023e+06;0;0;0;0;0;0;412747134;418996294;26462303
1451;5.42514e-15;-334;1718;11849;11872;1;286;-2.14748e+09;-3.23023e+06;0;0;0;0;0;0;412747134;418996294;26462303
1452;5.42789e-15;-323;1722;11906;11876;1;283;-2.14748e+09;-3.22329e+06;-1;0;0;0;-1;0;412875867;419140007;26502150
1452;5.42514e-15;-335;1718;11849;11872;1;286;-2.14748e+09;-3.22329e+06;0;0;0;0;0;0;412875867;419140007;26502150
1453;5.42789e-15;-324;1722;11906;11876;1;283;-2.14748e+09;-3.21647e+06;0;0;0;0;0;0;413004320;419283441;26541954
1453;5.42514e-15;-336;1718;11849;11872;1;286;-2.14748e+09;-3.21637e+06;0;0;0;0;0;0;413004320;419283441;26541954
1454;5.42789e-15;-325;1722;11906;11876;1;283;-2.14748e+09;-3.20946e+06;0;0;0;0;0;0;413132495;419426595;26581715
1454;5.42514e-15;-337;1718;11849;11872;1;286;-2.14748e+09;-3.20946e+06;0;0;0;0;0;0;413132495;419426595;26581715
1455;5.42789e-15;-325;1722;11906;11876;1;283;-2.14748e+09;-3.20257e+06;-1;0;0;0;-1;0;413260392;419569472;26621434
1455;5.42514e-15;-337;1718;11849;11872;1;286;-2.14748e+09;-3.20257e+06;-1;0;0;0;-1;0;413260392;419569472;26621434
1456;5.42789e-15;-326;1722;11906;11876;1;283;-2.14748e+09;-3.1957e+06;0;0;0;0;0;0;413388013;419712072;26661109
1456;5.42514e-15;-337;1718;11849;11872;1;286;-2.14748e+09;-3.1957e+06;-1;0;0;0;-1;0;413388013;419712072;26661109
1457;5.42789e-15;-326;1722;11906;11876;1;283;-2.14748e+09;-3.18885e+06;-1;0;0;0;-1;0;413515357;419854395;26700742
1457;5.42514e-15;-338;1718;11849;11872;1;286;-2.14748e+09;-3.18885e+06;0;0;0;0;0;0;413515357;419854395;26700742
1458;5.42789e-15;-327;1722;11906;11876;1;283;-2.14748e+09;-3.18202e+06;0;0;0;0;0;0;413642425;419996442;26740331
1458;5.42514e-15;-338;1718;11849;11872;1;286;-2.14748e+09;-3.18202e+06;-1;0;0;0;-1;0;413642425;419996442;26740331
1459;5.42789e-15;-328;1722;11906;11876;1;283;-2.14748e+09;-3.1752e+06;0;0;0;0;0;0;413769218;420138213;26779878
1459;5.42514e-15;-339;1718;11849;11872;1;286;-2.14748e+09;-3.1752e+06;0;0;0;0;0;0;413769218;420138213;26779878
1460;5.42789e-15;-329;1722;11906;11876;1;283;-2.14748e+09;-3.16841e+06;0;0;0;0;0;0;413895737;420279709;26819381
1460;5.42514e-15;-339;1718;11849;11872;1;286;-2.14748e+09;-3.16841e+06;-1;0;0;0;-1;0;413895737;420279709;26819381
1461;5.42789e-15;-330;1722;11906;11876;1;283;-2.14748e+09;-3.16163e+06;0;0;0;0;0;0;414021983;420420932;26858841
1461;5.42514e-15;-340;1718;11849;11872;1;286;-2.14748e+09;-3.16163e+06;0;0;0;0;0;0;414021983;420420932;26858841
1462;5.42789e-15;-330;1722;11906;11876;1;283;-2.14748e+09;-3.15487e+06;-1;0;0;0;-1;0;414147955;420561880;26898259
1462;5.42514e-15;-341;1718;11849;11872;1;286;-2.14748e+09;-3.15487e+06;0;0;0;0;0;0;414147955;420561880;26898259
1463;5.42789e-15;-330;1722;11906;11876;1;283;-2.14748e+09;-3.14812e+06;-1;0;0;0;-1;0;414273656;420702556;26937633
1463;5.42514e-15;-342;1718;11849;11872;1;286;-2.14748e+09;-3.14812e+06;0;0;0;0;0;0;414273656;420702556;26937633
1464;5.42789e-15;-330;1722;11906;11876;1;283;-2.14748e+09;-3.1414e+06;-1;0;0;0;-1;0;414399085;420842960;26976964
1464;5.42514e-15;-342;1718;11849;11872;1;286;-2.14748e+09;-3.1414e+06;-1;0;0;0;-1;0;414399085;420842960;26976964
1465;5.42789e-15;-330;1722;11906;11876;1;283;-2.14748e+09;-3.13479e+06;-1;0;0;0;-1;0;414524243;420983092;27016252
1465;5.42514e-15;-343;1718;11849;11872;1;286;-2.14748e+09;-3.13479e+06;0;0;0;0;0;0;414524243;420983092;27016252
1466;5.42789e-15;-330;1722;11906;11876;1;283;-2.14748e+09;-3.128e+06;-1;0;0;0;-1;0;414649131;421122953;27055496
1466;5.42514e-15;-344;1718;11849;11872;1;286;-2.14748e+09;-3.128e+06;0;0;0;0;0;0;414649131;421122953;27055496
1467;5.42789e-15;-331;1722;11906;11876;1;283;-2.14748e+09;-3.12133e+06;0;0;0;0;0;0;414773750;421262543;27094697
1467;5.42514e-15;-344;1718;11849;11872;1;286;-2.14748e+09;-3.12133e+06;-1;0;0;0;-1;0;414773750;421262543;27094697
1468;5.42789e-15;-331;1722;11906;11876;1;283;-2.14748e+09;-3.11478e+06;-1;0;0;0;-1;0;414898099;421401864;27133855
1468;5.42514e-15;-345;1718;11849;11872;1;286;-2.14748e+09;-3.11478e+06;0;0;0;0;0;0;414898099;421401864;27133855
1469;5.42789e-15;-331;1722;11906;11876;1;283;-2.14748e+09;-3.10804e+06;-1;0;0;0;-1;0;415022181;421540916;27172970
1469;5.42514e-15;-345;1718;11849;11872;1;286;-2.14748e+09;-3.10804e+06;-1;0;0;0;-1;0;415022181;421540916;27172970
1470;5.42789e-15;-332;1722;11906;11876;1;283;-2.14748e+09;-3.10152e+06;0;0;0;0;0;0;415145996;421679699;27212041
1470;5.42514e-15;-345;1718;11849;11872;1;286;-2.14748e+09;-3.10152e+06;-1;0;0;0;-1;0;415145996;421679699;27212041
1471;5.42789e-15;-333;1722;11906;11876;1;283;-2.14748e+09;-3.09482e+06;0;0;0;0;0;0;415269543;421818214;27251069
1471;5.42514e-15;-346;1718;11849;11872;1;286;-2.14748e+09;-3.09482e+06;0;0;0;0;0;0;415269543;421818214;27251069
1472;5.42789e-15;-334;1722;11906;11876;1;283;-2.14748e+09;-3.08823e+06;0;0;0;0;0;0;415392825;421956461;27290054
1472;5.42514e-15;-347;1718;11849;11872;1;286;-2.14748e+09;-3.08823e+06;0;0;0;0;0;0;415392825;421956461;27290054
1473;5.42789e-15;-334;1722;11906;11876;1;283;-2.14748e+09;-3.08176e+06;-1;0;0;0;-1;0;415515841;422094442;27328995
1473;5.42514e-15;-347;1718;11849;11872;1;286;-2.14748e+09;-3.08176e+06;-1;0;0;0;-1;0;415515841;422094442;27328995
1474;5.42789e-15;-335;1722;11906;11876;1;283;-2.14748e+09;-3.07511e+06;0;0;0;0;0;0;415638593;422232157;27367892
1474;5.42514e-15;-347;1718;11849;11872;1;286;-2.14748e+09;-3.07511e+06;-1;0;0;0;-1;0;415638593;422232157;27367892
1475;5.42789e-15;-336;1722;11906;11876;1;283;-2.14748e+09;-3.06858e+06;0;0;0;0;0;0;415761080;422369606;27406746
1475;5.42514e-15;-348;1718;11849;11872;1;286;-2.14748e+09;-3.06858e+06;0;0;0;0;0;0;415761080;422369606;27406746
1476;5.42789e-15;-336;1722;11906;11876;1;283;-2.14748e+09;-3.06206e+06;-1;0;0;0;-1;0;415883305;422506790;27445557
1476;5.42514e-15;-349;1718;11849;11872;1;286;-2.14748e+09;-3.06206e+06;0;0;0;0;0;0;415883305;422506790;27445557
1477;5.42789e-15;-337;1722;11906;11876;1;283;-2.14748e+09;-3.05566e+06;0;0;0;0;0;0;416005266;422643710;27484324
1477;5.42514e-15;-349;1718;11849;11872;1;286;-2.14748e+09;-3.05566e+06;-1;0;0;0;-1;0;416005266;422643710;27484324
1478;5.42789e-15;-337;1722;11906;11876;1;283;-2.14748e+09;-3.04918e+06;-1;0;0;0;-1;0;416126965;422780366;27523048
1478;5.42514e-15;-349;1718;11849;11872;1;286;-2.14748e+09;-3.04918e+06;-1;0;0;0;-1;0;416126965;422780366;27523048
1479;5.42789e-15;-337;1722;11906;11876;1;283;-2.14748e+09;-3.04262e+06;-1;0;0;0;-1;0;416248403;422916759;27561728
1479;5.42514e-15;-349;1718;11849;11872;1;286;-2.14748e+09;-3.04262e+06;-1;0;0;0;-1;0;416248403;422916759;27561728
1480;5.42789e-15;-337;1722;11906;11876;1;283;-2.14748e+09;-3.03627e+06;-1;0;0;0;-1;0;416369581;423052890;27600364
1480;5.42514e-15;-349;1718;11849;11872;1;286;-2.14748e+09;-3.03627e+06;-1;0;0;0;-1;0;416369581;423052890;27600364
1481;5.42789e-15;-338;1722;11906;11876;1;283;-2.14748e+09;-3.02974e+06;0;0;0;0;0;0;416490498;423188758;27638957
1481;5.42514e-15;-349;1718;11849;11872;1;286;-2.14748e+09;-3.02974e+06;-1;0;0;0;-1;0;416490498;423188758;27638957
1482;5.42789e-15;-338;1722;11906;11876;1;283;-2.14748e+09;-3.02332e+06;-1;0;0;0;-1;0;416611155;423324365;27677506
1482;5.42514e-15;-350;1718;11849;11872;1;286;-2.14748e+09;-3.02332e+06;0;0;0;0;0;0;416611155;423324365;27677506
1483;5.42789e-15;-339;1722;11906;11876;1;283;-2.14748e+09;-3.01702e+06;0;0;0;0;0;0;416731554;423459712;27716011
1483;5.42514e-15;-351;1718;11849;11872;1;286;-2.14748e+09;-3.01702e+06;0;0;0;0;0;0;416731554;423459712;27716011
1484;5.42789e-15;-340;1722;11906;11876;1;283;-2.14748e+09;-3.01054e+06;0;0;0;0;0;0;416851695;423594798;27754473
1484;5.42514e-15;-351;1718;11849;11872;1;286;-2.14748e+09;-3.01054e+06;-1;0;0;0;-1;0;416851695;423594798;27754473
1485;5.42789e-15;-340;1722;11906;11876;1;283;-2.14748e+09;-3.00427e+06;-1;0;0;0;-1;0;416971578;423729625;27792891
1485;5.42514e-15;-352;1718;11849;11872;1;286;-2.14748e+09;-3.00427e+06;0;0;0;0;0;0;416971578;423729625;27792891
1486;5.42789e-15;-341;1722;11906;11876;1;283;-2.14748e+09;-2.99792e+06;0;0;0;0;0;0;417091204;423864192;27831265
1486;5.42514e-15;-352;1718;11849;11872;1;286;-2.14748e+09;-2.99792e+06;-1;0;0;0;-1;0;417091204;423864192;27831265
1487;5.42789e-15;-342;1722;11906;11876;1;283;-2.14748e+09;-2.99159e+06;0;0;0;0;0;0;417210574;423998501;27869596
1487;5.42514e-15;-353;1718;11849;11872;1;286;-2.14748e+09;-2.99159e+06;0;0;0;0;0;0;417210574;423998501;27869596
1488;5.42789e-15;-343;1722;11906;11876;1;283;-2.14748e+09;-2.98518e+06;0;0;0;0;0;0;417329689;424132552;27907882
1488;5.42514e-15;-353;1718;11849;11872;1;286;-2.14748e+09;-2.98518e+06;-1;0;0;0;-1;0;417329689;424132552;27907882
1489;5.42789e-15;-344;1722;11906;11876;1;283;-2.14748e+09;-2.97888e+06;0;0;0;0;0;0;417448548;424266346;27946125
1489;5.42514e-15;-354;1718;11849;11872;1;286;-2.14748e+09;-2.97888e+06;0;0;0;0;0;0;417448548;424266346;27946125
1490;5.42789e-15;-345;1722;11906;11876;1;283;-2.14748e+09;-2.97259e+06;0;0;0;0;0;0;417567153;424399884;27984324
1490;5.42514e-15;-354;1718;11849;11872;1;286;-2.14748e+09;-2.97259e+06;-1;0;0;0;-1;0;417567153;424399884;27984324
1491;5.42789e-15;-345;1722;11906;11876;1;283;-2.14748e+09;-2.96632e+06;-1;0;0;0;-1;0;417685505;424533165;28022480
1491;5.42514e-15;-355;1718;11849;11872;1;286;-2.14748e+09;-2.96632e+06;0;0;0;0;0;0;417685505;424533165;28022480
1492;5.42789e-15;-345;1722;11906;11876;1;283;-2.14748e+09;-2.96007e+06;-1;0;0;0;-1;0;417803603;424666190;28060591
1492;5.42514e-15;-355;1718;11849;11872;1;286;-2.14748e+09;-2.96007e+06;-1;0;0;0;-1;0;417803603;424666190;28060591
1493;5.42789e-15;-345;1722;11906;11876;1;283;-2.14748e+09;-2.95384e+06;-1;0;0;0;-1;0;417921449;424798961;28098659
1493;5.42514e-15;-355;1718;11849;11872;1;286;-2.14748e+09;-2.95384e+06;-1;0;0;0;-1;0;417921449;424798961;28098659
1494;5.42789e-15;-345;1722;11906;11876;1;283;-2.14748e+09;-2.94772e+06;-1;0;0;0;-1;0;418039043;424931477;28136682
1494;5.42514e-15;-355;1718;11849;11872;1;286;-2.14748e+09;-2.94772e+06;-1;0;0;0;-1;0;418039043;424931477;28136682
1495;5.42789e-15;-346;1722;11906;11876;1;283;-2.14748e+09;-2.94151e+06;0;0;0;0;0;0;418156386;425063739;28174662
1495;5.42514e-15;-356;1718;11849;11872;1;286;-2.14748e+09;-2.94151e+06;0;0;0;0;0;0;418156386;425063739;28174662
1496;5.42789e-15;-347;1722;11906;11876;1;283;-2.14748e+09;-2.93522e+06;0;0;0;0;0;0;418273479;425195748;28212598
1496;5.42514e-15;-356;1718;11849;11872;1;286;-2.14748e+09;-2.93522e+06;-1;0;0;0;-1;0;418273479;425195748;28212598
1497;5.42789e-15;-347;1722;11906;11876;1;283;-2.14748e+09;-2.92905e+06;-1;0;0;0;-1;0;418390321;425327505;28250490
1497;5.42514e-15;-356;1718;11849;11872;1;286;-2.14748e+09;-2.92905e+06;-1;0;0;0;-1;0;418390321;425327505;28250490
1498;5.42789e-15;-347;1722;11906;11876;1;283;-2.14748e+09;-2.9229e+06;-1;0;0;0;-1;0;418506914;425459009;28288338
1498;5.42514e-15;-356;1718;11849;11872;1;286;-2.14748e+09;-2.9229e+06;-1;0;0;0;-1;0;418506914;425459009;28288338
1499;5.42789e-15;-347;1722;11906;11876;1;283;-2.14748e+09;-2.91676e+06;-1;0;0;0;-1;0;418623259;425590261;28326142
1499;5.42514e-15;-357;1718;11849;11872;1;286;-2.14748e+09;-2.91676e+06;0;0;0;0;0;0;418623259;425590261;28326142
1500;5.42789e-15;-348;1722;11906;11876;1;283;-2.14748e+09;-2.91063e+06;0;0;0;0;0;0;418739355;425721262;28363902
1500;5.42514e-15;-358;1718;11849;11872;1;286;-2.14748e+09;-2.91063e+06;0;0;0;0;0;0;418739355;425721262;28363902
1501;5.42789e-15;-349;1722;11906;11876;1;283;-2.14748e+09;-2.90452e+06;0;0;0;0;0;0;418855204;425852013;28401618
1501;5.42514e-15;-359;1718;11849;11872;1;286;-2.14748e+09;-2.90452e+06;0;0;0;0;0;0;418855204;425852013;28401618
1502;5.42789e-15;-349;1722;11906;11876;1;283;-2.14748e+09;-2.89843e+06;-1;0;0;0;-1;0;418970806;425982514;28439290
1502;5.42514e-15;-360;1718;11849;11872;1;286;-2.14748e+09;-2.89843e+06;0;0;0;0;0;0;418970806;425982514;28439290
1503;5.42789e-15;-350;1722;11906;11876;1;283;-2.14748e+09;-2.89235e+06;0;0;0;0;0;0;419086162;426112766;28476918
1503;5.42514e-15;-360;1718;11849;11872;1;286;-2.14748e+09;-2.89235e+06;-1;0;0;0;-1;0;419086162;426112766;28476918
1504;5.42789e-15;-351;1722;11906;11876;1;283;-2.14748e+09;-2.88629e+06;0;0;0;0;0;0;419201272;426242769;28514502
1504;5.42514e-15;-360;1718;11849;11872;1;286;-2.14748e+09;-2.88629e+06;-1;0;0;0;-1;0;419201272;426242769;28514502
1505;5.42789e-15;-352;1722;11906;11876;1;283;-2.14748e+09;-2.88024e+06;0;0;0;0;0;0;419316137;426372523;28552042
1505;5.42514e-15;-361;1718;11849;11872;1;286;-2.14748e+09;-2.88024e+06;0;0;0;0;0;0;419316137;426372523;28552042
1506;5.42789e-15;-352;1722;11906;11876;1;283;-2.14748e+09;-2.87421e+06;-1;0;0;0;-1;0;419430758;426502030;28589538
1506;5.42514e-15;-362;1718;11849;11872;1;286;-2.14748e+09;-2.87421e+06;0;0;0;0;0;0;419430758;426502030;28589538
1507;5.42789e-15;-353;1722;11906;11876;1;283;-2.14748e+09;-2.86819e+06;0;0;0;0;0;0;419545134;426631290;28626989
1507;5.42514e-15;-363;1718;11849;11872;1;286;-2.14748e+09;-2.86819e+06;0;0;0;0;0;0;419545134;426631290;28626989
1508;5.42789e-15;-353;1722;11906;11876;1;283;-2.14748e+09;-2.86219e+06;-1;0;0;0;-1;0;419659268;426760303;28664397
1508;5.42514e-15;-364;1718;11849;11872;1;286;-2.14748e+09;-2.86219e+06;0;0;0;0;0;0;419659268;426760303;28664397
1509;5.42789e-15;-353;1722;11906;11876;1;283;-2.14748e+09;-2.8562e+06;-1;0;0;0;-1;0;419773159;426889069;28701761
1509;5.42514e-15;-365;1718;11849;11872;1;286;-2.14748e+09;-2.8562e+06;0;0;0;0;0;0;419773159;426889069;28701761
1510;5.42789e-15;-353;1722;11906;11876;1;283;-2.14748e+09;-2.85033e+06;-1;0;0;0;-1;0;419886808;427017591;28739080
1510;5.42514e-15;-365;1718;11849;11872;1;286;-2.14748e+09;-2.85033e+06;-1;0;0;0;-1;0;419886808;427017591;28739080
1511;5.42789e-15;-353;1722;11906;11876;1;283;-2.14748e+09;-2.84427e+06;-1;0;0;0;-1;0;420000215;427145867;28776355
1511;5.42514e-15;-365;1718;11849;11872;1;286;-2.14748e+09;-2.84427e+06;-1;0;0;0;-1;0;420000215;427145867;28776355
1512;5.42789e-15;-353;1722;11906;11876;1;283;-2.14748e+09;-2.83843e+06;-1;0;0;0;-1;0;420113382;427273899;28813587
1512;5.42514e-15;-366;1718;11849;11872;1;286;-2.14748e+09;-2.83843e+06;0;0;0;0;0;0;420113382;427273899;28813587
1513;5.42789e-15;-354;1722;11906;11876;1;283;-2.14748e+09;-2.8324e+06;0;0;0;0;0;0;420226308;427401687;28850774
1513;5.42514e-15;-367;1718;11849;11872;1;286;-2.14748e+09;-2.8324e+06;0;0;0;0;0;0;420226308;427401687;28850774
1514;5.42789e-15;-355;1722;11906;11876;1;283;-2.14748e+09;-2.82659e+06;0;0;0;0;0;0;420338994;427529231;28887917
1514;5.42514e-15;-367;1718;11849;11872;1;286;-2.14748e+09;-2.82659e+06;-1;0;0;0;-1;0;420338994;427529231;28887917
1515;5.42789e-15;-356;1722;11906;11876;1;283;-2.14748e+09;-2.8207e+06;0;0;0;0;0;0;420451442;427656533;28925015
1515;5.42514e-15;-368;1718;11849;11872;1;286;-2.14748e+09;-2.8207e+06;0;0;0;0;0;0;420451442;427656533;28925015
1516;5.42789e-15;-356;1722;11906;11876;1;283;-2.14748e+09;-2.81472e+06;-1;0;0;0;-1;0;420563651;427783592;28962070
1516;5.42514e-15;-369;1718;11849;11872;1;286;-2.14748e+09;-2.81472e+06;0;0;0;0;0;0;420563651;427783592;28962070
1517;5.42789e-15;-357;1722;11906;11876;1;283;-2.14748e+09;-2.80885e+06;0;0;0;0;0;0;420675622;427910409;28999081
1517;5.42514e-15;-370;1718;11849;11872;1;286;-2.14748e+09;-2.80885e+06;0;0;0;0;0;0;420675622;427910409;28999081
1518;5.42789e-15;-358;1722;11906;11876;1;283;-2.14748e+09;-2.803e+06;0;0;0;0;0;0;420787355;428036985;29036047
1518;5.42514e-15;-370;1718;11849;11872;1;286;-2.14748e+09;-2.803e+06;-1;0;0;0;-1;0;420787355;428036985;29036047
1519;5.42789e-15;-359;1722;11906;11876;1;283;-2.14748e+09;-2.79716e+06;0;0;0;0;0;0;420898852;428163321;29072969
1519;5.42514e-15;-370;1718;11849;11872;1;286;-2.14748e+09;-2.79716e+06;-1;0;0;0;-1;0;420898852;428163321;29072969
1520;5.42789e-15;-360;1722;11906;11876;1;283;-2.14748e+09;-2.79134e+06;0;0;0;0;0;0;421010113;428289416;29109847
1520;5.42514e-15;-370;1718;11849;11872;1;286;-2.14748e+09;-2.79134e+06;-1;0;0;0;-1;0;421010113;428289416;29109847
1521;5.42789e-15;-360;1722;11906;11876;1;283;-2.14748e+09;-2.78553e+06;-1;0;0;0;-1;0;421121138;428415271;29146680
1521;5.42514e-15;-371;1718;11849;11872;1;286;-2.14748e+09;-2.78553e+06;0;0;0;0;0;0;421121138;428415271;29146680
1522;5.42789e-15;-361;1722;11906;11876;1;283;-2.14748e+09;-2.77983e+06;0;0;0;0;0;0;421231928;428540887;29183470
1522;5.42514e-15;-372;1718;11849;11872;1;286;-2.14748e+09;-2.77983e+06;0;0;0;0;0;0;421231928;428540887;29183470
1523;5.42789e-15;-362;1722;11906;11876;1;283;-2.14748e+09;-2.77395e+06;0;0;0;0;0;0;421342484;428666265;29220215
1523;5.42514e-15;-372;1718;11849;11872;1;286;-2.14748e+09;-2.77395e+06;-1;0;0;0;-1;0;421342484;428666265;29220215
1524;5.42789e-15;-362;1722;11906;11876;1;283;-2.14748e+09;-2.76819e+06;-1;0;0;0;-1;0;421452805;428791404;29256916
1524;5.42514e-15;-372;1718;11849;11872;1;286;-2.14748e+09;-2.76819e+06;-1;0;0;0;-1;0;421452805;428791404;29256916
1525;5.42789e-15;-363;1722;11906;11876;1;283;-2.14748e+09;-2.76244e+06;0;0;0;0;0;0;421562894;428916306;29293573
1525;5.42514e-15;-372;1718;11849;11872;1;286;-2.14748e+09;-2.76244e+06;-1;0;0;0;-1;0;421562894;428916306;29293573
1526;5.42789e-15;-364;1722;11906;11876;1;283;-2.14748e+09;-2.7567e+06;0;0;0;0;0;0;421672750;429040971;29330186
1526;5.42514e-15;-372;1718;11849;11872;1;286;-2.14748e+09;-2.7567e+06;-1;0;0;0;-1;0;421672750;429040971;29330186
1527;5.42789e-15;-364;1722;11906;11876;1;283;-2.14748e+09;-2.75098e+06;-1;0;0;0;-1;0;421782373;429165399;29366754
1527;5.42514e-15;-373;1718;11849;11872;1;286;-2.14748e+09;-2.75098e+06;0;0;0;0;0;0;421782373;429165399;29366754
1528;5.42789e-15;-365;1722;11906;11876;1;283;-2.14748e+09;-2.74527e+06;0;0;0;0;0;0;421891765;429289591;29403278
1528;5.42514e-15;-374;1718;11849;11872;1;286;-2.14748e+09;-2.74527e+06;0;0;0;0;0;0;421891765;429289591;29403278
1529;5.42789e-15;-366;1722;11906;11876;1;283;-2.14748e+09;-2.73958e+06;0;0;0;0;0;0;422000926;429413548;29439758
1529;5.42514e-15;-375;1718;11849;11872;1;286;-2.14748e+09;-2.73958e+06;0;0;0;0;0;0;422000926;429413548;29439758
1530;5.42789e-15;-366;1722;11906;11876;1;283;-2.14748e+09;-2.7339e+06;-1;0;0;0;-1;0;422109856;429537269;29476193
1530;5.42514e-15;-376;1718;11849;11872;1;286;-2.14748e+09;-2.7339e+06;0;0;0;0;0;0;422109856;429537269;29476193
1531;5.42789e-15;-366;1722;11906;11876;1;283;-2.14748e+09;-2.72833e+06;-1;0;0;0;-1;0;422218556;429660756;29512585
1531;5.42514e-15;-377;1718;11849;11872;1;286;-2.14748e+09;-2.72833e+06;0;0;0;0;0;0;422218556;429660756;29512585
1532;5.42789e-15;-366;1722;11906;11876;1;283;-2.14748e+09;-2.72268e+06;-1;0;0;0;-1;0;422327027;429784009;29548932
1532;5.42514e-15;-378;1718;11849;11872;1;286;-2.14748e+09;-2.72268e+06;0;0;0;0;0;0;422327027;429784009;29548932
1533;5.42789e-15;-366;1722;11906;11876;1;283;-2.14748e+09;-2.71704e+06;-1;0;0;0;-1;0;422435269;429907028;29585235
1533;5.42514e-15;-379;1718;11849;11872;1;286;-2.14748e+09;-2.71704e+06;0;0;0;0;0;0;422435269;429907028;29585235
1534;5.42789e-15;-367;1722;11906;11876;1;283;-2.14748e+09;-2.71132e+06;0;0;0;0;0;0;422543283;430029814;29621493
1534;5.42514e-15;-380;1718;11849;11872;1;286;-2.14748e+09;-2.71132e+06;0;0;0;0;0;0;422543283;430029814;29621493
1535;5.42789e-15;-367;1722;11906;11876;1;283;-2.14748e+09;-2.70571e+06;-1;0;0;0;-1;0;422651069;430152368;29657707
1535;5.42514e-15;-380;1718;11849;11872;1;286;-2.14748e+09;-2.70571e+06;-1;0;0;0;-1;0;422651069;430152368;29657707
1536;5.42789e-15;-368;1722;11906;11876;1;283;-2.14748e+09;-2.70011e+06;0;0;0;0;0;0;422758628;430274690;29693877
1536;5.42514e-15;-381;1718;11849;11872;1;286;-2.14748e+09;-2.70011e+06;0;0;0;0;0;0;422758628;430274690;29693877
1537;5.42789e-15;-369;1722;11906;11876;1;283;-2.14748e+09;-2.69453e+06;0;0;0;0;0;0;422865960;430396780;29730003
1537;5.42514e-15;-381;1718;11849;11872;1;286;-2.14748e+09;-2.69453e+06;-1;0;0;0;-1;0;422865960;430396780;29730003
1538;5.42789e-15;-370;1722;11906;11876;1;283;-2.14748e+09;-2.68896e+06;0;0;0;0;0;0;422973066;430518639;29766085
1538;5.42514e-15;-381;1718;11849;11872;1;286;-2.14748e+09;-2.68896e+06;-1;0;0;0;-1;0;422973066;430518639;29766085
1539;5.42789e-15;-370;1722;11906;11876;1;283;-2.14748e+09;-2.68341e+06;-1;0;0;0;-1;0;423079947;430640268;29802122
1539;5.42514e-15;-381;1718;11849;11872;1;286;-2.14748e+09;-2.68341e+06;-1;0;0;0;-1;0;423079947;430640268;29802122
1540;5.42789e-15;-370;1722;11906;11876;1;283;-2.14748e+09;-2.67786e+06;-1;0;0;0;-1;0;423186602;430761666;29838115
1540;5.42514e-15;-382;1718;11849;11872;1;286;-2.14748e+09;-2.67786e+06;0;0;0;0;0;0;423186602;430761666;29838115
1541;5.42789e-15;-370;1722;11906;11876;1;283;-2.14748e+09;-2.67234e+06;-1;0;0;0;-1;0;423293034;430882835;29874064
1541;5.42514e-15;-382;1718;11849;11872;1;286;-2.14748e+09;-2.67234e+06;-1;0;0;0;-1;0;423293034;430882835;29874064
1542;5.42789e-15;-370;1722;11906;11876;1;283;-2.14748e+09;-2.66682e+06;-1;0;0;0;-1;0;423399241;431003776;29909968
1542;5.42514e-15;-382;1718;11849;11872;1;286;-2.14748e+09;-2.66682e+06;-1;0;0;0;-1;0;423399241;431003776;29909968
1543;5.42789e-15;-371;1722;11906;11876;1;283;-2.14748e+09;-2.66132e+06;0;0;0;0;0;0;423505225;431124487;29945828
1543;5.42514e-15;-383;1718;11849;11872;1;286;-2.14748e+09;-2.66132e+06;0;0;0;0;0;0;423505225;431124487;29945828
1544;5.42789e-15;-372;1722;11906;11876;1;283;-2.14748e+09;-2.65584e+06;0;0;0;0;0;0;423610986;431244970;29981644
1544;5.42514e-15;-383;1718;11849;11872;1;286;-2.14748e+09;-2.65584e+06;-1;0;0;0;-1;0;423610986;431244970;29981644
1545;5.42789e-15;-373;1722;11906;11876;1;283;-2.14748e+09;-2.65036e+06;0;0;0;0;0;0;423716525;431365226;30017416
1545;5.42514e-15;-384;1718;11849;11872;1;286;-2.14748e+09;-2.65036e+06;0;0;0;0;0;0;423716525;431365226;30017416
1546;5.42789e-15;-373;1722;11906;11876;1;283;-2.14748e+09;-2.6449e+06;-1;0;0;0;-1;0;423821842;431485255;30053143
1546;5.42514e-15;-384;1718;11849;11872;1;286;-2.14748e+09;-2.6449e+06;-1;0;0;0;-1;0;423821842;431485255;30053143
1547;5.42789e-15;-373;1722;11906;11876;1;283;-2.14748e+09;-2.63946e+06;-1;0;0;0;-1;0;423926938;431605057;30088826
1547;5.42514e-15;-384;1718;11849;11872;1;286;-2.14748e+09;-2.63946e+06;-1;0;0;0;-1;0;423926938;431605057;30088826
1548;5.42789e-15;-374;1722;11906;11876;1;283;-2.14748e+09;-2.63402e+06;0;0;0;0;0;0;424031813;431724633;30124465
1548;5.42514e-15;-384;1718;11849;11872;1;286;-2.14748e+09;-2.63402e+06;-1;0;0;0;-1;0;424031813;431724633;30124465
1549;5.42789e-15;-374;1722;11906;11876;1;283;-2.14748e+09;-2.6286e+06;-1;0;0;0;-1;0;424136468;431843983;30160060
1549;5.42514e-15;-385;1718;11849;11872;1;286;-2.14748e+09;-2.6286e+06;0;0;0;0;0;0;424136468;431843983;30160060
1550;5.42789e-15;-374;1722;11906;11876;1;283;-2.14748e+09;-2.62319e+06;-1;0;0;0;-1;0;424240903;431963109;30195610
1550;5.42514e-15;-385;1718;11849;11872;1;286;-2.14748e+09;-2.62319e+06;-1;0;0;0;-1;0;424240903;431963109;30195610
1551;5.42789e-15;-375;1722;11906;11876;1;283;-2.14748e+09;-2.6178e+06;0;0;0;0;0;0;424345119;432082009;30231116
1551;5.42514e-15;-386;1718;11849;11872;1;286;-2.14748e+09;-2.6178e+06;0;0;0;0;0;0;424345119;432082009;30231116
1552;5.42789e-15;-375;1722;11906;11876;1;283;-2.14748e+09;-2.61242e+06;-1;0;0;0;-1;0;424449117;432200685;30266578
1552;5.42514e-15;-386;1718;11849;11872;1;286;-2.14748e+09;-2.61242e+06;-1;0;0;0;-1;0;424449117;432200685;30266578
1553;5.42789e-15;-375;1722;11906;11876;1;283;-2.14748e+09;-2.60705e+06;-1;0;0;0;-1;0;424552897;432319138;30301995
1553;5.42514e-15;-386;1718;11849;11872;1;286;-2.14748e+09;-2.60705e+06;-1;0;0;0;-1;0;424552897;432319138;30301995
1554;5.42789e-15;-375;1722;11906;11876;1;283;-2.14748e+09;-2.6017e+06;-1;0;0;0;-1;0;424656459;432437367;30337369
1554;5.42514e-15;-386;1718;11849;11872;1;286;-2.14748e+09;-2.6017e+06;-1;0;0;0;-1;0;424656459;432437367;30337369
1555;5.42789e-15;-375;1722;11906;11876;1;283;-2.14748e+09;-2.59636e+06;-1;0;0;0;-1;0;424759804;432555374;30372698
1555;5.42514e-15;-387;1718;11849;11872;1;286;-2.14748e+09;-2.59636e+06;0;0;0;0;0;0;424759804;432555374;30372698
1556;5.42789e-15;-376;1722;11906;11876;1;283;-2.14748e+09;-2.59103e+06;0;0;0;0;0;0;424862932;432673158;30407983
1556;5.42514e-15;-387;1718;11849;11872;1;286;-2.14748e+09;-2.59103e+06;-1;0;0;0;-1;0;424862932;432673158;30407983
1557;5.42789e-15;-377;1722;11906;11876;1;283;-2.14748e+09;-2.58571e+06;0;0;0;0;0;0;424965845;432790721;30443223
1557;5.42514e-15;-388;1718;11849;11872;1;286;-2.14748e+09;-2.58571e+06;0;0;0;0;0;0;424965845;432790721;30443223
1558;5.42789e-15;-377;1722;11906;11876;1;283;-2.14748e+09;-2.58041e+06;-1;0;0;0;-1;0;425068542;432908062;30478420
1558;5.42514e-15;-389;1718;11849;11872;1;286;-2.14748e+09;-2.58041e+06;0;0;0;0;0;0;425068542;432908062;30478420
1559;5.42789e-15;-377;1722;11906;11876;1;283;-2.14748e+09;-2.57512e+06;-1;0;0;0;-1;0;425171024;433025182;30513572
1559;5.42514e-15;-390;1718;11849;11872;1;286;-2.14748e+09;-2.57512e+06;0;0;0;0;0;0;425171024;433025182;30513572
1560;5.42789e-15;-377;1722;11906;11876;1;283;-2.14748e+09;-2.56984e+06;-1;0;0;0;-1;0;425273291;433142082;30548680
1560;5.42514e-15;-390;1718;11849;11872;1;286;-2.14748e+09;-2.56984e+06;-1;0;0;0;-1;0;425273291;433142082;30548680
1561;5.42789e-15;-378;1722;11906;11876;1;283;-2.14748e+09;-2.56458e+06;0;0;0;0;0;0;425375345;433258762;30583744
1561;5.42514e-15;-391;1718;11849;11872;1;286;-2.14748e+09;-2.56458e+06;0;0;0;0;0;0;425375345;433258762;30583744
1562;5.42789e-15;-378;1722;11906;11876;1;283;-2.14748e+09;-2.55932e+06;-1;0;0;0;-1;0;425477185;433375222;30618763
1562;5.42514e-15;-391;1718;11849;11872;1;286;-2.14748e+09;-2.55932e+06;-1;0;0;0;-1;0;425477185;433375222;30618763
1563;5.42789e-15;-379;1722;11906;11876;1;283;-2.14748e+09;-2.55408e+06;0;0;0;0;0;0;425578813;433491464;30653739
1563;5.42514e-15;-392;1718;11849;11872;1;286;-2.14748e+09;-2.55408e+06;0;0;0;0;0;0;425578813;433491464;30653739
1564;5.42789e-15;-379;1722;11906;11876;1;283;-2.14748e+09;-2.54886e+06;-1;0;0;0;-1;0;425680228;433607487;30688670
1564;5.42514e-15;-392;1718;11849;11872;1;286;-2.14748e+09;-2.54886e+06;-1;0;0;0;-1;0;425680228;433607487;30688670
1565;5.42789e-15;-380;1722;11906;11876;1;283;-2.14748e+09;-2.54374e+06;0;0;0;0;0;0;425781431;433723292;30723557
1565;5.42514e-15;-393;1718;11849;11872;1;286;-2.14748e+09;-2.54374e+06;0;0;0;0;0;0;425781431;433723292;30723557
1566;5.42789e-15;-380;1722;11906;11876;1;283;-2.14748e+09;-2.53844e+06;-1;0;0;0;-1;0;425882423;433838879;30758400
1566;5.42514e-15;-393;1718;11849;11872;1;286;-2.14748e+09;-2.53844e+06;-1;0;0;0;-1;0;425882423;433838879;30758400
1567;5.42789e-15;-380;1722;11906;11876;1;283;-2.14748e+09;-2.53335e+06;-1;0;0;0;-1;0;425983204;433954249;30793199
1567;5.42514e-15;-393;1718;11849;11872;1;286;-2.14748e+09;-2.53335e+06;-1;0;0;0;-1;0;425983204;433954249;30793199
1568;5.42789e-15;-380;1722;11906;11876;1;283;-2.14748e+09;-2.52808e+06;-1;0;0;0;-1;0;426083774;434069402;30827953
1568;5.42514e-15;-394;1718;11849;11872;1;286;-2.14748e+09;-2.52808e+06;0;0;0;0;0;0;426083774;434069402;30827953
1569;5.42789e-15;-380;1722;11906;11876;1;283;-2.14748e+09;-2.52291e+06;-1;0;0;0;-1;0;426184134;434184339;30862664
1569;5.42514e-15;-395;1718;11849;11872;1;286;-2.14748e+09;-2.52291e+06;0;0;0;0;0;0;426184134;434184339;30862664
1570;5.42789e-15;-381;1722;11906;11876;1;283;-2.14748e+09;-2.51776e+06;0;0;0;0;0;0;426284286;434299060;30897330
1570;5.42514e-15;-396;1718;11849;11872;1;286;-2.14748e+09;-2.51776e+06;0;0;0;0;0;0;426284286;434299060;30897330
1571;5.42789e-15;-382;1722;11906;11876;1;283;-2.14748e+09;-2.51262e+06;0;0;0;0;0;0;426384228;434413566;30931952
1571;5.42514e-15;-396;1718;11849;11872;1;286;-2.14748e+09;-2.51262e+06;-1;0;0;0;-1;0;426384228;434413566;30931952
1572;5.42789e-15;-383;1722;11906;11876;1;283;-2.14748e+09;-2.5075e+06;0;0;0;0;0;0;426483962;434527857;30966530
1572;5.42514e-15;-396;1718;11849;11872;1;286;-2.14748e+09;-2.5075e+06;-1;0;0;0;-1;0;426483962;434527857;30966530
1573;5.42789e-15;-383;1722;11906;11876;1;283;-2.14748e+09;-2.50248e+06;-1;0;0;0;-1;0;426583488;434641934;31001064
1573;5.42514e-15;-397;1718;11849;11872;1;286;-2.14748e+09;-2.50248e+06;0;0;0;0;0;0;426583488;434641934;31001064
1574;5.42789e-15;-384;1722;11906;11876;1;283;-2.14748e+09;-2.49728e+06;0;0;0;0;0;0;426682806;434755796;31035554
1574;5.42514e-15;-397;1718;11849;11872;1;286;-2.14748e+09;-2.49728e+06;-1;0;0;0;-1;0;426682806;434755796;31035554
1575;5.42789e-15;-385;1722;11906;11876;1;283;-2.14748e+09;-2.49219e+06;0;0;0;0;0;0;426781918;434869445;31070000
1575;5.42514e-15;-398;1718;11849;11872;1;286;-2.14748e+09;-2.49219e+06;0;0;0;0;0;0;426781918;434869445;31070000
1576;5.42789e-15;-386;1722;11906;11876;1;283;-2.14748e+09;-2.48711e+06;0;0;0;0;0;0;426880823;434982881;31104401
1576;5.42514e-15;-398;1718;11849;11872;1;286;-2.14748e+09;-2.48711e+06;-1;0;0;0;-1;0;426880823;434982881;31104401
1577;5.42789e-15;-387;1722;11906;11876;1;283;-2.14748e+09;-2.48204e+06;0;0;0;0;0;0;426979522;435096104;31138759
1577;5.42514e-15;-398;1718;11849;11872;1;286;-2.14748e+09;-2.48204e+06;-1;0;0;0;-1;0;426979522;435096104;31138759
1578;5.42789e-15;-388;1722;11906;11876;1;283;-2.14748e+09;-2.47699e+06;0;0;0;0;0;0;427078016;435209115;31173072
1578;5.42514e-15;-398;1718;11849;11872;1;286;-2.14748e+09;-2.47699e+06;-1;0;0;0;-1;0;427078016;435209115;31173072
1579;5.42789e-15;-389;1722;11906;11876;1;283;-2.14748e+09;-2.47195e+06;0;0;0;0;0;0;427176305;435321915;31207342
1579;5.42514e-15;-399;1718;11849;11872;1;286;-2.14748e+09;-2.47195e+06;0;0;0;0;0;0;427176305;435321915;31207342
1580;5.42789e-15;-390;1722;11906;11876;1;283;-2.14748e+09;-2.46692e+06;0;0;0;0;0;0;427274389;435434503;31241567
1580;5.42514e-15;-399;1718;11849;11872;1;286;-2.14748e+09;-2.46692e+06;-1;0;0;0;-1;0;427274389;435434503;31241567
1581;5.42789e-15;-390;1722;11906;11876;1;283;-2.14748e+09;-2.4619e+06;-1;0;0;0;-1;0;427372269;435546880;31275748
1581;5.42514e-15;-399;1718;11849;11872;1;286;-2.14748e+09;-2.4619e+06;-1;0;0;0;-1;0;427372269;435546880;31275748
1582;5.42789e-15;-390;1722;11906;11876;1;283;-2.14748e+09;-2.45689e+06;-1;0;0;0;-1;0;427469946;435659046;31309886
1582;5.42514e-15;-400;1718;11849;11872;1;286;-2.14748e+09;-2.45689e+06;0;0;0;0;0;0;427469946;435659046;31309886
1583;5.42789e-15;-391;1722;11906;11876;1;283;-2.14748e+09;-2.452e+06;0;0;0;0;0;0;427567419;435771003;31343979
1583;5.42514e-15;-401;1718;11849;11872;1;286;-2.14748e+09;-2.452e+06;0;0;0;0;0;0;427567419;435771003;31343979
1584;5.42789e-15;-391;1722;11906;11876;1;283;-2.14748e+09;-2.44692e+06;-1;0;0;0;-1;0;427664690;435882750;31378029
1584;5.42514e-15;-401;1718;11849;11872;1;286;-2.14748e+09;-2.44692e+06;-1;0;0;0;-1;0;427664690;435882750;31378029
1585;5.42789e-15;-391;1722;11906;11876;1;283;-2.14748e+09;-2.44204e+06;-1;0;0;0;-1;0;427761759;435994288;31412034
1585;5.42514e-15;-402;1718;11849;11872;1;286;-2.14748e+09;-2.44204e+06;0;0;0;0;0;0;427761759;435994288;31412034
1586;5.42789e-15;-391;1722;11906;11876;1;283;-2.14748e+09;-2.43699e+06;-1;0;0;0;-1;0;427858627;436105618;31445995
1586;5.42514e-15;-402;1718;11849;11872;1;286;-2.14748e+09;-2.43699e+06;-1;0;0;0;-1;0;427858627;436105618;31445995
1587;5.42789e-15;-392;1722;11906;11876;1;283;-2.14748e+09;-2.43204e+06;0;0;0;0;0;0;427955293;436216739;31479913
1587;5.42514e-15;-402;1718;11849;11872;1;286;-2.14748e+09;-2.43204e+06;-1;0;0;0;-1;0;427955293;436216739;31479913
1588;5.42789e-15;-393;1722;11906;11876;1;283;-2.14748e+09;-2.4272e+06;0;0;0;0;0;0;428051759;436327652;31513786
1588;5.42514e-15;-403;1718;11849;11872;1;286;-2.14748e+09;-2.4272e+06;0;0;0;0;0;0;428051759;436327652;31513786
1589;5.42789e-15;-393;1722;11906;11876;1;283;-2.14748e+09;-2.42218e+06;-1;0;0;0;-1;0;428148024;436438358;31547616
1589;5.42514e-15;-404;1718;11849;11872;1;286;-2.14748e+09;-2.42218e+06;0;0;0;0;0;0;428148024;436438358;31547616
1590;5.42789e-15;-393;1722;11906;11876;1;283;-2.14748e+09;-2.41727e+06;-1;0;0;0;-1;0;428244090;436548857;31581402
1590;5.42514e-15;-404;1718;11849;11872;1;286;-2.14748e+09;-2.41727e+06;-1;0;0;0;-1;0;428244090;436548857;31581402
1591;5.42789e-15;-394;1722;11906;11876;1;283;-2.14748e+09;-2.41237e+06;0;0;0;0;0;0;428339956;436659149;31615143
1591;5.42514e-15;-405;1718;11849;11872;1;286;-2.14748e+09;-2.41237e+06;0;0;0;0;0;0;428339956;436659149;31615143
1592;5.42789e-15;-395;1722;11906;11876;1;283;-2.14748e+09;-2.40748e+06;0;0;0;0;0;0;428435623;436769235;31648841
1592;5.42514e-15;-406;1718;11849;11872;1;286;-2.14748e+09;-2.40748e+06;0;0;0;0;0;0;428435623;436769235;31648841
1593;5.42789e-15;-395;1722;11906;11876;1;283;-2.14748e+09;-2.4026e+06;-1;0;0;0;-1;0;428531093;436879116;31682495
1593;5.42514e-15;-406;1718;11849;11872;1;286;-2.14748e+09;-2.4026e+06;-1;0;0;0;-1;0;428531093;436879116;31682495
1594;5.42789e-15;-396;1722;11906;11876;1;283;-2.14748e+09;-2.39774e+06;0;0;0;0;0;0;428626364;436988791;31716105
1594;5.42514e-15;-407;1718;11849;11872;1;286;-2.14748e+09;-2.39774e+06;0;0;0;0;0;0;428626364;436988791;31716105
1595;5.42789e-15;-396;1722;11906;11876;1;283;-2.14748e+09;-2.39288e+06;-1;0;0;0;-1;0;428721438;437098262;31749672
1595;5.42514e-15;-408;1718;11849;11872;1;286;-2.14748e+09;-2.39288e+06;0;0;0;0;0;0;428721438;437098262;31749672
1596;5.42789e-15;-396;1722;11906;11876;1;283;-2.14748e+09;-2.38804e+06;-1;0;0;0;-1;0;428816315;437207528;31783194
1596;5.42514e-15;-409;1718;11849;11872;1;286;-2.14748e+09;-2.38804e+06;0;0;0;0;0;0;428816315;437207528;31783194
1597;5.42789e-15;-397;1722;11906;11876;1;283;-2.14748e+09;-2.38331e+06;0;0;0;0;0;0;428910996;437316590;31816673
1597;5.42514e-15;-409;1718;11849;11872;1;286;-2.14748e+09;-2.38331e+06;-1;0;0;0;-1;0;428910996;437316590;31816673
1598;5.42789e-15;-398;1722;11906;11876;1;283;-2.14748e+09;-2.37838e+06;0;0;0;0;0;0;429005480;437425449;31850108
1598;5.42514e-15;-409;1718;11849;11872;1;286;-2.14748e+09;-2.37838e+06;-1;0;0;0;-1;0;429005480;437425449;31850108
1599;5.42789e-15;-398;1722;11906;11876;1;283;-2.14748e+09;-2.37368e+06;-1;0;0;0;-1;0;429099769;437534105;31883499
1599;5.42514e-15;-409;1718;11849;11872;1;286;-2.14748e+09;-2.37368e+06;-1;0;0;0;-1;0;429099769;437534105;31883499
1600;5.42789e-15;-398;1722;11906;11876;1;283;-2.14748e+09;-2.36888e+06;-1;0;0;0;-1;0;429193863;437642557;31916846
1600;5.42514e-15;-409;1718;11849;11872;1;286;-2.14748e+09;-2.36888e+06;-1;0;0;0;-1;0;429193863;437642557;31916846
1601;5.42789e-15;-399;1722;11906;11876;1;283;-2.14748e+09;-2.36399e+06;0;0;0;0;0;0;429287762;437750808;31950150
1601;5.42514e-15;-410;1718;11849;11872;1;286;-2.14748e+09;-2.36399e+06;0;0;0;0;0;0;429287762;437750808;31950150
1602;5.42789e-15;-399;1722;11906;11876;1;283;-2.14748e+09;-2.35922e+06;-1;0;0;0;-1;0;429381467;437858857;31983409
1602;5.42514e-15;-411;1718;11849;11872;1;286;-2.14748e+09;-2.35922e+06;0;0;0;0;0;0;429381467;437858857;31983409
1603;5.42789e-15;-400;1722;11906;11876;1;283;-2.14748e+09;-2.35445e+06;0;0;0;0;0;0;429474978;437966704;32016626
1603;5.42514e-15;-412;1718;11849;11872;1;286;-2.14748e+09;-2.35445e+06;0;0;0;0;0;0;429474978;437966704;32016626
1604;5.42789e-15;-401;1722;11906;11876;1;283;-2.14748e+09;-2.3497e+06;0;0;0;0;0;0;429568296;438074350;32049798
1604;5.42514e-15;-413;1718;11849;11872;1;286;-2.14748e+09;-2.3497e+06;0;0;0;0;0;0;429568296;438074350;32049798
1605;5.42789e-15;-402;1722;11906;11876;1;283;-2.14748e+09;-2.34496e+06;0;0;0;0;0;0;429661421;438181796;32082927
1605;5.42514e-15;-414;1718;11849;11872;1;286;-2.14748e+09;-2.34496e+06;0;0;0;0;0;0;429661421;438181796;32082927
1606;5.42789e-15;-402;1722;11906;11876;1;283;-2.14748e+09;-2.34023e+06;-1;0;0;0;-1;0;429754354;438289041;32116012
1606;5.42514e-15;-414;1718;11849;11872;1;286;-2.14748e+09;-2.34023e+06;-1;0;0;0;-1;0;429754354;438289041;32116012
1607;5.42789e-15;-402;1722;11906;11876;1;283;-2.14748e+09;-2.33551e+06;-1;0;0;0;-1;0;429847095;438396087;32149053
1607;5.42514e-15;-415;1718;11849;11872;1;286;-2.14748e+09;-2.33551e+06;0;0;0;0;0;0;429847095;438396087;32149053
1608;5.42789e-15;-402;1722;11906;11876;1;283;-2.14748e+09;-2.3308e+06;-1;0;0;0;-1;0;429939644;438502933;32182051
1608;5.42514e-15;-416;1718;11849;11872;1;286;-2.14748e+09;-2.3308e+06;0;0;0;0;0;0;429939644;438502933;32182051
1609;5.42789e-15;-403;1722;11906;11876;1;283;-2.14748e+09;-2.3261e+06;0;0;0;0;0;0;430032002;438609580;32215005
1609;5.42514e-15;-417;1718;11849;11872;1;286;-2.14748e+09;-2.3261e+06;0;0;0;0;0;0;430032002;438609580;32215005
1610;5.42789e-15;-403;1722;11906;11876;1;283;-2.14748e+09;-2.32141e+06;-1;0;0;0;-1;0;430124170;438716028;32247916
1610;5.42514e-15;-418;1718;11849;11872;1;286;-2.14748e+09;-2.32141e+06;0;0;0;0;0;0;430124170;438716028;32247916
1611;5.42789e-15;-403;1722;11906;11876;1;283;-2.14748e+09;-2.31674e+06;-1;0;0;0;-1;0;430216148;438822279;32280783
1611;5.42514e-15;-419;1718;11849;11872;1;286;-2.14748e+09;-2.31674e+06;0;0;0;0;0;0;430216148;438822279;32280783
1612;5.42789e-15;-404;1722;11906;11876;1;283;-2.14748e+09;-2.31207e+06;0;0;0;0;0;0;430307935;438928331;32313606
1612;5.42514e-15;-420;1718;11849;11872;1;286;-2.14748e+09;-2.31207e+06;0;0;0;0;0;0;430307935;438928331;32313606
1613;5.42789e-15;-405;1722;11906;11876;1;283;-2.14748e+09;-2.30742e+06;0;0;0;0;0;0;430399534;439034187;32346386
1613;5.42514e-15;-421;1718;11849;11872;1;286;-2.14748e+09;-2.30742e+06;0;0;0;0;0;0;430399534;439034187;32346386
1614;5.42789e-15;-405;1722;11906;11876;1;283;-2.14748e+09;-2.30277e+06;-1;0;0;0;-1;0;430490943;439139845;32379122
1614;5.42514e-15;-421;1718;11849;11872;1;286;-2.14748e+09;-2.30277e+06;-1;0;0;0;-1;0;430490943;439139845;32379122
1615;5.42789e-15;-405;1722;11906;11876;1;283;-2.14748e+09;-2.29814e+06;-1;0;0;0;-1;0;430582165;439245307;32411815
1615;5.42514e-15;-421;1718;11849;11872;1;286;-2.14748e+09;-2.29814e+06;-1;0;0;0;-1;0;430582165;439245307;32411815
1616;5.42789e-15;-406;1722;11906;11876;1;283;-2.14748e+09;-2.29362e+06;0;0;0;0;0;0;430673198;439350573;32444464
1616;5.42514e-15;-422;1718;11849;11872;1;286;-2.14748e+09;-2.29362e+06;0;0;0;0;0;0;430673198;439350573;32444464
1617;5.42789e-15;-407;1722;11906;11876;1;283;-2.14748e+09;-2.28891e+06;0;0;0;0;0;0;430764044;439455643;32477070
1617;5.42514e-15;-423;1718;11849;11872;1;286;-2.14748e+09;-2.28891e+06;0;0;0;0;0;0;430764044;439455643;32477070
1618;5.42789e-15;-407;1722;11906;11876;1;283;-2.14748e+09;-2.28431e+06;-1;0;0;0;-1;0;430854702;439560517;32509633
1618;5.42514e-15;-424;1718;11849;11872;1;286;-2.14748e+09;-2.28431e+06;0;0;0;0;0;0;430854702;439560517;32509633
1619;5.42789e-15;-408;1722;11906;11876;1;283;-2.14748e+09;-2.27972e+06;0;0;0;0;0;0;430945174;439665197;32542152
1619;5.42514e-15;-424;1718;11849;11872;1;286;-2.14748e+09;-2.27972e+06;-1;0;0;0;-1;0;430945174;439665197;32542152
1620;5.42789e-15;-409;1722;11906;11876;1;283;-2.14748e+09;-2.27514e+06;0;0;0;0;0;0;431035460;439769682;32574627
1620;5.42514e-15;-424;1718;11849;11872;1;286;-2.14748e+09;-2.27514e+06;-1;0;0;0;-1;0;431035460;439769682;32574627
1621;5.42789e-15;-409;1722;11906;11876;1;283;-2.14748e+09;-2.27057e+06;-1;0;0;0;-1;0;431125560;439873973;32607059
1621;5.42514e-15;-424;1718;11849;11872;1;286;-2.14748e+09;-2.27057e+06;-1;0;0;0;-1;0;431125560;439873973;32607059
1622;5.42789e-15;-410;1722;11906;11876;1;283;-2.14748e+09;-2.26601e+06;0;0;0;0;0;0;431215475;439978071;32639448
1622;5.42514e-15;-424;1718;11849;11872;1;286;-2.14748e+09;-2.26601e+06;-1;0;0;0;-1;0;431215475;439978071;32639448
1623;5.42789e-15;-410;1722;11906;11876;1;283;-2.14748e+09;-2.26156e+06;-1;0;0;0;-1;0;431305204;440081974;32671794
1623;5.42514e-15;-424;1718;11849;11872;1;286;-2.14748e+09;-2.26156e+06;-1;0;0;0;-1;0;431305204;440081974;32671794
1624;5.42789e-15;-410;1722;11906;11876;1;283;-2.14748e+09;-2.25692e+06;-1;0;0;0;-1;0;431394749;440185685;32704096
1624;5.42514e-15;-425;1718;11849;11872;1;286;-2.14748e+09;-2.25692e+06;0;0;0;0;0;0;431394749;440185685;32704096
1625;5.42789e-15;-410;1722;11906;11876;1;283;-2.14748e+09;-2.2524e+06;-1;0;0;0;-1;0;431484110;440289204;32736355
1625;5.42514e-15;-426;1718;11849;11872;1;286;-2.14748e+09;-2.2524e+06;0;0;0;0;0;0;431484110;440289204;32736355
1626;5.42789e-15;-411;1722;11906;11876;1;283;-2.14748e+09;-2.24788e+06;0;0;0;0;0;0;431573288;440392530;32768570
1626;5.42514e-15;-426;1718;11849;11872;1;286;-2.14748e+09;-2.24788e+06;-1;0;0;0;-1;0;431573288;440392530;32768570
1627;5.42789e-15;-412;1722;11906;11876;1;283;-2.14748e+09;-2.24347e+06;0;0;0;0;0;0;431662282;440495664;32800743
1627;5.42514e-15;-427;1718;11849;11872;1;286;-2.14748e+09;-2.24347e+06;0;0;0;0;0;0;431662282;440495664;32800743
1628;5.42789e-15;-413;1722;11906;11876;1;283;-2.14748e+09;-2.23888e+06;0;0;0;0;0;0;431751093;440598607;32832872
1628;5.42514e-15;-427;1718;11849;11872;1;286;-2.14748e+09;-2.23888e+06;-1;0;0;0;-1;0;431751093;440598607;32832872
1629;5.42789e-15;-413;1722;11906;11876;1;283;-2.14748e+09;-2.23449e+06;-1;0;0;0;-1;0;431839722;440701359;32864958
1629;5.42514e-15;-427;1718;11849;11872;1;286;-2.14748e+09;-2.23449e+06;-1;0;0;0;-1;0;431839722;440701359;32864958
1630;5.42789e-15;-414;1722;11906;11876;1;283;-2.14748e+09;-2.22992e+06;0;0;0;0;0;0;431928169;440803920;32897000
1630;5.42514e-15;-428;1718;11849;11872;1;286;-2.14748e+09;-2.22992e+06;0;0;0;0;0;0;431928169;440803920;32897000
1631;5.42789e-15;-414;1722;11906;11876;1;283;-2.14748e+09;-2.22555e+06;-1;0;0;0;-1;0;432016434;440906292;32929000
1631;5.42514e-15;-428;1718;11849;11872;1;286;-2.14748e+09;-2.22555e+06;-1;0;0;0;-1;0;432016434;440906292;32929000
1632;5.42789e-15;-415;1722;11906;11876;1;283;-2.14748e+09;-2.221e+06;0;0;0;0;0;0;432104518;441008473;32960956
1632;5.42514e-15;-429;1718;11849;11872;1;286;-2.14748e+09;-2.221e+06;0;0;0;0;0;0;432104518;441008473;32960956
1633;5.42789e-15;-416;1722;11906;11876;1;283;-2.14748e+09;-2.21655e+06;0;0;0;0;0;0;432192422;441110465;32992869
1633;5.42514e-15;-430;1718;11849;11872;1;286;-2.14748e+09;-2.21655e+06;0;0;0;0;0;0;432192422;441110465;32992869
1634;5.42789e-15;-416;1722;11906;11876;1;283;-2.14748e+09;-2.21212e+06;-1;0;0;0;-1;0;432280145;441212268;33024740
1634;5.42514e-15;-430;1718;11849;11872;1;286;-2.14748e+09;-2.21212e+06;-1;0;0;0;-1;0;432280145;441212268;33024740
1635;5.42789e-15;-417;1722;11906;11876;1;283;-2.14748e+09;-2.2077e+06;0;0;0;0;0;0;432367688;441313882;33056567
1635;5.42514e-15;-430;1718;11849;11872;1;286;-2.14748e+09;-2.2077e+06;-1;0;0;0;-1;0;432367688;441313882;33056567
1636;5.42789e-15;-418;1722;11906;11876;1;283;-2.14748e+09;-2.20328e+06;0;0;0;0;0;0;432455052;441415307;33088351
1636;5.42514e-15;-430;1718;11849;11872;1;286;-2.14748e+09;-2.20328e+06;-1;0;0;0;-1;0;432455052;441415307;33088351
1637;5.42789e-15;-419;1722;11906;11876;1;283;-2.14748e+09;-2.19888e+06;0;0;0;0;0;0;432542236;441516545;33120091
1637;5.42514e-15;-430;1718;11849;11872;1;286;-2.14748e+09;-2.19888e+06;-1;0;0;0;-1;0;432542236;441516545;33120091
1638;5.42789e-15;-420;1722;11906;11876;1;283;-2.14748e+09;-2.19448e+06;0;0;0;0;0;0;432629242;441617595;33151789
1638;5.42514e-15;-430;1718;11849;11872;1;286;-2.14748e+09;-2.19448e+06;-1;0;0;0;-1;0;432629242;441617595;33151789
1639;5.42789e-15;-421;1722;11906;11876;1;283;-2.14748e+09;-2.1901e+06;0;0;0;0;0;0;432716070;441718458;33183444
1639;5.42514e-15;-431;1718;11849;11872;1;286;-2.14748e+09;-2.1901e+06;0;0;0;0;0;0;432716070;441718458;33183444
1640;5.42789e-15;-421;1722;11906;11876;1;283;-2.14748e+09;-2.18572e+06;-1;0;0;0;-1;0;432802720;441819135;33215056
1640;5.42514e-15;-432;1718;11849;11872;1;286;-2.14748e+09;-2.18572e+06;0;0;0;0;0;0;432802720;441819135;33215056
1641;5.42789e-15;-421;1722;11906;11876;1;283;-2.14748e+09;-2.18136e+06;-1;0;0;0;-1;0;432889192;441919625;33246625
1641;5.42514e-15;-433;1718;11849;11872;1;286;-2.14748e+09;-2.18136e+06;0;0;0;0;0;0;432889192;441919625;33246625
1642;5.42789e-15;-421;1722;11906;11876;1;283;-2.14748e+09;-2.17701e+06;-1;0;0;0;-1;0;432975488;442019928;33278151
1642;5.42514e-15;-433;1718;11849;11872;1;286;-2.14748e+09;-2.17701e+06;-1;0;0;0;-1;0;432975488;442019928;33278151
1643;5.42789e-15;-422;1722;11906;11876;1;283;-2.14748e+09;-2.17266e+06;0;0;0;0;0;0;433061607;442120047;33309634
1643;5.42514e-15;-434;1718;11849;11872;1;286;-2.14748e+09;-2.17266e+06;0;0;0;0;0;0;433061607;442120047;33309634
1644;5.42789e-15;-423;1722;11906;11876;1;283;-2.14748e+09;-2.16833e+06;0;0;0;0;0;0;433147549;442219979;33341075
1644;5.42514e-15;-434;1718;11849;11872;1;286;-2.14748e+09;-2.16833e+06;-1;0;0;0;-1;0;433147549;442219979;33341075
1645;5.42789e-15;-424;1722;11906;11876;1;283;-2.14748e+09;-2.164e+06;0;0;0;0;0;0;433233316;442319727;33372472
1645;5.42514e-15;-435;1718;11849;11872;1;286;-2.14748e+09;-2.164e+06;0;0;0;0;0;0;433233316;442319727;33372472
1646;5.42789e-15;-425;1722;11906;11876;1;283;-2.14748e+09;-2.15969e+06;0;0;0;0;0;0;433318907;442419291;33403827
1646;5.42514e-15;-435;1718;11849;11872;1;286;-2.14748e+09;-2.15969e+06;-1;0;0;0;-1;0;433318907;442419291;33403827
1647;5.42789e-15;-425;1722;11906;11876;1;283;-2.14748e+09;-2.15548e+06;-1;0;0;0;-1;0;433404324;442518670;33435139
1647;5.42514e-15;-436;1718;11849;11872;1;286;-2.14748e+09;-2.15548e+06;0;0;0;0;0;0;433404324;442518670;33435139
1648;5.42789e-15;-426;1722;11906;11876;1;283;-2.14748e+09;-2.15109e+06;0;0;0;0;0;0;433489565;442617865;33466408
1648;5.42514e-15;-437;1718;11849;11872;1;286;-2.14748e+09;-2.15109e+06;0;0;0;0;0;0;433489565;442617865;33466408
1649;5.42789e-15;-427;1722;11906;11876;1;283;-2.14748e+09;-2.1468e+06;0;0;0;0;0;0;433574633;442716877;33497634
1649;5.42514e-15;-438;1718;11849;11872;1;286;-2.14748e+09;-2.1468e+06;0;0;0;0;0;0;433574633;442716877;33497634
1650;5.42789e-15;-427;1722;11906;11876;1;283;-2.14748e+09;-2.14263e+06;-1;0;0;0;-1;0;433659527;442815706;33528818
1650;5.42514e-15;-439;1718;11849;11872;1;286;-2.14748e+09;-2.14263e+06;0;0;0;0;0;0;433659527;442815706;33528818
1651;5.42789e-15;-428;1722;11906;11876;1;283;-2.14748e+09;-2.13836e+06;0;0;0;0;0;0;433744247;442914352;33559959
1651;5.42514e-15;-440;1718;11849;11872;1;286;-2.14748e+09;-2.13836e+06;0;0;0;0;0;0;433744247;442914352;33559959
1652;5.42789e-15;-429;1722;11906;11876;1;283;-2.14748e+09;-2.13401e+06;0;0;0;0;0;0;433828794;443012816;33591057
1652;5.42514e-15;-440;1718;11849;11872;1;286;-2.14748e+09;-2.13401e+06;-1;0;0;0;-1;0;433828794;443012816;33591057
1653;5.42789e-15;-429;1722;11906;11876;1;283;-2.14748e+09;-2.12986e+06;-1;0;0;0;-1;0;433913169;443111098;33622112
1653;5.42514e-15;-440;1718;11849;11872;1;286;-2.14748e+09;-2.12986e+06;-1;0;0;0;-1;0;433913169;443111098;33622112
1654;5.42789e-15;-429;1722;11906;11876;1;283;-2.14748e+09;-2.12552e+06;-1;0;0;0;-1;0;433997371;443209198;33653125
1654;5.42514e-15;-440;1718;11849;11872;1;286;-2.14748e+09;-2.12552e+06;-1;0;0;0;-1;0;433997371;443209198;33653125
1655;5.42789e-15;-430;1722;11906;11876;1;283;-2.14748e+09;-2.1213e+06;0;0;0;0;0;0;434081401;443307117;33684096
1655;5.42514e-15;-440;1718;11849;11872;1;286;-2.14748e+09;-2.1213e+06;-1;0;0;0;-1;0;434081401;443307117;33684096
1656;5.42789e-15;-431;1722;11906;11876;1;283;-2.14748e+09;-2.11708e+06;0;0;0;0;0;0;434165260;443404855;33715023
1656;5.42514e-15;-441;1718;11849;11872;1;286;-2.14748e+09;-2.11708e+06;0;0;0;0;0;0;434165260;443404855;33715023
1657;5.42789e-15;-432;1722;11906;11876;1;283;-2.14748e+09;-2.11287e+06;0;0;0;0;0;0;434248948;443502413;33745909
1657;5.42514e-15;-442;1718;11849;11872;1;286;-2.14748e+09;-2.11287e+06;0;0;0;0;0;0;434248948;443502413;33745909
1658;5.42789e-15;-432;1722;11906;11876;1;283;-2.14748e+09;-2.10877e+06;-1;0;0;0;-1;0;434332466;443599791;33776751
1658;5.42514e-15;-443;1718;11849;11872;1;286;-2.14748e+09;-2.10867e+06;0;0;0;0;0;0;434332466;443599791;33776751
1659;5.42789e-15;-433;1722;11906;11876;1;283;-2.14748e+09;-2.10448e+06;0;0;0;0;0;0;434415813;443696988;33807552
1659;5.42514e-15;-443;1718;11849;11872;1;286;-2.14748e+09;-2.10448e+06;-1;0;0;0;-1;0;434415813;443696988;33807552
1660;5.42789e-15;-434;1722;11906;11876;1;283;-2.14748e+09;-2.1004e+06;0;0;0;0;0;0;434498990;443794007;33838309
1660;5.42514e-15;-443;1718;11849;11872;1;286;-2.14748e+09;-2.1004e+06;-1;0;0;0;-1;0;434498990;443794007;33838309
1661;5.42789e-15;-434;1722;11906;11876;1;283;-2.14748e+09;-2.09623e+06;-1;0;0;0;-1;0;434581997;443890846;33869025
1661;5.42514e-15;-443;1718;11849;11872;1;286;-2.14748e+09;-2.09623e+06;-1;0;0;0;-1;0;434581997;443890846;33869025
1662;5.42789e-15;-435;1722;11906;11876;1;283;-2.14748e+09;-2.09197e+06;0;0;0;0;0;0;434664835;443987506;33899698
1662;5.42514e-15;-444;1718;11849;11872;1;286;-2.14748e+09;-2.09197e+06;0;0;0;0;0;0;434664835;443987506;33899698
1663;5.42789e-15;-435;1722;11906;11876;1;283;-2.14748e+09;-2.08782e+06;-1;0;0;0;-1;0;434747505;444083988;33930328
1663;5.42514e-15;-444;1718;11849;11872;1;286;-2.14748e+09;-2.08782e+06;-1;0;0;0;-1;0;434747505;444083988;33930328
1664;5.42789e-15;-436;1722;11906;11876;1;283;-2.14748e+09;-2.08367e+06;0;0;0;0;0;0;434830006;444180292;33960916
1664;5.42514e-15;-445;1718;11849;11872;1;286;-2.14748e+09;-2.08367e+06;0;0;0;0;0;0;434830006;444180292;33960916
1665;5.42789e-15;-436;1722;11906;11876;1;283;-2.14748e+09;-2.07954e+06;-1;0;0;0;-1;0;434912340;444276419;33991462
1665;5.42514e-15;-446;1718;11849;11872;1;286;-2.14748e+09;-2.07954e+06;0;0;0;0;0;0;434912340;444276419;33991462
1666;5.42789e-15;-436;1722;11906;11876;1;283;-2.14748e+09;-2.07542e+06;-1;0;0;0;-1;0;434994505;444372368;34021966
1666;5.42514e-15;-447;1718;11849;11872;1;286;-2.14748e+09;-2.07542e+06;0;0;0;0;0;0;434994505;444372368;34021966
1667;5.42789e-15;-437;1722;11906;11876;1;283;-2.14748e+09;-2.0713e+06;0;0;0;0;0;0;435076504;444468140;34052427
1667;5.42514e-15;-448;1718;11849;11872;1;286;-2.14748e+09;-2.0713e+06;0;0;0;0;0;0;435076504;444468140;34052427
1668;5.42789e-15;-438;1722;11906;11876;1;283;-2.14748e+09;-2.0672e+06;0;0;0;0;0;0;435158335;444563736;34082846
1668;5.42514e-15;-448;1718;11849;11872;1;286;-2.14748e+09;-2.0672e+06;-1;0;0;0;-1;0;435158335;444563736;34082846
1669;5.42789e-15;-439;1722;11906;11876;1;283;-2.14748e+09;-2.0631e+06;0;0;0;0;0;0;435240000;444659155;34113223
1669;5.42514e-15;-448;1718;11849;11872;1;286;-2.14748e+09;-2.0631e+06;-1;0;0;0;-1;0;435240000;444659155;34113223
1670;5.42789e-15;-439;1722;11906;11876;1;283;-2.14748e+09;-2.05901e+06;-1;0;0;0;-1;0;435321499;444754399;34143558
1670;5.42514e-15;-449;1718;11849;11872;1;286;-2.14748e+09;-2.05901e+06;0;0;0;0;0;0;435321499;444754399;34143558
1671;5.42789e-15;-439;1722;11906;11876;1;283;-2.14748e+09;-2.05503e+06;-1;0;0;0;-1;0;435402833;444849467;34173850
1671;5.42514e-15;-449;1718;11849;11872;1;286;-2.14748e+09;-2.05503e+06;-1;0;0;0;-1;0;435402833;444849467;34173850
1672;5.42789e-15;-439;1722;11906;11876;1;283;-2.14748e+09;-2.05086e+06;-1;0;0;0;-1;0;435484001;444944359;34204101
1672;5.42514e-15;-449;1718;11849;11872;1;286;-2.14748e+09;-2.05086e+06;-1;0;0;0;-1;0;435484001;444944359;34204101
1673;5.42789e-15;-440;1722;11906;11876;1;283;-2.14748e+09;-2.0468e+06;0;0;0;0;0;0;435565004;445039077;34234309
1673;5.42514e-15;-450;1718;11849;11872;1;286;-2.14748e+09;-2.0468e+06;0;0;0;0;0;0;435565004;445039077;34234309
1674;5.42789e-15;-440;1722;11906;11876;1;283;-2.14748e+09;-2.04275e+06;-1;0;0;0;-1;0;435645842;445133621;34264475
1674;5.42514e-15;-451;1718;11849;11872;1;286;-2.14748e+09;-2.04275e+06;0;0;0;0;0;0;435645842;445133621;34264475
1675;5.42789e-15;-441;1722;11906;11876;1;283;-2.14748e+09;-2.03881e+06;0;0;0;0;0;0;435726516;445227990;34294599
1675;5.42514e-15;-451;1718;11849;11872;1;286;-2.14748e+09;-2.03881e+06;-1;0;0;0;-1;0;435726516;445227990;34294599
1676;5.42789e-15;-442;1722;11906;11876;1;283;-2.14748e+09;-2.03468e+06;0;0;0;0;0;0;435807027;445322185;34324681
1676;5.42514e-15;-452;1718;11849;11872;1;286;-2.14748e+09;-2.03468e+06;0;0;0;0;0;0;435807027;445322185;34324681
1677;5.42789e-15;-443;1722;11906;11876;1;283;-2.14748e+09;-2.03076e+06;0;0;0;0;0;0;435887373;445416207;34354721
1677;5.42514e-15;-453;1718;11849;11872;1;286;-2.14748e+09;-2.03076e+06;0;0;0;0;0;0;435887373;445416207;34354721
1678;5.42789e-15;-444;1722;11906;11876;1;283;-2.14748e+09;-2.02674e+06;0;0;0;0;0;0;435967557;445510056;34384720
1678;5.42514e-15;-453;1718;11849;11872;1;286;-2.14748e+09;-2.02674e+06;-1;0;0;0;-1;0;435967557;445510056;34384720
1679;5.42789e-15;-445;1722;11906;11876;1;283;-2.14748e+09;-2.02273e+06;0;0;0;0;0;0;436047578;445603732;34414676
1679;5.42514e-15;-453;1718;11849;11872;1;286;-2.14748e+09;-2.02273e+06;-1;0;0;0;-1;0;436047578;445603732;34414676
1680;5.42789e-15;-446;1722;11906;11876;1;283;-2.14748e+09;-2.01864e+06;0;0;0;0;0;0;436127436;445697236;34444590
1680;5.42514e-15;-453;1718;11849;11872;1;286;-2.14748e+09;-2.01864e+06;-1;0;0;0;-1;0;436127436;445697236;34444590
1681;5.42789e-15;-447;1722;11906;11876;1;283;-2.14748e+09;-2.01465e+06;0;0;0;0;0;0;436207133;445790568;34474463
1681;5.42514e-15;-453;1718;11849;11872;1;286;-2.14748e+09;-2.01465e+06;-1;0;0;0;-1;0;436207133;445790568;34474463
1682;5.42789e-15;-448;1722;11906;11876;1;283;-2.14748e+09;-2.01067e+06;0;0;0;0;0;0;436286668;445883728;34504293
1682;5.42514e-15;-454;1718;11849;11872;1;286;-2.14748e+09;-2.01067e+06;0;0;0;0;0;0;436286668;445883728;34504293
1683;5.42789e-15;-448;1722;11906;11876;1;283;-2.14748e+09;-2.0067e+06;-1;0;0;0;-1;0;436366041;445976716;34534082
1683;5.42514e-15;-455;1718;11849;11872;1;286;-2.14748e+09;-2.0067e+06;0;0;0;0;0;0;436366041;445976716;34534082
1684;5.42789e-15;-448;1722;11906;11876;1;283;-2.14748e+09;-2.00274e+06;-1;0;0;0;-1;0;436445254;446069533;34563829
1684;5.42514e-15;-456;1718;11849;11872;1;286;-2.14748e+09;-2.00274e+06;0;0;0;0;0;0;436445254;446069533;34563829
1685;5.42789e-15;-448;1722;11906;11876;1;283;-2.14748e+09;-1.99878e+06;-1;0;0;0;-1;0;436524306;446162180;34593535
1685;5.42514e-15;-456;1718;11849;11872;1;286;-2.14748e+09;-1.99878e+06;-1;0;0;0;-1;0;436524306;446162180;34593535
1686;5.42789e-15;-448;1722;11906;11876;1;283;-2.14748e+09;-1.99484e+06;-1;0;0;0;-1;0;436603198;446254656;34623198
1686;5.42514e-15;-457;1718;11849;11872;1;286;-2.14748e+09;-1.99484e+06;0;0;0;0;0;0;436603198;446254656;34623198
1687;5.42789e-15;-449;1722;11906;11876;1;283;-2.14748e+09;-1.99091e+06;0;0;0;0;0;0;436681930;446346962;34652820
1687;5.42514e-15;-458;1718;11849;11872;1;286;-2.14748e+09;-1.9909e+06;0;0;0;0;0;0;436681930;446346962;34652820
1688;5.42789e-15;-450;1722;11906;11876;1;283;-2.14748e+09;-1.98698e+06;0;0;0;0;0;0;436760502;446439099;34682400
1688;5.42514e-15;-459;1718;11849;11872;1;286;-2.14748e+09;-1.98698e+06;0;0;0;0;0;0;436760502;446439099;34682400
1689;5.42789e-15;-451;1722;11906;11876;1;283;-2.14748e+09;-1.98306e+06;0;0;0;0;0;0;436838916;446531066;34711939
1689;5.42514e-15;-459;1718;11849;11872;1;286;-2.14748e+09;-1.98306e+06;-1;0;0;0;-1;0;436838916;446531066;34711939
1690;5.42789e-15;-452;1722;11906;11876;1;283;-2.14748e+09;-1.97915e+06;0;0;0;0;0;0;436917170;446622864;34741436
1690;5.42514e-15;-460;1718;11849;11872;1;286;-2.14748e+09;-1.97915e+06;0;0;0;0;0;0;436917170;446622864;34741436
1691;5.42789e-15;-453;1722;11906;11876;1;283;-2.14748e+09;-1.97525e+06;0;0;0;0;0;0;436995267;446714493;34770892
1691;5.42514e-15;-461;1718;11849;11872;1;286;-2.14748e+09;-1.97525e+06;0;0;0;0;0;0;436995267;446714493;34770892
1692;5.42789e-15;-454;1722;11906;11876;1;283;-2.14748e+09;-1.97136e+06;0;0;0;0;0;0;437073205;446805954;34800305
1692;5.42514e-15;-461;1718;11849;11872;1;286;-2.14748e+09;-1.97136e+06;-1;0;0;0;-1;0;437073205;446805954;34800305
1693;5.42789e-15;-454;1722;11906;11876;1;283;-2.14748e+09;-1.96747e+06;-1;0;0;0;-1;0;437150985;446897247;34829678
1693;5.42514e-15;-462;1718;11849;11872;1;286;-2.14748e+09;-1.96747e+06;0;0;0;0;0;0;437150985;446897247;34829678
1694;5.42789e-15;-455;1722;11906;11876;1;283;-2.14748e+09;-1.9636e+06;0;0;0;0;0;0;437228608;446988372;34859009
1694;5.42514e-15;-463;1718;11849;11872;1;286;-2.14748e+09;-1.9636e+06;0;0;0;0;0;0;437228608;446988372;34859009
1695;5.42789e-15;-455;1722;11906;11876;1;283;-2.14748e+09;-1.95973e+06;-1;0;0;0;-1;0;437306074;447079330;34888298
1695;5.42514e-15;-464;1718;11849;11872;1;286;-2.14748e+09;-1.95973e+06;0;0;0;0;0;0;437306074;447079330;34888298
1696;5.42789e-15;-456;1722;11906;11876;1;283;-2.14748e+09;-1.95598e+06;0;0;0;0;0;0;437383383;447170120;34917547
1696;5.42514e-15;-464;1718;11849;11872;1;286;-2.14748e+09;-1.95598e+06;-1;0;0;0;-1;0;437383383;447170120;34917547
1697;5.42789e-15;-457;1722;11906;11876;1;283;-2.14748e+09;-1.95203e+06;0;0;0;0;0;0;437460536;447260744;34946753
1697;5.42514e-15;-465;1718;11849;11872;1;286;-2.14748e+09;-1.95203e+06;0;0;0;0;0;0;437460536;447260744;34946753
1698;5.42789e-15;-457;1722;11906;11876;1;283;-2.14748e+09;-1.94819e+06;-1;0;0;0;-1;0;437537534;447351202;34975919
1698;5.42514e-15;-465;1718;11849;11872;1;286;-2.14748e+09;-1.94818e+06;-1;0;0;0;-1;0;437537534;447351202;34975919
1699;5.42789e-15;-458;1722;11906;11876;1;283;-2.14748e+09;-1.94445e+06;0;0;0;0;0;0;437614375;447441493;35005043
1699;5.42514e-15;-466;1718;11849;11872;1;286;-2.14748e+09;-1.94445e+06;0;0;0;0;0;0;437614375;447441493;35005043
1700;5.42789e-15;-458;1722;11906;11876;1;283;-2.14748e+09;-1.94053e+06;-1;0;0;0;-1;0;437691061;447531619;35034126
1700;5.42514e-15;-467;1718;11849;11872;1;286;-2.14748e+09;-1.94053e+06;0;0;0;0;0;0;437691061;447531619;35034126
1701;5.42789e-15;-459;1722;11906;11876;1;283;-2.14748e+09;-1.93671e+06;0;0;0;0;0;0;437767593;447621579;35063167
1701;5.42514e-15;-468;1718;11849;11872;1;286;-2.14748e+09;-1.93671e+06;0;0;0;0;0;0;437767593;447621579;35063167
1702;5.42789e-15;-459;1722;11906;11876;1;283;-2.14748e+09;-1.9329e+06;-1;0;0;0;-1;0;437843969;447711374;35092167
1702;5.42514e-15;-468;1718;11849;11872;1;286;-2.14748e+09;-1.9329e+06;-1;0;0;0;-1;0;437843969;447711374;35092167
1703;5.42789e-15;-460;1722;11906;11876;1;283;-2.14748e+09;-1.92911e+06;0;0;0;0;0;0;437920192;447801004;35121127
1703;5.42514e-15;-469;1718;11849;11872;1;286;-2.14748e+09;-1.92911e+06;0;0;0;0;0;0;437920192;447801004;35121127
1704;5.42789e-15;-461;1722;11906;11876;1;283;-2.14748e+09;-1.92532e+06;0;0;0;0;0;0;437996261;447890470;35150045
1704;5.42514e-15;-469;1718;11849;11872;1;286;-2.14748e+09;-1.92532e+06;-1;0;0;0;-1;0;437996261;447890470;35150045
1705;5.42789e-15;-462;1722;11906;11876;1;283;-2.14748e+09;-1.92153e+06;0;0;0;0;0;0;438072176;447979772;35178921
1705;5.42514e-15;-470;1718;11849;11872;1;286;-2.14748e+09;-1.92153e+06;0;0;0;0;0;0;438072176;447979772;35178921
1706;5.42789e-15;-463;1722;11906;11876;1;283;-2.14748e+09;-1.91776e+06;0;0;0;0;0;0;438147938;448068910;35207757
1706;5.42514e-15;-470;1718;11849;11872;1;286;-2.14748e+09;-1.91776e+06;-1;0;0;0;-1;0;438147938;448068910;35207757
1707;5.42789e-15;-463;1722;11906;11876;1;283;-2.14748e+09;-1.91409e+06;-1;0;0;0;-1;0;438223547;448157884;35236552
1707;5.42514e-15;-470;1718;11849;11872;1;286;-2.14748e+09;-1.91409e+06;-1;0;0;0;-1;0;438223547;448157884;35236552
1708;5.42789e-15;-463;1722;11906;11876;1;283;-2.14748e+09;-1.91024e+06;-1;0;0;0;-1;0;438299003;448246696;35265306
1708;5.42514e-15;-471;1718;11849;11872;1;286;-2.14748e+09;-1.91024e+06;0;0;0;0;0;0;438299003;448246696;35265306
1709;5.42789e-15;-464;1722;11906;11876;1;283;-2.14748e+09;-1.90649e+06;0;0;0;0;0;0;438374308;448335344;35294018
1709;5.42514e-15;-471;1718;11849;11872;1;286;-2.14748e+09;-1.90649e+06;-1;0;0;0;-1;0;438374308;448335344;35294018
1710;5.42789e-15;-465;1722;11906;11876;1;283;-2.14748e+09;-1.90274e+06;0;0;0;0;0;0;438449460;448423830;35322690
1710;5.42514e-15;-472;1718;11849;11872;1;286;-2.14748e+09;-1.90274e+06;0;0;0;0;0;0;438449460;448423830;35322690
1711;5.42789e-15;-466;1722;11906;11876;1;283;-2.14748e+09;-1.89901e+06;0;0;0;0;0;0;438524461;448512153;35351321
1711;5.42514e-15;-473;1718;11849;11872;1;286;-2.14748e+09;-1.89901e+06;0;0;0;0;0;0;438524461;448512153;35351321
1712;5.42789e-15;-467;1722;11906;11876;1;283;-2.14748e+09;-1.89529e+06;0;0;0;0;0;0;438599311;448600315;35379911
1712;5.42514e-15;-473;1718;11849;11872;1;286;-2.14748e+09;-1.89529e+06;-1;0;0;0;-1;0;438599311;448600315;35379911
1713;5.42789e-15;-468;1722;11906;11876;1;283;-2.14748e+09;-1.89167e+06;0;0;0;0;0;0;438674010;448688315;35408460
1713;5.42514e-15;-473;1718;11849;11872;1;286;-2.14748e+09;-1.89167e+06;-1;0;0;0;-1;0;438674010;448688315;35408460
1714;5.42789e-15;-468;1722;11906;11876;1;283;-2.14748e+09;-1.88786e+06;-1;0;0;0;-1;0;438748559;448776154;35436968
1714;5.42514e-15;-474;1718;11849;11872;1;286;-2.14748e+09;-1.88786e+06;0;0;0;0;0;0;438748559;448776154;35436968
1715;5.42789e-15;-469;1722;11906;11876;1;283;-2.14748e+09;-1.88416e+06;0;0;0;0;0;0;438822957;448863832;35465436
1715;5.42514e-15;-474;1718;11849;11872;1;286;-2.14748e+09;-1.88416e+06;-1;0;0;0;-1;0;438822957;448863832;35465436
1716;5.42789e-15;-469;1722;11906;11876;1;283;-2.14748e+09;-1.88057e+06;-1;0;0;0;-1;0;438897206;448951349;35493863
1716;5.42514e-15;-474;1718;11849;11872;1;286;-2.14748e+09;-1.88057e+06;-1;0;0;0;-1;0;438897206;448951349;35493863
1717;5.42789e-15;-470;1722;11906;11876;1;283;-2.14748e+09;-1.87678e+06;0;0;0;0;0;0;438971305;449038706;35522249
1717;5.42514e-15;-475;1718;11849;11872;1;286;-2.14748e+09;-1.87679e+06;0;0;0;0;0;0;438971305;449038706;35522249
1718;5.42789e-15;-470;1722;11906;11876;1;283;-2.14748e+09;-1.87311e+06;-1;0;0;0;-1;0;439045255;449125903;35550594
1718;5.42514e-15;-475;1718;11849;11872;1;286;-2.14748e+09;-1.87311e+06;-1;0;0;0;-1;0;439045255;449125903;35550594
1719;5.42789e-15;-470;1722;11906;11876;1;283;-2.14748e+09;-1.86944e+06;-1;0;0;0;-1;0;439119056;449212940;35578899
1719;5.42514e-15;-476;1718;11849;11872;1;286;-2.14748e+09;-1.86944e+06;0;0;0;0;0;0;439119056;449212940;35578899
1720;5.42789e-15;-471;1722;11906;11876;1;283;-2.14748e+09;-1.86588e+06;0;0;0;0;0;0;439192709;449299818;35607163
1720;5.42514e-15;-477;1718;11849;11872;1;286;-2.14748e+09;-1.86588e+06;0;0;0;0;0;0;439192709;449299818;35607163
1721;5.42789e-15;-472;1722;11906;11876;1;283;-2.14748e+09;-1.86213e+06;0;0;0;0;0;0;439266213;449386536;35635386
1721;5.42514e-15;-477;1718;11849;11872;1;286;-2.14748e+09;-1.86213e+06;-1;0;0;0;-1;0;439266213;449386536;35635386
1722;5.42789e-15;-472;1722;11906;11876;1;283;-2.14748e+09;-1.85848e+06;-1;0;0;0;-1;0;439339570;449473096;35663569
1722;5.42514e-15;-477;1718;11849;11872;1;286;-2.14748e+09;-1.85848e+06;-1;0;0;0;-1;0;439339570;449473096;35663569
1723;5.42789e-15;-473;1722;11906;11876;1;283;-2.14748e+09;-1.85495e+06;0;0;0;0;0;0;439412779;449559498;35691711
1723;5.42514e-15;-478;1718;11849;11872;1;286;-2.14748e+09;-1.85495e+06;0;0;0;0;0;0;439412779;449559498;35691711
1724;5.42789e-15;-474;1722;11906;11876;1;283;-2.14748e+09;-1.85122e+06;0;0;0;0;0;0;439485841;449645741;35719813
1724;5.42514e-15;-479;1718;11849;11872;1;286;-2.14748e+09;-1.85122e+06;0;0;0;0;0;0;439485841;449645741;35719813
1725;5.42789e-15;-475;1722;11906;11876;1;283;-2.14748e+09;-1.8477e+06;0;0;0;0;0;0;439558756;449731826;35747875
1725;5.42514e-15;-479;1718;11849;11872;1;286;-2.14748e+09;-1.8477e+06;-1;0;0;0;-1;0;439558756;449731826;35747875
1726;5.42789e-15;-475;1722;11906;11876;1;283;-2.14748e+09;-1.84398e+06;-1;0;0;0;-1;0;439631524;449817754;35775896
1726;5.42514e-15;-480;1718;11849;11872;1;286;-2.14748e+09;-1.84399e+06;0;0;0;0;0;0;439631524;449817754;35775896
1727;5.42789e-15;-475;1722;11906;11876;1;283;-2.14748e+09;-1.84038e+06;-1;0;0;0;-1;0;439704146;449903525;35803876
1727;5.42514e-15;-480;1718;11849;11872;1;286;-2.14748e+09;-1.84038e+06;-1;0;0;0;-1;0;439704146;449903525;35803876
1728;5.42789e-15;-475;1722;11906;11876;1;283;-2.14748e+09;-1.83678e+06;-1;0;0;0;-1;0;439776623;449989138;35831817
1728;5.42514e-15;-481;1718;11849;11872;1;286;-2.14748e+09;-1.83678e+06;0;0;0;0;0;0;439776623;449989138;35831817
1729;5.42789e-15;-476;1722;11906;11876;1;283;-2.14748e+09;-1.83319e+06;0;0;0;0;0;0;439848954;450074595;35859717
1729;5.42514e-15;-482;1718;11849;11872;1;286;-2.14748e+09;-1.83319e+06;0;0;0;0;0;0;439848954;450074595;35859717
1730;5.42789e-15;-477;1722;11906;11876;1;283;-2.14748e+09;-1.82971e+06;0;0;0;0;0;0;439921139;450159896;35887576
1730;5.42514e-15;-483;1718;11849;11872;1;286;-2.14748e+09;-1.82971e+06;0;0;0;0;0;0;439921139;450159896;35887576
1731;5.42789e-15;-478;1722;11906;11876;1;283;-2.14748e+09;-1.82604e+06;0;0;0;0;0;0;439993180;450245041;35915396
1731;5.42514e-15;-484;1718;11849;11872;1;286;-2.14748e+09;-1.82604e+06;0;0;0;0;0;0;439993180;450245041;35915396
1732;5.42789e-15;-479;1722;11906;11876;1;283;-2.14748e+09;-1.82247e+06;0;0;0;0;0;0;440065076;450330030;35943175
1732;5.42514e-15;-485;1718;11849;11872;1;286;-2.14748e+09;-1.82247e+06;0;0;0;0;0;0;440065076;450330030;35943175
1733;5.42789e-15;-480;1722;11906;11876;1;283;-2.14748e+09;-1.81891e+06;0;0;0;0;0;0;440136828;450414863;35970914
1733;5.42514e-15;-485;1718;11849;11872;1;286;-2.14748e+09;-1.81891e+06;-1;0;0;0;-1;0;440136828;450414863;35970914
1734;5.42789e-15;-480;1722;11906;11876;1;283;-2.14748e+09;-1.81536e+06;-1;0;0;0;-1;0;440208435;450499542;35998613
1734;5.42514e-15;-485;1718;11849;11872;1;286;-2.14748e+09;-1.81536e+06;-1;0;0;0;-1;0;440208435;450499542;35998613
1735;5.42789e-15;-480;1722;11906;11876;1;283;-2.14748e+09;-1.81182e+06;-1;0;0;0;-1;0;440279899;450584065;36026272
1735;5.42514e-15;-485;1718;11849;11872;1;286;-2.14748e+09;-1.81182e+06;-1;0;0;0;-1;0;440279899;450584065;36026272
1736;5.42789e-15;-480;1722;11906;11876;1;283;-2.14748e+09;-1.80828e+06;-1;0;0;0;-1;0;440351220;450668434;36053891
1736;5.42514e-15;-485;1718;11849;11872;1;286;-2.14748e+09;-1.80828e+06;-1;0;0;0;-1;0;440351220;450668434;36053891
1737;5.42789e-15;-481;1722;11906;11876;1;283;-2.14748e+09;-1.80476e+06;0;0;0;0;0;0;440422398;450752649;36081469
1737;5.42514e-15;-486;1718;11849;11872;1;286;-2.14748e+09;-1.80476e+06;0;0;0;0;0;0;440422398;450752649;36081469
1738;5.42789e-15;-482;1722;11906;11876;1;283;-2.14748e+09;-1.80123e+06;0;0;0;0;0;0;440493433;450836710;36109008
1738;5.42514e-15;-486;1718;11849;11872;1;286;-2.14748e+09;-1.80123e+06;-1;0;0;0;-1;0;440493433;450836710;36109008
1739;5.42789e-15;-483;1722;11906;11876;1;283;-2.14748e+09;-1.79772e+06;0;0;0;0;0;0;440564326;450920617;36136507
1739;5.42514e-15;-487;1718;11849;11872;1;286;-2.14748e+09;-1.79772e+06;0;0;0;0;0;0;440564326;450920617;36136507
1740;5.42789e-15;-483;1722;11906;11876;1;283;-2.14748e+09;-1.79422e+06;-1;0;0;0;-1;0;440635076;451004371;36163966
1740;5.42514e-15;-488;1718;11849;11872;1;286;-2.14748e+09;-1.79422e+06;0;0;0;0;0;0;440635076;451004371;36163966
1741;5.42789e-15;-483;1722;11906;11876;1;283;-2.14748e+09;-1.79072e+06;-1;0;0;0;-1;0;440705685;451087972;36191385
1741;5.42514e-15;-489;1718;11849;11872;1;286;-2.14748e+09;-1.79072e+06;0;0;0;0;0;0;440705685;451087972;36191385
1742;5.42789e-15;-484;1722;11906;11876;1;283;-2.14748e+09;-1.78723e+06;0;0;0;0;0;0;440776152;451171421;36218764
1742;5.42514e-15;-490;1718;11849;11872;1;286;-2.14748e+09;-1.78723e+06;0;0;0;0;0;0;440776152;451171421;36218764
1743;5.42789e-15;-485;1722;11906;11876;1;283;-2.14748e+09;-1.78375e+06;0;0;0;0;0;0;440846479;451254716;36246103
1743;5.42514e-15;-490;1718;11849;11872;1;286;-2.14748e+09;-1.78375e+06;-1;0;0;0;-1;0;440846479;451254716;36246103
1744;5.42789e-15;-486;1722;11906;11876;1;283;-2.14748e+09;-1.78037e+06;0;0;0;0;0;0;440916664;451337860;36273402
1744;5.42514e-15;-491;1718;11849;11872;1;286;-2.14748e+09;-1.78037e+06;0;0;0;0;0;0;440916664;451337860;36273402
1745;5.42789e-15;-486;1722;11906;11876;1;283;-2.14748e+09;-1.7768e+06;-1;0;0;0;-1;0;440986709;451420852;36300662
1745;5.42514e-15;-491;1718;11849;11872;1;286;-2.14748e+09;-1.7768e+06;-1;0;0;0;-1;0;440986709;451420852;36300662
1746;5.42789e-15;-487;1722;11906;11876;1;283;-2.14748e+09;-1.77334e+06;0;0;0;0;0;0;441056613;451503692;36327882
1746;5.42514e-15;-492;1718;11849;11872;1;286;-2.14748e+09;-1.77334e+06;0;0;0;0;0;0;441056613;451503692;36327882
1747;5.42789e-15;-487;1722;11906;11876;1;283;-2.14748e+09;-1.76989e+06;-1;0;0;0;-1;0;441126378;451586381;36355063
1747;5.42514e-15;-492;1718;11849;11872;1;286;-2.14748e+09;-1.76989e+06;-1;0;0;0;-1;0;441126378;451586381;36355063
1748;5.42789e-15;-487;1722;11906;11876;1;283;-2.14748e+09;-1.76644e+06;-1;0;0;0;-1;0;441196003;451668919;36382203
1748;5.42514e-15;-492;1718;11849;11872;1;286;-2.14748e+09;-1.76644e+06;-1;0;0;0;-1;0;441196003;451668919;36382203
1749;5.42789e-15;-488;1722;11906;11876;1;283;-2.14748e+09;-1.76301e+06;0;0;0;0;0;0;441265489;451751306;36409304
1749;5.42514e-15;-492;1718;11849;11872;1;286;-2.14748e+09;-1.76301e+06;-1;0;0;0;-1;0;441265489;451751306;36409304
1750;5.42789e-15;-489;1722;11906;11876;1;283;-2.14748e+09;-1.75958e+06;0;0;0;0;0;0;441334836;451833543;36436366
1750;5.42514e-15;-492;1718;11849;11872;1;286;-2.14748e+09;-1.75958e+06;-1;0;0;0;-1;0;441334836;451833543;36436366
1751;5.42789e-15;-490;1722;11906;11876;1;283;-2.14748e+09;-1.75615e+06;0;0;0;0;0;0;441404044;451915629;36463388
1751;5.42514e-15;-493;1718;11849;11872;1;286;-2.14748e+09;-1.75615e+06;0;0;0;0;0;0;441404044;451915629;36463388
1752;5.42789e-15;-490;1722;11906;11876;1;283;-2.14748e+09;-1.75274e+06;-1;0;0;0;-1;0;441473114;451997566;36490371
1752;5.42514e-15;-494;1718;11849;11872;1;286;-2.14748e+09;-1.75274e+06;0;0;0;0;0;0;441473114;451997566;36490371
1753;5.42789e-15;-490;1722;11906;11876;1;283;-2.14748e+09;-1.74933e+06;-1;0;0;0;-1;0;441542045;452079354;36517314
1753;5.42514e-15;-495;1718;11849;11872;1;286;-2.14748e+09;-1.74933e+06;0;0;0;0;0;0;441542045;452079354;36517314
1754;5.42789e-15;-490;1722;11906;11876;1;283;-2.14748e+09;-1.74593e+06;-1;0;0;0;-1;0;441610839;452160992;36544217
1754;5.42514e-15;-496;1718;11849;11872;1;286;-2.14748e+09;-1.74593e+06;0;0;0;0;0;0;441610839;452160992;36544217
1755;5.42789e-15;-490;1722;11906;11876;1;283;-2.14748e+09;-1.74253e+06;-1;0;0;0;-1;0;441679496;452242481;36571082
1755;5.42514e-15;-497;1718;11849;11872;1;286;-2.14748e+09;-1.74253e+06;0;0;0;0;0;0;441679496;452242481;36571082
1756;5.42789e-15;-491;1722;11906;11876;1;283;-2.14748e+09;-1.73914e+06;0;0;0;0;0;0;441748015;452323821;36597907
1756;5.42514e-15;-497;1718;11849;11872;1;286;-2.14748e+09;-1.73914e+06;-1;0;0;0;-1;0;441748015;452323821;36597907
1757;5.42789e-15;-492;1722;11906;11876;1;283;-2.14748e+09;-1.73576e+06;0;0;0;0;0;0;441816397;452405014;36624692
1757;5.42514e-15;-497;1718;11849;11872;1;286;-2.14748e+09;-1.73576e+06;-1;0;0;0;-1;0;441816397;452405014;36624692
1758;5.42789e-15;-492;1722;11906;11876;1;283;-2.14748e+09;-1.73239e+06;-1;0;0;0;-1;0;441884643;452486058;36651439
1758;5.42514e-15;-498;1718;11849;11872;1;286;-2.14748e+09;-1.73239e+06;0;0;0;0;0;0;441884643;452486058;36651439
1759;5.42789e-15;-492;1722;11906;11876;1;283;-2.14748e+09;-1.72903e+06;-1;0;0;0;-1;0;441952752;452566954;36678146
1759;5.42514e-15;-499;1718;11849;11872;1;286;-2.14748e+09;-1.72903e+06;0;0;0;0;0;0;441952752;452566954;36678146
1760;5.42789e-15;-493;1722;11906;11876;1;283;-2.14748e+09;-1.72567e+06;0;0;0;0;0;0;442020726;452647702;36704814
1760;5.42514e-15;-500;1718;11849;11872;1;286;-2.14748e+09;-1.72567e+06;0;0;0;0;0;0;442020726;452647702;36704814
1761;5.42789e-15;-494;1722;11906;11876;1;283;-2.14748e+09;-1.72232e+06;0;0;0;0;0;0;442088564;452728304;36731442
1761;5.42514e-15;-500;1718;11849;11872;1;286;-2.14748e+09;-1.72232e+06;-1;0;0;0;-1;0;442088564;452728304;36731442
1762;5.42789e-15;-494;1722;11906;11876;1;283;-2.14748e+09;-1.71898e+06;-1;0;0;0;-1;0;442156266;452808758;36758032
1762;5.42514e-15;-500;1718;11849;11872;1;286;-2.14748e+09;-1.71898e+06;-1;0;0;0;-1;0;442156266;452808758;36758032
1763;5.42789e-15;-495;1722;11906;11876;1;283;-2.14748e+09;-1.71564e+06;0;0;0;0;0;0;442223833;452889066;36784583
1763;5.42514e-15;-501;1718;11849;11872;1;286;-2.14748e+09;-1.71564e+06;0;0;0;0;0;0;442223833;452889066;36784583
1764;5.42789e-15;-495;1722;11906;11876;1;283;-2.14748e+09;-1.71231e+06;-1;0;0;0;-1;0;442291266;452969227;36811094
1764;5.42514e-15;-501;1718;11849;11872;1;286;-2.14748e+09;-1.71231e+06;-1;0;0;0;-1;0;442291266;452969227;36811094
1765;5.42789e-15;-496;1722;11906;11876;1;283;-2.14748e+09;-1.70909e+06;0;0;0;0;0;0;442358564;453049243;36837567
1765;5.42514e-15;-502;1718;11849;11872;1;286;-2.14748e+09;-1.70909e+06;0;0;0;0;0;0;442358564;453049243;36837567
1766;5.42789e-15;-497;1722;11906;11876;1;283;-2.14748e+09;-1.70567e+06;0;0;0;0;0;0;442425728;453129112;36864000
1766;5.42514e-15;-503;1718;11849;11872;1;286;-2.14748e+09;-1.70567e+06;0;0;0;0;0;0;442425728;453129112;36864000
1767;5.42789e-15;-498;1722;11906;11876;1;283;-2.14748e+09;-1.70246e+06;0;0;0;0;0;0;442492758;453208836;36890395
1767;5.42514e-15;-503;1718;11849;11872;1;286;-2.14748e+09;-1.70246e+06;-1;0;0;0;-1;0;442492758;453208836;36890395
1768;5.42789e-15;-499;1722;11906;11876;1;283;-2.14748e+09;-1.69906e+06;0;0;0;0;0;0;442559654;453288414;36916750
1768;5.42514e-15;-504;1718;11849;11872;1;286;-2.14748e+09;-1.69906e+06;0;0;0;0;0;0;442559654;453288414;36916750
1769;5.42789e-15;-500;1722;11906;11876;1;283;-2.14748e+09;-1.69577e+06;0;0;0;0;0;0;442626417;453367848;36943067
1769;5.42514e-15;-504;1718;11849;11872;1;286;-2.14748e+09;-1.69577e+06;-1;0;0;0;-1;0;442626417;453367848;36943067
1770;5.42789e-15;-500;1722;11906;11876;1;283;-2.14748e+09;-1.69248e+06;-1;0;0;0;-1;0;442693046;453447137;36969345
1770;5.42514e-15;-505;1718;11849;11872;1;286;-2.14748e+09;-1.69248e+06;0;0;0;0;0;0;442693046;453447137;36969345
1771;5.42789e-15;-501;1722;11906;11876;1;283;-2.14748e+09;-1.6892e+06;0;0;0;0;0;0;442759543;453526281;36995584
1771;5.42514e-15;-506;1718;11849;11872;1;286;-2.14748e+09;-1.6892e+06;0;0;0;0;0;0;442759543;453526281;36995584
1772;5.42789e-15;-502;1722;11906;11876;1;283;-2.14748e+09;-1.68592e+06;0;0;0;0;0;0;442825908;453605281;37021785
1772;5.42514e-15;-506;1718;11849;11872;1;286;-2.14748e+09;-1.68592e+06;-1;0;0;0;-1;0;442825908;453605281;37021785
1773;5.42789e-15;-503;1722;11906;11876;1;283;-2.14748e+09;-1.68266e+06;0;0;0;0;0;0;442892140;453684138;37047947
1773;5.42514e-15;-506;1718;11849;11872;1;286;-2.14748e+09;-1.68266e+06;-1;0;0;0;-1;0;442892140;453684138;37047947
1774;5.42789e-15;-504;1722;11906;11876;1;283;-2.14748e+09;-1.6794e+06;0;0;0;0;0;0;442958241;453762850;37074070
1774;5.42514e-15;-506;1718;11849;11872;1;286;-2.14748e+09;-1.6794e+06;-1;0;0;0;-1;0;442958241;453762850;37074070
1775;5.42789e-15;-504;1722;11906;11876;1;283;-2.14748e+09;-1.67615e+06;-1;0;0;0;-1;0;443024210;453841420;37100154
1775;5.42514e-15;-506;1718;11849;11872;1;286;-2.14748e+09;-1.67615e+06;-1;0;0;0;-1;0;443024210;453841420;37100154
1776;5.42789e-15;-505;1722;11906;11876;1;283;-2.14748e+09;-1.6729e+06;0;0;0;0;0;0;443090047;453919846;37126200
1776;5.42514e-15;-506;1718;11849;11872;1;286;-2.14748e+09;-1.6729e+06;-1;0;0;0;-1;0;443090047;453919846;37126200
1777;5.42789e-15;-505;1722;11906;11876;1;283;-2.14748e+09;-1.66976e+06;-1;0;0;0;-1;0;443155754;453998129;37152207
1777;5.42514e-15;-507;1718;11849;11872;1;286;-2.14748e+09;-1.66976e+06;0;0;0;0;0;0;443155754;453998129;37152207
1778;5.42789e-15;-505;1722;11906;11876;1;283;-2.14748e+09;-1.66643e+06;-1;0;0;0;-1;0;443221330;454076270;37178176
1778;5.42514e-15;-507;1718;11849;11872;1;286;-2.14748e+09;-1.66643e+06;-1;0;0;0;-1;0;443221330;454076270;37178176
1779;5.42789e-15;-505;1722;11906;11876;1;283;-2.14748e+09;-1.6633e+06;-1;0;0;0;-1;0;443286775;454154269;37204106
1779;5.42514e-15;-507;1718;11849;11872;1;286;-2.14748e+09;-1.6633e+06;-1;0;0;0;-1;0;443286775;454154269;37204106
1780;5.42789e-15;-506;1722;11906;11876;1;283;-2.14748e+09;-1.66009e+06;0;0;0;0;0;0;443352090;454232125;37229998
1780;5.42514e-15;-507;1718;11849;11872;1;286;-2.14748e+09;-1.66009e+06;-1;0;0;0;-1;0;443352090;454232125;37229998
1781;5.42789e-15;-506;1722;11906;11876;1;283;-2.14748e+09;-1.65677e+06;-1;0;0;0;-1;0;443417275;454309840;37255851
1781;5.42514e-15;-507;1718;11849;11872;1;286;-2.14748e+09;-1.65677e+06;-1;0;0;0;-1;0;443417275;454309840;37255851
1782;5.42789e-15;-507;1722;11906;11876;1;283;-2.14748e+09;-1.65367e+06;0;0;0;0;0;0;443482331;454387414;37281666
1782;5.42514e-15;-508;1718;11849;11872;1;286;-2.14748e+09;-1.65367e+06;0;0;0;0;0;0;443482331;454387414;37281666
1783;5.42789e-15;-508;1722;11906;11876;1;283;-2.14748e+09;-1.65037e+06;0;0;0;0;0;0;443547257;454464846;37307443
1783;5.42514e-15;-508;1718;11849;11872;1;286;-2.14748e+09;-1.65037e+06;-1;0;0;0;-1;0;443547257;454464846;37307443
1784;5.42789e-15;-508;1722;11906;11876;1;283;-2.14748e+09;-1.64718e+06;-1;0;0;0;-1;0;443612054;454542137;37333182
1784;5.42514e-15;-509;1718;11849;11872;1;286;-2.14748e+09;-1.64718e+06;0;0;0;0;0;0;443612054;454542137;37333182
1785;5.42789e-15;-509;1722;11906;11876;1;283;-2.14748e+09;-1.644e+06;0;0;0;0;0;0;443676723;454619288;37358882
1785;5.42514e-15;-509;1718;11849;11872;1;286;-2.14748e+09;-1.644e+06;-1;0;0;0;-1;0;443676723;454619288;37358882
1786;5.42789e-15;-510;1722;11906;11876;1;283;-2.14748e+09;-1.64082e+06;0;0;0;0;0;0;443741263;454696298;37384544
1786;5.42514e-15;-510;1718;11849;11872;1;286;-2.14748e+09;-1.64082e+06;0;0;0;0;0;0;443741263;454696298;37384544
1787;5.42789e-15;-510;1722;11906;11876;1;283;-2.14748e+09;-1.63765e+06;-1;0;0;0;-1;0;443805674;454773168;37410167
1787;5.42514e-15;-510;1718;11849;11872;1;286;-2.14748e+09;-1.63765e+06;-1;0;0;0;-1;0;443805674;454773168;37410167
1788;5.42789e-15;-511;1722;11906;11876;1;283;-2.14748e+09;-1.63448e+06;0;0;0;0;0;0;443869958;454849899;37435753
1788;5.42514e-15;-511;1718;11849;11872;1;286;-2.14748e+09;-1.63448e+06;0;0;0;0;0;0;443869958;454849899;37435753
1789;5.42789e-15;-511;1722;11906;11876;1;283;-2.14748e+09;-1.63132e+06;-1;0;0;0;-1;0;443934114;454926490;37461301
1789;5.42514e-15;-511;1718;11849;11872;1;286;-2.14748e+09;-1.63132e+06;-1;0;0;0;-1;0;443934114;454926490;37461301
1790;5.42789e-15;-511;1722;11906;11876;1;283;-2.14748e+09;-1.62817e+06;-1;0;0;0;-1;0;443998142;455002941;37486810
1790;5.42514e-15;-511;1718;11849;11872;1;286;-2.14748e+09;-1.62817e+06;-1;0;0;0;-1;0;443998142;455002941;37486810
1791;5.42789e-15;-512;1722;11906;11876;1;283;-2.14748e+09;-1.62503e+06;0;0;0;0;0;0;444062044;455079253;37512282
1791;5.42514e-15;-512;1718;11849;11872;1;286;-2.14748e+09;-1.62503e+06;0;0;0;0;0;0;444062044;455079253;37512282
1792;5.42789e-15;-513;1722;11906;11876;1;283;-2.14748e+09;-1.62189e+06;0;0;0;0;0;0;444125819;455155427;37537715
1792;5.42514e-15;-512;1718;11849;11872;1;286;-2.14748e+09;-1.62189e+06;-1;0;0;0;-1;0;444125819;455155427;37537715
1793;5.42789e-15;-514;1722;11906;11876;1;283;-2.14748e+09;-1.61876e+06;0;0;0;0;0;0;444189467;455231462;37563111
1793;5.42514e-15;-513;1718;11849;11872;1;286;-2.14748e+09;-1.61876e+06;0;0;0;0;0;0;444189467;455231462;37563111
1794;5.42789e-15;-515;1722;11906;11876;1;283;-2.14748e+09;-1.61563e+06;0;0;0;0;0;0;444252988;455307359;37588468
1794;5.42514e-15;-514;1718;11849;11872;1;286;-2.14748e+09;-1.61563e+06;0;0;0;0;0;0;444252988;455307359;37588468
1795;5.42789e-15;-516;1722;11906;11876;1;283;-2.14748e+09;-1.61252e+06;0;0;0;0;0;0;444316384;455383118;37613788
1795;5.42514e-15;-515;1718;11849;11872;1;286;-2.14748e+09;-1.61252e+06;0;0;0;0;0;0;444316384;455383118;37613788
1796;5.42789e-15;-516;1722;11906;11876;1;283;-2.14748e+09;-1.6094e+06;-1;0;0;0;-1;0;444379654;455458739;37639070
1796;5.42514e-15;-515;1718;11849;11872;1;286;-2.14748e+09;-1.6094e+06;-1;0;0;0;-1;0;444379654;455458739;37639070
1797;5.42789e-15;-517;1722;11906;11876;1;283;-2.14748e+09;-1.6063e+06;0;0;0;0;0;0;444442799;455534223;37664314
1797;5.42514e-15;-516;1718;11849;11872;1;286;-2.14748e+09;-1.6063e+06;0;0;0;0;0;0;444442799;455534223;37664314
1798;5.42789e-15;-518;1722;11906;11876;1;283;-2.14748e+09;-1.6032e+06;0;0;0;0;0;0;444505818;455609569;37689520
1798;5.42514e-15;-517;1718;11849;11872;1;286;-2.14748e+09;-1.6032e+06;0;0;0;0;0;0;444505818;455609569;37689520
1799;5.42789e-15;-518;1722;11906;11876;1;283;-2.14748e+09;-1.60011e+06;-1;0;0;0;-1;0;444568712;455684779;37714689
1799;5.42514e-15;-517;1718;11849;11872;1;286;-2.14748e+09;-1.60011e+06;-1;0;0;0;-1;0;444568712;455684779;37714689
1800;5.42789e-15;-519;1722;11906;11876;1;283;-2.14748e+09;-1.59702e+06;0;0;0;0;0;0;444631482;455759852;37739820
1800;5.42514e-15;-517;1718;11849;11872;1;286;-2.14748e+09;-1.59702e+06;-1;0;0;0;-1;0;444631482;455759852;37739820
1801;5.42789e-15;-519;1722;11906;11876;1;283;-2.14748e+09;-1.59404e+06;-1;0;0;0;-1;0;444694127;455834788;37764913
1801;5.42514e-15;-518;1718;11849;11872;1;286;-2.14748e+09;-1.59404e+06;0;0;0;0;0;0;444694127;455834788;37764913
1802;5.42789e-15;-520;1722;11906;11876;1;283;-2.14748e+09;-1.59087e+06;0;0;0;0;0;0;444756648;455909588;37789969
1802;5.42514e-15;-518;1718;11849;11872;1;286;-2.14748e+09;-1.59087e+06;-1;0;0;0;-1;0;444756648;455909588;37789969
1803;5.42789e-15;-520;1722;11906;11876;1;283;-2.14748e+09;-1.5879e+06;-1;0;0;0;-1;0;444819045;455984253;37814987
1803;5.42514e-15;-518;1718;11849;11872;1;286;-2.14748e+09;-1.5879e+06;-1;0;0;0;-1;0;444819045;455984253;37814987
1804;5.42789e-15;-520;1722;11906;11876;1;283;-2.14748e+09;-1.58474e+06;-1;0;0;0;-1;0;444881319;456058781;37839968
1804;5.42514e-15;-519;1718;11849;11872;1;286;-2.14748e+09;-1.58474e+06;0;0;0;0;0;0;444881319;456058781;37839968
1805;5.42789e-15;-520;1722;11906;11876;1;283;-2.14748e+09;-1.58179e+06;-1;0;0;0;-1;0;444943469;456133175;37864911
1805;5.42514e-15;-520;1718;11849;11872;1;286;-2.14748e+09;-1.58179e+06;0;0;0;0;0;0;444943469;456133175;37864911
1806;5.42789e-15;-520;1722;11906;11876;1;283;-2.14748e+09;-1.57864e+06;-1;0;0;0;-1;0;445005496;456207433;37889817
1806;5.42514e-15;-520;1718;11849;11872;1;286;-2.14748e+09;-1.57864e+06;-1;0;0;0;-1;0;445005496;456207433;37889817
1807;5.42789e-15;-521;1722;11906;11876;1;283;-2.14748e+09;-1.5757e+06;0;0;0;0;0;0;445067400;456281556;37914685
1807;5.42514e-15;-520;1718;11849;11872;1;286;-2.14748e+09;-1.5757e+06;-1;0;0;0;-1;0;445067400;456281556;37914685
1808;5.42789e-15;-521;1722;11906;11876;1;283;-2.14748e+09;-1.57257e+06;-1;0;0;0;-1;0;445129182;456355544;37939516
1808;5.42514e-15;-520;1718;11849;11872;1;286;-2.14748e+09;-1.57257e+06;-1;0;0;0;-1;0;445129182;456355544;37939516
1809;5.42789e-15;-521;1722;11906;11876;1;283;-2.14748e+09;-1.56954e+06;-1;0;0;0;-1;0;445190842;456429399;37964310
1809;5.42514e-15;-520;1718;11849;11872;1;286;-2.14748e+09;-1.56954e+06;-1;0;0;0;-1;0;445190842;456429399;37964310
1810;5.42789e-15;-521;1722;11906;11876;1;283;-2.14748e+09;-1.56662e+06;-1;0;0;0;-1;0;445252379;456503119;37989067
1810;5.42514e-15;-520;1718;11849;11872;1;286;-2.14748e+09;-1.56662e+06;-1;0;0;0;-1;0;445252379;456503119;37989067
1811;5.42789e-15;-521;1722;11906;11876;1;283;-2.14748e+09;-1.5635e+06;-1;0;0;0;-1;0;445313795;456576705;38013786
1811;5.42514e-15;-520;1718;11849;11872;1;286;-2.14748e+09;-1.5635e+06;-1;0;0;0;-1;0;445313795;456576705;38013786
1812;5.42789e-15;-521;1722;11906;11876;1;283;-2.14748e+09;-1.56049e+06;-1;0;0;0;-1;0;445375089;456650158;38038468
1812;5.42514e-15;-521;1718;11849;11872;1;286;-2.14748e+09;-1.56049e+06;0;0;0;0;0;0;445375089;456650158;38038468
1813;5.42789e-15;-521;1722;11906;11876;1;283;-2.14748e+09;-1.55759e+06;-1;0;0;0;-1;0;445436262;456723477;38063113
1813;5.42514e-15;-521;1718;11849;11872;1;286;-2.14748e+09;-1.55759e+06;-1;0;0;0;-1;0;445436262;456723477;38063113
1814;5.42789e-15;-521;1722;11906;11876;1;283;-2.14748e+09;-1.55459e+06;-1;0;0;0;-1;0;445497314;456796663;38087720
1814;5.42514e-15;-521;1718;11849;11872;1;286;-2.14748e+09;-1.55459e+06;-1;0;0;0;-1;0;445497314;456796663;38087720
1815;5.42789e-15;-522;1722;11906;11876;1;283;-2.14748e+09;-1.5515e+06;0;0;0;0;0;0;445558245;456869716;38112291
1815;5.42514e-15;-521;1718;11849;11872;1;286;-2.14748e+09;-1.5515e+06;-1;0;0;0;-1;0;445558245;456869716;38112291
1816;5.42789e-15;-523;1722;11906;11876;1;283;-2.14748e+09;-1.54852e+06;0;0;0;0;0;0;445619056;456942637;38136825
1816;5.42514e-15;-522;1718;11849;11872;1;286;-2.14748e+09;-1.54852e+06;0;0;0;0;0;0;445619056;456942637;38136825
1817;5.42789e-15;-524;1722;11906;11876;1;283;-2.14748e+09;-1.54554e+06;0;0;0;0;0;0;445679747;457015425;38161321
1817;5.42514e-15;-523;1718;11849;11872;1;286;-2.14748e+09;-1.54554e+06;0;0;0;0;0;0;445679747;457015425;38161321
1818;5.42789e-15;-525;1722;11906;11876;1;283;-2.14748e+09;-1.54257e+06;0;0;0;0;0;0;445740318;457088081;38185781
1818;5.42514e-15;-523;1718;11849;11872;1;286;-2.14748e+09;-1.54257e+06;-1;0;0;0;-1;0;445740318;457088081;38185781
1819;5.42789e-15;-526;1722;11906;11876;1;283;-2.14748e+09;-1.5396e+06;0;0;0;0;0;0;445800768;457160605;38210203
1819;5.42514e-15;-523;1718;11849;11872;1;286;-2.14748e+09;-1.5396e+06;-1;0;0;0;-1;0;445800768;457160605;38210203
1820;5.42789e-15;-526;1722;11906;11876;1;283;-2.14748e+09;-1.53664e+06;-1;0;0;0;-1;0;445861100;457232998;38234589
1820;5.42514e-15;-523;1718;11849;11872;1;286;-2.14748e+09;-1.53664e+06;-1;0;0;0;-1;0;445861100;457232998;38234589
1821;5.42789e-15;-527;1722;11906;11876;1;283;-2.14748e+09;-1.53379e+06;0;0;0;0;0;0;445921312;457305259;38258938
1821;5.42514e-15;-523;1718;11849;11872;1;286;-2.14748e+09;-1.53379e+06;-1;0;0;0;-1;0;445921312;457305259;38258938
1822;5.42789e-15;-528;1722;11906;11876;1;283;-2.14748e+09;-1.53084e+06;0;0;0;0;0;0;445981406;457377390;38283250
1822;5.42514e-15;-524;1718;11849;11872;1;286;-2.14748e+09;-1.53084e+06;0;0;0;0;0;0;445981406;457377390;38283250
1823;5.42789e-15;-528;1722;11906;11876;1;283;-2.14748e+09;-1.5279e+06;-1;0;0;0;-1;0;446041381;457449389;38307526
1823;5.42514e-15;-524;1718;11849;11872;1;286;-2.14748e+09;-1.5279e+06;-1;0;0;0;-1;0;446041381;457449389;38307526
1824;5.42789e-15;-528;1722;11906;11876;1;283;-2.14748e+09;-1.52497e+06;-1;0;0;0;-1;0;446101237;457521258;38331764
1824;5.42514e-15;-524;1718;11849;11872;1;286;-2.14748e+09;-1.52497e+06;-1;0;0;0;-1;0;446101237;457521258;38331764
1825;5.42789e-15;-528;1722;11906;11876;1;283;-2.14748e+09;-1.52194e+06;-1;0;0;0;-1;0;446160975;457592996;38355966
1825;5.42514e-15;-525;1718;11849;11872;1;286;-2.14748e+09;-1.52194e+06;0;0;0;0;0;0;446160975;457592996;38355966
1826;5.42789e-15;-529;1722;11906;11876;1;283;-2.14748e+09;-1.51902e+06;0;0;0;0;0;0;446220595;457664604;38380132
1826;5.42514e-15;-525;1718;11849;11872;1;286;-2.14748e+09;-1.51902e+06;-1;0;0;0;-1;0;446220595;457664604;38380132
1827;5.42789e-15;-529;1722;11906;11876;1;283;-2.14748e+09;-1.5161e+06;-1;0;0;0;-1;0;446280098;457736082;38404261
1827;5.42514e-15;-526;1718;11849;11872;1;286;-2.14748e+09;-1.5161e+06;0;0;0;0;0;0;446280098;457736082;38404261
1828;5.42789e-15;-529;1722;11906;11876;1;283;-2.14748e+09;-1.51319e+06;-1;0;0;0;-1;0;446339483;457807431;38428353
1828;5.42514e-15;-526;1718;11849;11872;1;286;-2.14748e+09;-1.51319e+06;-1;0;0;0;-1;0;446339483;457807431;38428353
1829;5.42789e-15;-529;1722;11906;11876;1;283;-2.14748e+09;-1.51038e+06;-1;0;0;0;-1;0;446398751;457878650;38452408
1829;5.42514e-15;-526;1718;11849;11872;1;286;-2.14748e+09;-1.51038e+06;-1;0;0;0;-1;0;446398751;457878650;38452408
1830;5.42789e-15;-530;1722;11906;11876;1;283;-2.14748e+09;-1.50738e+06;0;0;0;0;0;0;446457902;457949740;38476428
1830;5.42514e-15;-527;1718;11849;11872;1;286;-2.14748e+09;-1.50738e+06;0;0;0;0;0;0;446457902;457949740;38476428
1831;5.42789e-15;-530;1722;11906;11876;1;283;-2.14748e+09;-1.50449e+06;-1;0;0;0;-1;0;446516937;458020702;38500410
1831;5.42514e-15;-527;1718;11849;11872;1;286;-2.14748e+09;-1.50449e+06;-1;0;0;0;-1;0;446516937;458020702;38500410
1832;5.42789e-15;-531;1722;11906;11876;1;283;-2.14748e+09;-1.5016e+06;0;0;0;0;0;0;446575855;458091534;38524357
1832;5.42514e-15;-528;1718;11849;11872;1;286;-2.14748e+09;-1.5016e+06;0;0;0;0;0;0;446575855;458091534;38524357
1833;5.42789e-15;-531;1722;11906;11876;1;283;-2.14748e+09;-1.49872e+06;-1;0;0;0;-1;0;446634657;458162238;38548267
1833;5.42514e-15;-528;1718;11849;11872;1;286;-2.14748e+09;-1.49872e+06;-1;0;0;0;-1;0;446634657;458162238;38548267
1834;5.42789e-15;-532;1722;11906;11876;1;283;-2.14748e+09;-1.49595e+06;0;0;0;0;0;0;446693343;458232814;38572140
1834;5.42514e-15;-529;1718;11849;11872;1;286;-2.14748e+09;-1.49595e+06;0;0;0;0;0;0;446693343;458232814;38572140
1835;5.42789e-15;-533;1722;11906;11876;1;283;-2.14748e+09;-1.49308e+06;0;0;0;0;0;0;446751913;458303262;38595978
1835;5.42514e-15;-530;1718;11849;11872;1;286;-2.14748e+09;-1.49308e+06;0;0;0;0;0;0;446751913;458303262;38595978
1836;5.42789e-15;-534;1722;11906;11876;1;283;-2.14748e+09;-1.49022e+06;0;0;0;0;0;0;446810368;458373582;38619779
1836;5.42514e-15;-531;1718;11849;11872;1;286;-2.14748e+09;-1.49022e+06;0;0;0;0;0;0;446810368;458373582;38619779
1837;5.42789e-15;-534;1722;11906;11876;1;283;-2.14748e+09;-1.48726e+06;-1;0;0;0;-1;0;446868708;458443775;38643544
1837;5.42514e-15;-531;1718;11849;11872;1;286;-2.14748e+09;-1.48726e+06;-1;0;0;0;-1;0;446868708;458443775;38643544
1838;5.42789e-15;-534;1722;11906;11876;1;283;-2.14748e+09;-1.48441e+06;-1;0;0;0;-1;0;446926932;458513840;38667272
1838;5.42514e-15;-531;1718;11849;11872;1;286;-2.14748e+09;-1.48441e+06;-1;0;0;0;-1;0;446926932;458513840;38667272
1839;5.42789e-15;-534;1722;11906;11876;1;283;-2.14748e+09;-1.48156e+06;-1;0;0;0;-1;0;446985042;458583779;38690965
1839;5.42514e-15;-532;1718;11849;11872;1;286;-2.14748e+09;-1.48156e+06;0;0;0;0;0;0;446985042;458583779;38690965
1840;5.42789e-15;-535;1722;11906;11876;1;283;-2.14748e+09;-1.47872e+06;0;0;0;0;0;0;447043038;458653591;38714622
1840;5.42514e-15;-532;1718;11849;11872;1;286;-2.14748e+09;-1.47872e+06;-1;0;0;0;-1;0;447043038;458653591;38714622
1841;5.42789e-15;-536;1722;11906;11876;1;283;-2.14748e+09;-1.47589e+06;0;0;0;0;0;0;447100919;458723276;38738242
1841;5.42514e-15;-533;1718;11849;11872;1;286;-2.14748e+09;-1.47589e+06;0;0;0;0;0;0;447100919;458723276;38738242
1842;5.42789e-15;-536;1722;11906;11876;1;283;-2.14748e+09;-1.47306e+06;-1;0;0;0;-1;0;447158687;458792835;38761827
1842;5.42514e-15;-533;1718;11849;11872;1;286;-2.14748e+09;-1.47306e+06;-1;0;0;0;-1;0;447158687;458792835;38761827
1843;5.42789e-15;-536;1722;11906;11876;1;283;-2.14748e+09;-1.47024e+06;-1;0;0;0;-1;0;447216341;458862268;38785375
1843;5.42514e-15;-534;1718;11849;11872;1;286;-2.14748e+09;-1.47024e+06;0;0;0;0;0;0;447216341;458862268;38785375
1844;5.42789e-15;-536;1722;11906;11876;1;283;-2.14748e+09;-1.46752e+06;-1;0;0;0;-1;0;447273881;458931575;38808888
1844;5.42514e-15;-535;1718;11849;11872;1;286;-2.14748e+09;-1.46752e+06;0;0;0;0;0;0;447273881;458931575;38808888
1845;5.42789e-15;-537;1722;11906;11876;1;283;-2.14748e+09;-1.46462e+06;0;0;0;0;0;0;447331308;459000756;38832365
1845;5.42514e-15;-535;1718;11849;11872;1;286;-2.14748e+09;-1.46462e+06;-1;0;0;0;-1;0;447331308;459000756;38832365
1846;5.42789e-15;-538;1722;11906;11876;1;283;-2.14748e+09;-1.46181e+06;0;0;0;0;0;0;447388622;459069813;38855806
1846;5.42514e-15;-536;1718;11849;11872;1;286;-2.14748e+09;-1.46181e+06;0;0;0;0;0;0;447388622;459069813;38855806
1847;5.42789e-15;-538;1722;11906;11876;1;283;-2.14748e+09;-1.45901e+06;-1;0;0;0;-1;0;447445823;459138744;38879211
1847;5.42514e-15;-537;1718;11849;11872;1;286;-2.14748e+09;-1.45901e+06;0;0;0;0;0;0;447445823;459138744;38879211
1848;5.42789e-15;-538;1722;11906;11876;1;283;-2.14748e+09;-1.45622e+06;-1;0;0;0;-1;0;447502912;459207550;38902580
1848;5.42514e-15;-538;1718;11849;11872;1;286;-2.14748e+09;-1.45622e+06;0;0;0;0;0;0;447502912;459207550;38902580
1849;5.42789e-15;-539;1722;11906;11876;1;283;-2.14748e+09;-1.45353e+06;0;0;0;0;0;0;447559889;459276232;38925914
1849;5.42514e-15;-539;1718;11849;11872;1;286;-2.14748e+09;-1.45353e+06;0;0;0;0;0;0;447559889;459276232;38925914
1850;5.42789e-15;-539;1722;11906;11876;1;283;-2.14748e+09;-1.45075e+06;-1;0;0;0;-1;0;447616753;459344789;38949212
1850;5.42514e-15;-540;1718;11849;11872;1;286;-2.14748e+09;-1.45075e+06;0;0;0;0;0;0;447616753;459344789;38949212
1851;5.42789e-15;-539;1722;11906;11876;1;283;-2.14748e+09;-1.44787e+06;-1;0;0;0;-1;0;447673506;459413222;38972474
1851;5.42514e-15;-541;1718;11849;11872;1;286;-2.14748e+09;-1.44787e+06;0;0;0;0;0;0;447673506;459413222;38972474
1852;5.42789e-15;-540;1722;11906;11876;1;283;-2.14748e+09;-1.4451e+06;0;0;0;0;0;0;447730147;459481531;38995701
1852;5.42514e-15;-542;1718;11849;11872;1;286;-2.14748e+09;-1.4451e+06;0;0;0;0;0;0;447730147;459481531;38995701
1853;5.42789e-15;-540;1722;11906;11876;1;283;-2.14748e+09;-1.44234e+06;-1;0;0;0;-1;0;447786677;459549716;39018892
1853;5.42514e-15;-543;1718;11849;11872;1;286;-2.14748e+09;-1.44234e+06;0;0;0;0;0;0;447786677;459549716;39018892
1854;5.42789e-15;-540;1722;11906;11876;1;283;-2.14748e+09;-1.43958e+06;-1;0;0;0;-1;0;447843096;459617778;39042048
1854;5.42514e-15;-543;1718;11849;11872;1;286;-2.14748e+09;-1.43958e+06;-1;0;0;0;-1;0;447843096;459617778;39042048
1855;5.42789e-15;-541;1722;11906;11876;1;283;-2.14748e+09;-1.43683e+06;0;0;0;0;0;0;447899404;459685717;39065168
1855;5.42514e-15;-543;1718;11849;11872;1;286;-2.14748e+09;-1.43683e+06;-1;0;0;0;-1;0;447899404;459685717;39065168
1856;5.42789e-15;-542;1722;11906;11876;1;283;-2.14748e+09;-1.43408e+06;0;0;0;0;0;0;447955601;459753533;39088253
1856;5.42514e-15;-543;1718;11849;11872;1;286;-2.14748e+09;-1.43408e+06;-1;0;0;0;-1;0;447955601;459753533;39088253
1857;5.42789e-15;-543;1722;11906;11876;1;283;-2.14748e+09;-1.43134e+06;0;0;0;0;0;0;448011688;459821226;39111302
1857;5.42514e-15;-544;1718;11849;11872;1;286;-2.14748e+09;-1.43134e+06;0;0;0;0;0;0;448011688;459821226;39111302
1858;5.42789e-15;-544;1722;11906;11876;1;283;-2.14748e+09;-1.4286e+06;0;0;0;0;0;0;448067664;459888796;39134316
1858;5.42514e-15;-544;1718;11849;11872;1;286;-2.14748e+09;-1.4286e+06;-1;0;0;0;-1;0;448067664;459888796;39134316
1859;5.42789e-15;-545;1722;11906;11876;1;283;-2.14748e+09;-1.42597e+06;0;0;0;0;0;0;448123531;459956244;39157295
1859;5.42514e-15;-545;1718;11849;11872;1;286;-2.14748e+09;-1.42597e+06;0;0;0;0;0;0;448123531;459956244;39157295
1860;5.42789e-15;-546;1722;11906;11876;1;283;-2.14748e+09;-1.42315e+06;0;0;0;0;0;0;448179288;460023570;39180238
1860;5.42514e-15;-545;1718;11849;11872;1;286;-2.14748e+09;-1.42315e+06;-1;0;0;0;-1;0;448179288;460023570;39180238
1861;5.42789e-15;-546;1722;11906;11876;1;283;-2.14748e+09;-1.42043e+06;-1;0;0;0;-1;0;448234936;460090774;39203146
1861;5.42514e-15;-545;1718;11849;11872;1;286;-2.14748e+09;-1.42043e+06;-1;0;0;0;-1;0;448234936;460090774;39203146
1862;5.42789e-15;-546;1722;11906;11876;1;283;-2.14748e+09;-1.41771e+06;-1;0;0;0;-1;0;448290474;460157857;39226019
1862;5.42514e-15;-546;1718;11849;11872;1;286;-2.14748e+09;-1.41771e+06;0;0;0;0;0;0;448290474;460157857;39226019
1863;5.42789e-15;-546;1722;11906;11876;1;283;-2.14748e+09;-1.41501e+06;-1;0;0;0;-1;0;448345904;460224818;39248857
1863;5.42514e-15;-547;1718;11849;11872;1;286;-2.14748e+09;-1.41501e+06;0;0;0;0;0;0;448345904;460224818;39248857
1864;5.42789e-15;-546;1722;11906;11876;1;283;-2.14748e+09;-1.4123e+06;-1;0;0;0;-1;0;448401224;460291657;39271660
1864;5.42514e-15;-548;1718;11849;11872;1;286;-2.14748e+09;-1.4123e+06;0;0;0;0;0;0;448401224;460291657;39271660
1865;5.42789e-15;-546;1722;11906;11876;1;283;-2.14748e+09;-1.40961e+06;-1;0;0;0;-1;0;448456437;460358376;39294428
1865;5.42514e-15;-549;1718;11849;11872;1;286;-2.14748e+09;-1.40961e+06;0;0;0;0;0;0;448456437;460358376;39294428
1866;5.42789e-15;-547;1722;11906;11876;1;283;-2.14748e+09;-1.40691e+06;0;0;0;0;0;0;448511540;460424974;39317160
1866;5.42514e-15;-550;1718;11849;11872;1;286;-2.14748e+09;-1.40691e+06;0;0;0;0;0;0;448511540;460424974;39317160
1867;5.42789e-15;-548;1722;11906;11876;1;283;-2.14748e+09;-1.40423e+06;0;0;0;0;0;0;448566536;460491452;39339858
1867;5.42514e-15;-551;1718;11849;11872;1;286;-2.14748e+09;-1.40423e+06;0;0;0;0;0;0;448566536;460491452;39339858
1868;5.42789e-15;-549;1722;11906;11876;1;283;-2.14748e+09;-1.40165e+06;0;0;0;0;0;0;448621424;460557810;39362521
1868;5.42514e-15;-552;1718;11849;11872;1;286;-2.14748e+09;-1.40165e+06;0;0;0;0;0;0;448621424;460557810;39362521
1869;5.42789e-15;-550;1722;11906;11876;1;283;-2.14748e+09;-1.39887e+06;0;0;0;0;0;0;448676204;460624047;39385149
1869;5.42514e-15;-553;1718;11849;11872;1;286;-2.14748e+09;-1.39887e+06;0;0;0;0;0;0;448676204;460624047;39385149
1870;5.42789e-15;-550;1722;11906;11876;1;283;-2.14748e+09;-1.3962e+06;-1;0;0;0;-1;0;448730877;460690164;39407742
1870;5.42514e-15;-554;1718;11849;11872;1;286;-2.14748e+09;-1.3962e+06;0;0;0;0;0;0;448730877;460690164;39407742
1871;5.42789e-15;-551;1722;11906;11876;1;283;-2.14748e+09;-1.39354e+06;0;0;0;0;0;0;448785443;460756162;39430300
1871;5.42514e-15;-555;1718;11849;11872;1;286;-2.14748e+09;-1.39354e+06;0;0;0;0;0;0;448785443;460756162;39430300
1872;5.42789e-15;-552;1722;11906;11876;1;283;-2.14748e+09;-1.39098e+06;0;0;0;0;0;0;448839902;460822041;39452823
1872;5.42514e-15;-555;1718;11849;11872;1;286;-2.14748e+09;-1.39088e+06;-1;0;0;0;-1;0;448839902;460822041;39452823
1873;5.42789e-15;-552;1722;11906;11876;1;283;-2.14748e+09;-1.38823e+06;-1;0;0;0;-1;0;448894254;460887800;39475312
1873;5.42514e-15;-556;1718;11849;11872;1;286;-2.14748e+09;-1.38823e+06;0;0;0;0;0;0;448894254;460887800;39475312
1874;5.42789e-15;-553;1722;11906;11876;1;283;-2.14748e+09;-1.38558e+06;0;0;0;0;0;0;448948499;460953440;39497766
1874;5.42514e-15;-557;1718;11849;11872;1;286;-2.14748e+09;-1.38558e+06;0;0;0;0;0;0;448948499;460953440;39497766
1875;5.42789e-15;-554;1722;11906;11876;1;283;-2.14748e+09;-1.38294e+06;0;0;0;0;0;0;449002638;461018962;39520185
1875;5.42514e-15;-557;1718;11849;11872;1;286;-2.14748e+09;-1.38294e+06;-1;0;0;0;-1;0;449002638;461018962;39520185
1876;5.42789e-15;-554;1722;11906;11876;1;283;-2.14748e+09;-1.3803e+06;-1;0;0;0;-1;0;449056672;461084365;39542570
1876;5.42514e-15;-557;1718;11849;11872;1;286;-2.14748e+09;-1.3803e+06;-1;0;0;0;-1;0;449056672;461084365;39542570
1877;5.42789e-15;-554;1722;11906;11876;1;283;-2.14748e+09;-1.37767e+06;-1;0;0;0;-1;0;449110599;461149650;39564920
1877;5.42514e-15;-558;1718;11849;11872;1;286;-2.14748e+09;-1.37767e+06;0;0;0;0;0;0;449110599;461149650;39564920
1878;5.42789e-15;-554;1722;11906;11876;1;283;-2.14748e+09;-1.37514e+06;-1;0;0;0;-1;0;449164421;461214817;39587235
1878;5.42514e-15;-559;1718;11849;11872;1;286;-2.14748e+09;-1.37514e+06;0;0;0;0;0;0;449164421;461214817;39587235
1879;5.42789e-15;-554;1722;11906;11876;1;283;-2.14748e+09;-1.37242e+06;-1;0;0;0;-1;0;449218137;461279866;39609516
1879;5.42514e-15;-560;1718;11849;11872;1;286;-2.14748e+09;-1.37242e+06;0;0;0;0;0;0;449218137;461279866;39609516
1880;5.42789e-15;-555;1722;11906;11876;1;283;-2.14748e+09;-1.3698e+06;0;0;0;0;0;0;449271749;461344797;39631763
1880;5.42514e-15;-561;1718;11849;11872;1;286;-2.14748e+09;-1.3698e+06;0;0;0;0;0;0;449271749;461344797;39631763
1881;5.42789e-15;-555;1722;11906;11876;1;283;-2.14748e+09;-1.36729e+06;-1;0;0;0;-1;0;449325255;461409611;39653975
1881;5.42514e-15;-562;1718;11849;11872;1;286;-2.14748e+09;-1.36729e+06;0;0;0;0;0;0;449325255;461409611;39653975
1882;5.42789e-15;-556;1722;11906;11876;1;283;-2.14748e+09;-1.36469e+06;0;0;0;0;0;0;449378657;461474307;39676153
1882;5.42514e-15;-563;1718;11849;11872;1;286;-2.14748e+09;-1.36469e+06;0;0;0;0;0;0;449378657;461474307;39676153
1883;5.42789e-15;-557;1722;11906;11876;1;283;-2.14748e+09;-1.36209e+06;0;0;0;0;0;0;449431954;461538887;39698296
1883;5.42514e-15;-564;1718;11849;11872;1;286;-2.14748e+09;-1.36209e+06;0;0;0;0;0;0;449431954;461538887;39698296
1884;5.42789e-15;-557;1722;11906;11876;1;283;-2.14748e+09;-1.35939e+06;-1;0;0;0;-1;0;449485147;461603350;39720406
1884;5.42514e-15;-564;1718;11849;11872;1;286;-2.14748e+09;-1.35939e+06;-1;0;0;0;-1;0;449485147;461603350;39720406
1885;5.42789e-15;-558;1722;11906;11876;1;283;-2.14748e+09;-1.3569e+06;0;0;0;0;0;0;449538236;461667697;39742481
1885;5.42514e-15;-565;1718;11849;11872;1;286;-2.14748e+09;-1.3569e+06;0;0;0;0;0;0;449538236;461667697;39742481
1886;5.42789e-15;-559;1722;11906;11876;1;283;-2.14748e+09;-1.35432e+06;0;0;0;0;0;0;449591221;461731927;39764521
1886;5.42514e-15;-565;1718;11849;11872;1;286;-2.14748e+09;-1.35432e+06;-1;0;0;0;-1;0;449591221;461731927;39764521
1887;5.42789e-15;-560;1722;11906;11876;1;283;-2.14748e+09;-1.35174e+06;0;0;0;0;0;0;449644102;461796041;39786528
1887;5.42514e-15;-565;1718;11849;11872;1;286;-2.14748e+09;-1.35174e+06;-1;0;0;0;-1;0;449644102;461796041;39786528
1888;5.42789e-15;-560;1722;11906;11876;1;283;-2.14748e+09;-1.34907e+06;-1;0;0;0;-1;0;449696880;461860039;39808500
1888;5.42514e-15;-565;1718;11849;11872;1;286;-2.14748e+09;-1.34907e+06;-1;0;0;0;-1;0;449696880;461860039;39808500
1889;5.42789e-15;-560;1722;11906;11876;1;283;-2.14748e+09;-1.3466e+06;-1;0;0;0;-1;0;449749555;461923921;39830439
1889;5.42514e-15;-566;1718;11849;11872;1;286;-2.14748e+09;-1.3466e+06;0;0;0;0;0;0;449749555;461923921;39830439
1890;5.42789e-15;-561;1722;11906;11876;1;283;-2.14748e+09;-1.34393e+06;0;0;0;0;0;0;449802126;461987688;39852343
1890;5.42514e-15;-567;1718;11849;11872;1;286;-2.14748e+09;-1.34393e+06;0;0;0;0;0;0;449802126;461987688;39852343
1891;5.42789e-15;-562;1722;11906;11876;1;283;-2.14748e+09;-1.34138e+06;0;0;0;0;0;0;449854596;462051340;39874213
1891;5.42514e-15;-567;1718;11849;11872;1;286;-2.14748e+09;-1.34138e+06;-1;0;0;0;-1;0;449854596;462051340;39874213
1892;5.42789e-15;-562;1722;11906;11876;1;283;-2.14748e+09;-1.33882e+06;-1;0;0;0;-1;0;449906962;462114877;39896050
1892;5.42514e-15;-568;1718;11849;11872;1;286;-2.14748e+09;-1.33882e+06;0;0;0;0;0;0;449906962;462114877;39896050
1893;5.42789e-15;-563;1722;11906;11876;1;283;-2.14748e+09;-1.33628e+06;0;0;0;0;0;0;449959226;462178299;39917852
1893;5.42514e-15;-569;1718;11849;11872;1;286;-2.14748e+09;-1.33628e+06;0;0;0;0;0;0;449959226;462178299;39917852
1894;5.42789e-15;-564;1722;11906;11876;1;283;-2.14748e+09;-1.33373e+06;0;0;0;0;0;0;450011388;462241606;39939621
1894;5.42514e-15;-570;1718;11849;11872;1;286;-2.14748e+09;-1.33373e+06;0;0;0;0;0;0;450011388;462241606;39939621
1895;5.42789e-15;-564;1722;11906;11876;1;283;-2.14748e+09;-1.3312e+06;-1;0;0;0;-1;0;450063449;462304799;39961355
1895;5.42514e-15;-571;1718;11849;11872;1;286;-2.14748e+09;-1.3312e+06;0;0;0;0;0;0;450063449;462304799;39961355
1896;5.42789e-15;-564;1722;11906;11876;1;283;-2.14748e+09;-1.32866e+06;-1;0;0;0;-1;0;450115407;462367878;39983056
1896;5.42514e-15;-571;1718;11849;11872;1;286;-2.14748e+09;-1.32866e+06;-1;0;0;0;-1;0;450115407;462367878;39983056
1897;5.42789e-15;-564;1722;11906;11876;1;283;-2.14748e+09;-1.32614e+06;-1;0;0;0;-1;0;450167264;462430843;40004723
1897;5.42514e-15;-572;1718;11849;11872;1;286;-2.14748e+09;-1.32614e+06;0;0;0;0;0;0;450167264;462430843;40004723
1898;5.42789e-15;-564;1722;11906;11876;1;283;-2.14748e+09;-1.32361e+06;-1;0;0;0;-1;0;450219020;462493694;40026357
1898;5.42514e-15;-573;1718;11849;11872;1;286;-2.14748e+09;-1.32361e+06;0;0;0;0;0;0;450219020;462493694;40026357
1899;5.42789e-15;-564;1722;11906;11876;1;283;-2.14748e+09;-1.3211e+06;-1;0;0;0;-1;0;450270675;462556431;40047957
1899;5.42514e-15;-573;1718;11849;11872;1;286;-2.14748e+09;-1.3211e+06;-1;0;0;0;-1;0;450270675;462556431;40047957
1900;5.42789e-15;-565;1722;11906;11876;1;283;-2.14748e+09;-1.31858e+06;0;0;0;0;0;0;450322229;462619055;40069523
1900;5.42514e-15;-573;1718;11849;11872;1;286;-2.14748e+09;-1.31858e+06;-1;0;0;0;-1;0;450322229;462619055;40069523
1901;5.42789e-15;-566;1722;11906;11876;1;283;-2.14748e+09;-1.31608e+06;0;0;0;0;0;0;450373682;462681566;40091055
1901;5.42514e-15;-573;1718;11849;11872;1;286;-2.14748e+09;-1.31608e+06;-1;0;0;0;-1;0;450373682;462681566;40091055
1902;5.42789e-15;-566;1722;11906;11876;1;283;-2.14748e+09;-1.31358e+06;-1;0;0;0;-1;0;450425035;462743964;40112554
1902;5.42514e-15;-573;1718;11849;11872;1;286;-2.14748e+09;-1.31358e+06;-1;0;0;0;-1;0;450425035;462743964;40112554
1903;5.42789e-15;-567;1722;11906;11876;1;283;-2.14748e+09;-1.31108e+06;0;0;0;0;0;0;450476288;462806250;40134020
1903;5.42514e-15;-574;1718;11849;11872;1;286;-2.14748e+09;-1.31108e+06;0;0;0;0;0;0;450476288;462806250;40134020
1904;5.42789e-15;-568;1722;11906;11876;1;283;-2.14748e+09;-1.30869e+06;0;0;0;0;0;0;450527440;462868423;40155452
1904;5.42514e-15;-575;1718;11849;11872;1;286;-2.14748e+09;-1.30869e+06;0;0;0;0;0;0;450527440;462868423;40155452
1905;5.42789e-15;-568;1722;11906;11876;1;283;-2.14748e+09;-1.3061e+06;-1;0;0;0;-1;0;450578493;462930483;40176850
1905;5.42514e-15;-576;1718;11849;11872;1;286;-2.14748e+09;-1.3061e+06;0;0;0;0;0;0;450578493;462930483;40176850
1906;5.42789e-15;-568;1722;11906;11876;1;283;-2.14748e+09;-1.30372e+06;-1;0;0;0;-1;0;450629447;462992432;40198215
1906;5.42514e-15;-577;1718;11849;11872;1;286;-2.14748e+09;-1.30372e+06;0;0;0;0;0;0;450629447;462992432;40198215
1907;5.42789e-15;-569;1722;11906;11876;1;283;-2.14748e+09;-1.30114e+06;0;0;0;0;0;0;450680300;463054268;40219547
1907;5.42514e-15;-578;1718;11849;11872;1;286;-2.14748e+09;-1.30114e+06;0;0;0;0;0;0;450680300;463054268;40219547
1908;5.42789e-15;-570;1722;11906;11876;1;283;-2.14748e+09;-1.29867e+06;0;0;0;0;0;0;450731055;463115993;40240846
1908;5.42514e-15;-579;1718;11849;11872;1;286;-2.14748e+09;-1.29867e+06;0;0;0;0;0;0;450731055;463115993;40240846
1909;5.42789e-15;-571;1722;11906;11876;1;283;-2.14748e+09;-1.2963e+06;0;0;0;0;0;0;450781711;463177607;40262111
1909;5.42514e-15;-580;1718;11849;11872;1;286;-2.14748e+09;-1.2963e+06;0;0;0;0;0;0;450781711;463177607;40262111
1910;5.42789e-15;-572;1722;11906;11876;1;283;-2.14748e+09;-1.29374e+06;0;0;0;0;0;0;450832268;463239109;40283343
1910;5.42514e-15;-580;1718;11849;11872;1;286;-2.14748e+09;-1.29374e+06;-1;0;0;0;-1;0;450832268;463239109;40283343
1911;5.42789e-15;-572;1722;11906;11876;1;283;-2.14748e+09;-1.29129e+06;-1;0;0;0;-1;0;450882727;463300501;40304542
1911;5.42514e-15;-581;1718;11849;11872;1;286;-2.14748e+09;-1.29129e+06;0;0;0;0;0;0;450882727;463300501;40304542
1912;5.42789e-15;-573;1722;11906;11876;1;283;-2.14748e+09;-1.28884e+06;0;0;0;0;0;0;450933087;463361781;40325707
1912;5.42514e-15;-581;1718;11849;11872;1;286;-2.14748e+09;-1.28884e+06;-1;0;0;0;-1;0;450933087;463361781;40325707
1913;5.42789e-15;-573;1722;11906;11876;1;283;-2.14748e+09;-1.28639e+06;-1;0;0;0;-1;0;450983349;463422951;40346840
1913;5.42514e-15;-582;1718;11849;11872;1;286;-2.14748e+09;-1.28639e+06;0;0;0;0;0;0;450983349;463422951;40346840
1914;5.42789e-15;-573;1722;11906;11876;1;283;-2.14748e+09;-1.28395e+06;-1;0;0;0;-1;0;451033513;463484010;40367940
1914;5.42514e-15;-583;1718;11849;11872;1;286;-2.14748e+09;-1.28395e+06;0;0;0;0;0;0;451033513;463484010;40367940
1915;5.42789e-15;-574;1722;11906;11876;1;283;-2.14748e+09;-1.28151e+06;0;0;0;0;0;0;451083580;463544959;40389006
1915;5.42514e-15;-584;1718;11849;11872;1;286;-2.14748e+09;-1.28151e+06;0;0;0;0;0;0;451083580;463544959;40389006
1916;5.42789e-15;-574;1722;11906;11876;1;283;-2.14748e+09;-1.27918e+06;-1;0;0;0;-1;0;451133549;463605798;40410040
1916;5.42514e-15;-585;1718;11849;11872;1;286;-2.14748e+09;-1.27918e+06;0;0;0;0;0;0;451133549;463605798;40410040
1917;5.42789e-15;-575;1722;11906;11876;1;283;-2.14748e+09;-1.27675e+06;0;0;0;0;0;0;451183420;463666527;40431040
1917;5.42514e-15;-586;1718;11849;11872;1;286;-2.14748e+09;-1.27675e+06;0;0;0;0;0;0;451183420;463666527;40431040
1918;5.42789e-15;-576;1722;11906;11876;1;283;-2.14748e+09;-1.27423e+06;0;0;0;0;0;0;451233195;463727147;40452008
1918;5.42514e-15;-586;1718;11849;11872;1;286;-2.14748e+09;-1.27423e+06;-1;0;0;0;-1;0;451233195;463727147;40452008
1919;5.42789e-15;-577;1722;11906;11876;1;283;-2.14748e+09;-1.27181e+06;0;0;0;0;0;0;451282873;463787657;40472943
1919;5.42514e-15;-586;1718;11849;11872;1;286;-2.14748e+09;-1.27181e+06;-1;0;0;0;-1;0;451282873;463787657;40472943
1920;5.42789e-15;-577;1722;11906;11876;1;283;-2.14748e+09;-1.2694e+06;-1;0;0;0;-1;0;451332453;463848058;40493845
1920;5.42514e-15;-587;1718;11849;11872;1;286;-2.14748e+09;-1.2694e+06;0;0;0;0;0;0;451332453;463848058;40493845
1921;5.42789e-15;-578;1722;11906;11876;1;283;-2.14748e+09;-1.26699e+06;0;0;0;0;0;0;451381938;463908350;40514714
1921;5.42514e-15;-587;1718;11849;11872;1;286;-2.14748e+09;-1.26699e+06;-1;0;0;0;-1;0;451381938;463908350;40514714
1922;5.42789e-15;-578;1722;11906;11876;1;283;-2.14748e+09;-1.26459e+06;-1;0;0;0;-1;0;451431326;463968533;40535551
1922;5.42514e-15;-588;1718;11849;11872;1;286;-2.14748e+09;-1.26459e+06;0;0;0;0;0;0;451431326;463968533;40535551
1923;5.42789e-15;-578;1722;11906;11876;1;283;-2.14748e+09;-1.26219e+06;-1;0;0;0;-1;0;451480618;464028608;40556354
1923;5.42514e-15;-588;1718;11849;11872;1;286;-2.14748e+09;-1.26219e+06;-1;0;0;0;-1;0;451480618;464028608;40556354
1924;5.42789e-15;-578;1722;11906;11876;1;283;-2.14748e+09;-1.2598e+06;-1;0;0;0;-1;0;451529814;464088574;40577126
1924;5.42514e-15;-589;1718;11849;11872;1;286;-2.14748e+09;-1.2598e+06;0;0;0;0;0;0;451529814;464088574;40577126
1925;5.42789e-15;-578;1722;11906;11876;1;283;-2.14748e+09;-1.25741e+06;-1;0;0;0;-1;0;451578914;464148432;40597864
1925;5.42514e-15;-589;1718;11849;11872;1;286;-2.14748e+09;-1.25741e+06;-1;0;0;0;-1;0;451578914;464148432;40597864
1926;5.42789e-15;-579;1722;11906;11876;1;283;-2.14748e+09;-1.25502e+06;0;0;0;0;0;0;451627919;464208181;40618570
1926;5.42514e-15;-589;1718;11849;11872;1;286;-2.14748e+09;-1.25502e+06;-1;0;0;0;-1;0;451627919;464208181;40618570
1927;5.42789e-15;-579;1722;11906;11876;1;283;-2.14748e+09;-1.25265e+06;-1;0;0;0;-1;0;451676829;464267823;40639244
1927;5.42514e-15;-590;1718;11849;11872;1;286;-2.14748e+09;-1.25265e+06;0;0;0;0;0;0;451676829;464267823;40639244
1928;5.42789e-15;-580;1722;11906;11876;1;283;-2.14748e+09;-1.25027e+06;0;0;0;0;0;0;451725643;464327358;40659885
1928;5.42514e-15;-590;1718;11849;11872;1;286;-2.14748e+09;-1.25027e+06;-1;0;0;0;-1;0;451725643;464327358;40659885
1929;5.42789e-15;-580;1722;11906;11876;1;283;-2.14748e+09;-1.2479e+06;-1;0;0;0;-1;0;451774362;464386785;40680493
1929;5.42514e-15;-590;1718;11849;11872;1;286;-2.14748e+09;-1.2479e+06;-1;0;0;0;-1;0;451774362;464386785;40680493
1930;5.42789e-15;-581;1722;11906;11876;1;283;-2.14748e+09;-1.24554e+06;0;0;0;0;0;0;451822987;464446105;40701069
1930;5.42514e-15;-591;1718;11849;11872;1;286;-2.14748e+09;-1.24554e+06;0;0;0;0;0;0;451822987;464446105;40701069
1931;5.42789e-15;-581;1722;11906;11876;1;283;-2.14748e+09;-1.24318e+06;-1;0;0;0;-1;0;451871517;464505317;40721613
1931;5.42514e-15;-592;1718;11849;11872;1;286;-2.14748e+09;-1.24318e+06;0;0;0;0;0;0;451871517;464505317;40721613
1932;5.42789e-15;-581;1722;11906;11876;1;283;-2.14748e+09;-1.24082e+06;-1;0;0;0;-1;0;451919953;464564423;40742125
1932;5.42514e-15;-592;1718;11849;11872;1;286;-2.14748e+09;-1.24082e+06;-1;0;0;0;-1;0;451919953;464564423;40742125
1933;5.42789e-15;-582;1722;11906;11876;1;283;-2.14748e+09;-1.23847e+06;0;0;0;0;0;0;451968295;464623423;40762604
1933;5.42514e-15;-592;1718;11849;11872;1;286;-2.14748e+09;-1.23847e+06;-1;0;0;0;-1;0;451968295;464623423;40762604
1934;5.42789e-15;-582;1722;11906;11876;1;283;-2.14748e+09;-1.23623e+06;-1;0;0;0;-1;0;452016543;464682316;40783051
1934;5.42514e-15;-592;1718;11849;11872;1;286;-2.14748e+09;-1.23623e+06;-1;0;0;0;-1;0;452016543;464682316;40783051
1935;5.42789e-15;-582;1722;11906;11876;1;283;-2.14748e+09;-1.23378e+06;-1;0;0;0;-1;0;452064697;464741102;40803465
1935;5.42514e-15;-592;1718;11849;11872;1;286;-2.14748e+09;-1.23378e+06;-1;0;0;0;-1;0;452064697;464741102;40803465
1936;5.42789e-15;-583;1722;11906;11876;1;283;-2.14748e+09;-1.23145e+06;0;0;0;0;0;0;452112758;464799783;40823848
1936;5.42514e-15;-592;1718;11849;11872;1;286;-2.14748e+09;-1.23145e+06;-1;0;0;0;-1;0;452112758;464799783;40823848
1937;5.42789e-15;-584;1722;11906;11876;1;283;-2.14748e+09;-1.22912e+06;0;0;0;0;0;0;452160725;464858358;40844198
1937;5.42514e-15;-592;1718;11849;11872;1;286;-2.14748e+09;-1.22912e+06;-1;0;0;0;-1;0;452160725;464858358;40844198
1938;5.42789e-15;-585;1722;11906;11876;1;283;-2.14748e+09;-1.22679e+06;0;0;0;0;0;0;452208599;464916827;40864517
1938;5.42514e-15;-593;1718;11849;11872;1;286;-2.14748e+09;-1.22679e+06;0;0;0;0;0;0;452208599;464916827;40864517
1939;5.42789e-15;-586;1722;11906;11876;1;283;-2.14748e+09;-1.22447e+06;0;0;0;0;0;0;452256380;464975190;40884803
1939;5.42514e-15;-594;1718;11849;11872;1;286;-2.14748e+09;-1.22447e+06;0;0;0;0;0;0;452256380;464975190;40884803
1940;5.42789e-15;-587;1722;11906;11876;1;283;-2.14748e+09;-1.22215e+06;0;0;0;0;0;0;452304068;465033449;40905057
1940;5.42514e-15;-594;1718;11849;11872;1;286;-2.14748e+09;-1.22215e+06;-1;0;0;0;-1;0;452304068;465033449;40905057
1941;5.42789e-15;-587;1722;11906;11876;1;283;-2.14748e+09;-1.21994e+06;-1;0;0;0;-1;0;452351664;465091602;40925280
1941;5.42514e-15;-595;1718;11849;11872;1;286;-2.14748e+09;-1.21994e+06;0;0;0;0;0;0;452351664;465091602;40925280
1942;5.42789e-15;-587;1722;11906;11876;1;283;-2.14748e+09;-1.21753e+06;-1;0;0;0;-1;0;452399167;465149650;40945470
1942;5.42514e-15;-596;1718;11849;11872;1;286;-2.14748e+09;-1.21753e+06;0;0;0;0;0;0;452399167;465149650;40945470
1943;5.42789e-15;-587;1722;11906;11876;1;283;-2.14748e+09;-1.21522e+06;-1;0;0;0;-1;0;452446578;465207594;40965629
1943;5.42514e-15;-597;1718;11849;11872;1;286;-2.14748e+09;-1.21522e+06;0;0;0;0;0;0;452446578;465207594;40965629
1944;5.42789e-15;-587;1722;11906;11876;1;283;-2.14748e+09;-1.21293e+06;-1;0;0;0;-1;0;452493897;465265434;40985755
1944;5.42514e-15;-598;1718;11849;11872;1;286;-2.14748e+09;-1.21293e+06;0;0;0;0;0;0;452493897;465265434;40985755
1945;5.42789e-15;-588;1722;11906;11876;1;283;-2.14748e+09;-1.21063e+06;0;0;0;0;0;0;452541125;465323168;41005850
1945;5.42514e-15;-599;1718;11849;11872;1;286;-2.14748e+09;-1.21063e+06;0;0;0;0;0;0;452541125;465323168;41005850
1946;5.42789e-15;-588;1722;11906;11876;1;283;-2.14748e+09;-1.20834e+06;-1;0;0;0;-1;0;452588260;465380799;41025914
1946;5.42514e-15;-599;1718;11849;11872;1;286;-2.14748e+09;-1.20834e+06;-1;0;0;0;-1;0;452588260;465380799;41025914
1947;5.42789e-15;-589;1722;11906;11876;1;283;-2.14748e+09;-1.20606e+06;0;0;0;0;0;0;452635305;465438326;41045945
1947;5.42514e-15;-599;1718;11849;11872;1;286;-2.14748e+09;-1.20606e+06;-1;0;0;0;-1;0;452635305;465438326;41045945
1948;5.42789e-15;-589;1722;11906;11876;1;283;-2.14748e+09;-1.20377e+06;-1;0;0;0;-1;0;452682258;465495749;41065945
1948;5.42514e-15;-599;1718;11849;11872;1;286;-2.14748e+09;-1.20377e+06;-1;0;0;0;-1;0;452682258;465495749;41065945
1949;5.42789e-15;-590;1722;11906;11876;1;283;-2.14748e+09;-1.2015e+06;0;0;0;0;0;0;452729119;465553069;41085913
1949;5.42514e-15;-600;1718;11849;11872;1;286;-2.14748e+09;-1.2015e+06;0;0;0;0;0;0;452729119;465553069;41085913
1950;5.42789e-15;-590;1722;11906;11876;1;283;-2.14748e+09;-1.19923e+06;-1;0;0;0;-1;0;452775890;465610286;41105850
1950;5.42514e-15;-601;1718;11849;11872;1;286;-2.14748e+09;-1.19923e+06;0;0;0;0;0;0;452775890;465610285;41105850
1951;5.42789e-15;-590;1722;11906;11876;1;283;-2.14748e+09;-1.19696e+06;-1;0;0;0;-1;0;452822571;465667399;41125755
1951;5.42514e-15;-602;1718;11849;11872;1;286;-2.14748e+09;-1.19696e+06;0;0;0;0;0;0;452822571;465667399;41125755
1952;5.42789e-15;-591;1722;11906;11876;1;283;-2.14748e+09;-1.1947e+06;0;0;0;0;0;0;452869161;465724409;41145628
1952;5.42514e-15;-603;1718;11849;11872;1;286;-2.14748e+09;-1.1947e+06;0;0;0;0;0;0;452869161;465724409;41145628
1953;5.42789e-15;-592;1722;11906;11876;1;283;-2.14748e+09;-1.19244e+06;0;0;0;0;0;0;452915660;465781316;41165470
1953;5.42514e-15;-604;1718;11849;11872;1;286;-2.14748e+09;-1.19244e+06;0;0;0;0;0;0;452915660;465781316;41165470
1954;5.42789e-15;-592;1722;11906;11876;1;283;-2.14748e+09;-1.19018e+06;-1;0;0;0;-1;0;452962069;465838121;41185281
1954;5.42514e-15;-604;1718;11849;11872;1;286;-2.14748e+09;-1.19018e+06;-1;0;0;0;-1;0;452962069;465838121;41185281
1955;5.42789e-15;-592;1722;11906;11876;1;283;-2.14748e+09;-1.18793e+06;-1;0;0;0;-1;0;453008389;465894824;41205060
1955;5.42514e-15;-605;1718;11849;11872;1;286;-2.14748e+09;-1.18793e+06;0;0;0;0;0;0;453008389;465894824;41205060
1956;5.42789e-15;-592;1722;11906;11876;1;283;-2.14748e+09;-1.18569e+06;-1;0;0;0;-1;0;453054619;465951424;41224808
1956;5.42514e-15;-605;1718;11849;11872;1;286;-2.14748e+09;-1.18569e+06;-1;0;0;0;-1;0;453054619;465951424;41224808
1957;5.42789e-15;-592;1722;11906;11876;1;283;-2.14748e+09;-1.18345e+06;-1;0;0;0;-1;0;453100759;466007922;41244525
1957;5.42514e-15;-605;1718;11849;11872;1;286;-2.14748e+09;-1.18345e+06;-1;0;0;0;-1;0;453100759;466007922;41244525
1958;5.42789e-15;-592;1722;11906;11876;1;283;-2.14748e+09;-1.18121e+06;-1;0;0;0;-1;0;453146809;466064319;41264210
1958;5.42514e-15;-606;1718;11849;11872;1;286;-2.14748e+09;-1.18121e+06;0;0;0;0;0;0;453146809;466064319;41264210
1959;5.42789e-15;-593;1722;11906;11876;1;283;-2.14748e+09;-1.17898e+06;0;0;0;0;0;0;453192771;466120613;41283864
1959;5.42514e-15;-607;1718;11849;11872;1;286;-2.14748e+09;-1.17898e+06;0;0;0;0;0;0;453192771;466120613;41283864
1960;5.42789e-15;-593;1722;11906;11876;1;283;-2.14748e+09;-1.17675e+06;-1;0;0;0;-1;0;453238644;466176807;41303487
1960;5.42514e-15;-607;1717;11849;11872;1;286;-2.14748e+09;-1.17675e+06;0;0;0;0;0;0;453238644;466176807;41303487
1961;5.42789e-15;-593;1722;11906;11876;1;283;-2.14748e+09;-1.17453e+06;-1;0;0;0;-1;0;453284427;466232899;41323079
1961;5.42514e-15;-608;1717;11849;11872;1;286;-2.14748e+09;-1.17453e+06;0;0;0;0;0;0;453284427;466232899;41323079
1962;5.42789e-15;-594;1722;11906;11876;1;283;-2.14748e+09;-1.17231e+06;0;0;0;0;0;0;453330122;466288889;41342639
1962;5.42514e-15;-608;1717;11849;11872;1;286;-2.14748e+09;-1.17231e+06;-1;0;0;0;-1;0;453330122;466288889;41342639
1963;5.42789e-15;-595;1722;11906;11876;1;283;-2.14748e+09;-1.1701e+06;0;0;0;0;0;0;453375729;466344779;41362169
1963;5.42514e-15;-609;1717;11849;11872;1;286;-2.14748e+09;-1.1701e+06;0;0;0;0;0;0;453375729;466344779;41362169
1964;5.42789e-15;-595;1722;11906;11876;1;283;-2.14748e+09;-1.16789e+06;-1;0;0;0;-1;0;453421247;466400569;41381668
1964;5.42514e-15;-609;1717;11849;11872;1;286;-2.14748e+09;-1.16789e+06;-1;0;0;0;-1;0;453421247;466400569;41381668
1965;5.42789e-15;-596;1722;11906;11876;1;283;-2.14748e+09;-1.16568e+06;0;0;0;0;0;0;453466677;466456258;41401135
1965;5.42514e-15;-609;1717;11849;11872;1;286;-2.14748e+09;-1.16568e+06;-1;0;0;0;-1;0;453466677;466456258;41401135
1966;5.42789e-15;-597;1722;11906;11876;1;283;-2.14748e+09;-1.16348e+06;0;0;0;0;0;0;453512020;466511846;41420572
1966;5.42514e-15;-609;1717;11849;11872;1;286;-2.14748e+09;-1.16348e+06;-1;0;0;0;-1;0;453512020;466511846;41420572
1967;5.42789e-15;-597;1722;11906;11876;1;283;-2.14748e+09;-1.16129e+06;-1;0;0;0;-1;0;453557274;466567334;41439978
1967;5.42514e-15;-610;1717;11849;11872;1;286;-2.14748e+09;-1.16129e+06;0;0;0;0;0;0;453557274;466567334;41439978
1968;5.42789e-15;-597;1722;11906;11876;1;283;-2.14748e+09;-1.1591e+06;-1;0;0;0;-1;0;453602441;466622722;41459353
1968;5.42514e-15;-610;1717;11849;11872;1;286;-2.14748e+09;-1.1591e+06;-1;0;0;0;-1;0;453602441;466622722;41459353
1969;5.42789e-15;-597;1722;11906;11876;1;283;-2.14748e+09;-1.15691e+06;-1;0;0;0;-1;0;453647521;466678011;41478697
1969;5.42514e-15;-611;1717;11849;11872;1;286;-2.14748e+09;-1.15691e+06;0;0;0;0;0;0;453647521;466678011;41478697
1970;5.42789e-15;-597;1722;11906;11876;1;283;-2.14748e+09;-1.15472e+06;-1;0;0;0;-1;0;453692513;466733200;41498010
1970;5.42514e-15;-612;1717;11849;11872;1;286;-2.14748e+09;-1.15472e+06;0;0;0;0;0;0;453692513;466733200;41498010
1971;5.42789e-15;-597;1722;11906;11876;1;283;-2.14748e+09;-1.15255e+06;-1;0;0;0;-1;0;453737418;466788289;41517292
1971;5.42514e-15;-612;1717;11849;11872;1;286;-2.14748e+09;-1.15255e+06;-1;0;0;0;-1;0;453737418;466788289;41517292
1972;5.42789e-15;-597;1722;11906;11876;1;283;-2.14748e+09;-1.15047e+06;-1;0;0;0;-1;0;453782237;466843279;41536544
1972;5.42514e-15;-613;1717;11849;11872;1;286;-2.14748e+09;-1.15047e+06;0;0;0;0;0;0;453782237;466843279;41536544
1973;5.42789e-15;-597;1722;11906;11876;1;283;-2.14748e+09;-1.1482e+06;-1;0;0;0;-1;0;453826968;466898170;41555766
1973;5.42514e-15;-614;1717;11849;11872;1;286;-2.14748e+09;-1.1482e+06;0;0;0;0;0;0;453826968;466898170;41555766
1974;5.42789e-15;-598;1722;11906;11876;1;283;-2.14748e+09;-1.14604e+06;0;0;0;0;0;0;453871614;466952962;41574956
1974;5.42514e-15;-615;1717;11849;11872;1;286;-2.14748e+09;-1.14604e+06;0;0;0;0;0;0;453871614;466952962;41574956
1975;5.42789e-15;-599;1722;11906;11876;1;283;-2.14748e+09;-1.14387e+06;0;0;0;0;0;0;453916173;467007656;41594116
1975;5.42514e-15;-616;1717;11849;11872;1;286;-2.14748e+09;-1.14387e+06;0;0;0;0;0;0;453916173;467007656;41594116
1976;5.42789e-15;-600;1722;11906;11876;1;283;-2.14748e+09;-1.14172e+06;0;0;0;0;0;0;453960646;467062251;41613246
1976;5.42514e-15;-617;1717;11849;11872;1;286;-2.14748e+09;-1.14172e+06;0;0;0;0;0;0;453960646;467062251;41613246
1977;5.42789e-15;-601;1722;11906;11876;1;283;-2.14748e+09;-1.13956e+06;0;0;0;0;0;0;454005033;467116747;41632345
1977;5.42514e-15;-617;1717;11849;11872;1;286;-2.14748e+09;-1.13956e+06;-1;0;0;0;-1;0;454005033;467116747;41632345
1978;5.42789e-15;-601;1722;11906;11876;1;283;-2.14748e+09;-1.13751e+06;-1;0;0;0;-1;0;454049334;467171146;41651413
1978;5.42514e-15;-618;1717;11849;11872;1;286;-2.14748e+09;-1.13751e+06;0;0;0;0;0;0;454049334;467171146;41651413
1979;5.42789e-15;-602;1722;11906;11876;1;283;-2.14748e+09;-1.13527e+06;0;0;0;0;0;0;454093549;467225446;41670451
1979;5.42514e-15;-619;1717;11849;11872;1;286;-2.14748e+09;-1.13527e+06;0;0;0;0;0;0;454093549;467225446;41670451
1980;5.42789e-15;-603;1722;11906;11876;1;283;-2.14748e+09;-1.13323e+06;0;0;0;0;0;0;454137679;467279649;41689459
1980;5.42514e-15;-620;1717;11849;11872;1;286;-2.14748e+09;-1.13323e+06;0;0;0;0;0;0;454137679;467279649;41689459
1981;5.42789e-15;-604;1722;11906;11876;1;283;-2.14748e+09;-1.13099e+06;0;0;0;0;0;0;454181724;467333754;41708436
1981;5.42514e-15;-621;1717;11849;11872;1;286;-2.14748e+09;-1.13099e+06;0;0;0;0;0;0;454181724;467333754;41708436
1982;5.42789e-15;-605;1722;11906;11876;1;283;-2.14748e+09;-1.12886e+06;0;0;0;0;0;0;454225684;467387761;41727384
1982;5.42514e-15;-621;1717;11849;11872;1;286;-2.14748e+09;-1.12886e+06;-1;0;0;0;-1;0;454225684;467387761;41727384
1983;5.42789e-15;-605;1722;11906;11876;1;283;-2.14748e+09;-1.12673e+06;-1;0;0;0;-1;0;454269559;467441672;41746300
1983;5.42514e-15;-622;1717;11849;11872;1;286;-2.14748e+09;-1.12673e+06;0;0;0;0;0;0;454269559;467441672;41746300
1984;5.42789e-15;-606;1722;11906;11876;1;283;-2.14748e+09;-1.12461e+06;0;0;0;0;0;0;454313349;467495485;41765187
1984;5.42514e-15;-622;1717;11849;11872;1;286;-2.14748e+09;-1.12461e+06;-1;0;0;0;-1;0;454313349;467495485;41765187
1985;5.42789e-15;-606;1722;11906;11876;1;283;-2.14748e+09;-1.12249e+06;-1;0;0;0;-1;0;454357054;467549201;41784044
1985;5.42514e-15;-622;1717;11849;11872;1;286;-2.14748e+09;-1.12249e+06;-1;0;0;0;-1;0;454357054;467549201;41784044
1986;5.42789e-15;-607;1722;11906;11876;1;283;-2.14748e+09;-1.12037e+06;0;0;0;0;0;0;454400675;467602821;41802870
1986;5.42514e-15;-623;1717;11849;11872;1;286;-2.14748e+09;-1.12037e+06;0;0;0;0;0;0;454400675;467602821;41802870
1987;5.42789e-15;-608;1722;11906;11876;1;283;-2.14748e+09;-1.11826e+06;0;0;0;0;0;0;454444212;467656343;41821666
1987;5.42514e-15;-624;1717;11849;11872;1;286;-2.14748e+09;-1.11826e+06;0;0;0;0;0;0;454444212;467656343;41821666
1988;5.42789e-15;-608;1722;11906;11876;1;283;-2.14748e+09;-1.11616e+06;-1;0;0;0;-1;0;454487665;467709770;41840432
1988;5.42514e-15;-625;1717;11849;11872;1;286;-2.14748e+09;-1.11616e+06;0;0;0;0;0;0;454487665;467709770;41840432
1989;5.42789e-15;-608;1722;11906;11876;1;283;-2.14748e+09;-1.11405e+06;-1;0;0;0;-1;0;454531034;467763100;41859169
1989;5.42514e-15;-625;1717;11849;11872;1;286;-2.14748e+09;-1.11405e+06;-1;0;0;0;-1;0;454531034;467763100;41859169
1990;5.42789e-15;-608;1722;11906;11876;1;283;-2.14748e+09;-1.11196e+06;-1;0;0;0;-1;0;454574320;467816335;41877875
1990;5.42514e-15;-625;1717;11849;11872;1;286;-2.14748e+09;-1.11196e+06;-1;0;0;0;-1;0;454574320;467816335;41877875
1991;5.42789e-15;-608;1722;11906;11876;1;283;-2.14748e+09;-1.10986e+06;-1;0;0;0;-1;0;454617521;467869473;41896551
1991;5.42514e-15;-626;1717;11849;11872;1;286;-2.14748e+09;-1.10986e+06;0;0;0;0;0;0;454617521;467869473;41896551
1992;5.42789e-15;-608;1722;11906;11876;1;283;-2.14748e+09;-1.10777e+06;-1;0;0;0;-1;0;454660640;467922516;41915197
1992;5.42514e-15;-627;1717;11849;11872;1;286;-2.14748e+09;-1.10777e+06;0;0;0;0;0;0;454660640;467922516;41915197
1993;5.42789e-15;-609;1722;11906;11876;1;283;-2.14748e+09;-1.10568e+06;0;0;0;0;0;0;454703675;467975463;41933814
1993;5.42514e-15;-628;1717;11849;11872;1;286;-2.14748e+09;-1.10568e+06;0;0;0;0;0;0;454703675;467975463;41933814
1994;5.42789e-15;-610;1722;11906;11876;1;283;-2.14748e+09;-1.1036e+06;0;0;0;0;0;0;454746627;468028315;41952401
1994;5.42514e-15;-628;1717;11849;11872;1;286;-2.14748e+09;-1.1036e+06;-1;0;0;0;-1;0;454746627;468028315;41952401
1995;5.42789e-15;-611;1722;11906;11876;1;283;-2.14748e+09;-1.10162e+06;0;0;0;0;0;0;454789497;468081072;41970957
1995;5.42514e-15;-628;1717;11849;11872;1;286;-2.14748e+09;-1.10162e+06;-1;0;0;0;-1;0;454789497;468081072;41970957
1996;5.42789e-15;-612;1722;11906;11876;1;283;-2.14748e+09;-1.09945e+06;0;0;0;0;0;0;454832283;468133734;41989485
1996;5.42514e-15;-628;1717;11849;11872;1;286;-2.14748e+09;-1.09945e+06;-1;0;0;0;-1;0;454832283;468133734;41989485
1997;5.42789e-15;-613;1722;11906;11876;1;283;-2.14748e+09;-1.09748e+06;0;0;0;0;0;0;454874988;468186301;42007982
1997;5.42514e-15;-628;1717;11849;11872;1;286;-2.14748e+09;-1.09748e+06;-1;0;0;0;-1;0;454874988;468186301;42007982
1998;5.42789e-15;-614;1722;11906;11876;1;283;-2.14748e+09;-1.09532e+06;0;0;0;0;0;0;454917609;468238773;42026450
1998;5.42514e-15;-628;1717;11849;11872;1;286;-2.14748e+09;-1.09532e+06;-1;0;0;0;-1;0;454917609;468238773;42026450
1999;5.42789e-15;-614;1722;11906;11876;1;283;-2.14748e+09;-1.09325e+06;-1;0;0;0;-1;0;454960149;468291151;42044888
1999;5.42514e-15;-629;1717;11849;11872;1;286;-2.14748e+09;-1.09325e+06;0;0;0;0;0;0;454960149;468291151;42044888
