step;volume;A_0;B_0;C;L;p;Compl;Aext;Bext;A_ingresso;A_uscita;B_ingresso;B_uscita;A_netto;B_netto;Avicino;Amedio;Alontano
532;4.18816e-15;33;598;10877;10016;1;3;300;3545;536;135;510;135;401;375;71;66;5
532;4.18816e-15;33;598;10877;10016;1;0;282;3545;504;139;510;138;365;372;71;66;5
533;4.1989e-15;83;1377;10845;10090;1;37;308;3545;153;34;1794;547;119;1247;70;67;5
533;4.1989e-15;89;1359;10856;10071;1;27;296;3545;145;20;1774;550;125;1224;70;67;5
534;4.24575e-15;89;1616;10807;10149;1;82;270;3546;166;40;1772;747;126;1025;70;67;5
534;4.2337e-15;88;1607;10803;10124;1;84;265;3546;136;40;1826;775;96;1051;70;67;5
535;4.28323e-15;83;1663;10784;10216;1;123;265;3546;129;44;1759;855;85;904;70;66;5
535;4.26733e-15;69;1659;10772;10183;1;133;259;3546;154;34;1772;867;120;905;70;66;5
536;4.32593e-15;85;1742;10789;10291;1;148;312;3546;123;45;1744;861;78;883;70;67;5
536;4.30488e-15;79;1668;10767;10230;1;164;297;3546;137;32;1847;833;105;1014;70;67;5
537;4.37389e-15;88;1777;10805;10342;1;166;281;3546;163;52;1810;870;111;940;69;67;5
537;4.33487e-15;89;1747;10798;10287;1;174;276;3546;156;62;1719;808;94;911;69;67;5
538;4.4066e-15;95;1746;10821;10407;1;182;309;3547;150;47;1748;889;103;859;69;68;6
538;4.37133e-15;102;1702;10814;10335;1;186;299;3547;138;42;1746;910;96;836;69;68;6
539;4.44842e-15;73;1672;10840;10466;1;204;273;3547;149;54;1793;820;95;973;69;68;6
539;4.40211e-15;93;1665;10823;10386;1;211;268;3547;154;49;1807;878;105;929;69;68;6
540;4.48649e-15;82;1712;10888;10526;1;202;293;3547;112;39;1762;853;73;909;69;68;6
540;4.43489e-15;81;1667;10847;10452;1;224;288;3547;146;48;1818;857;98;961;69;68;6
541;4.52531e-15;92;1712;10919;10587;1;205;272;3548;151;48;1781;892;103;889;69;68;6
541;4.47744e-15;81;1694;10875;10502;1;237;266;3548;148;44;1698;847;104;851;69;68;6
542;4.5649e-15;95;1716;10938;10638;1;220;306;3548;136;52;1818;884;84;934;70;68;6
542;4.50977e-15;81;1741;10905;10557;1;247;296;3548;137;41;1857;791;96;1066;70;68;6
543;4.59809e-15;83;1694;10964;10707;1;234;265;3548;150;49;1803;866;101;937;69;68;6
543;4.54542e-15;87;1730;10947;10613;1;249;261;3548;131;47;1727;872;84;855;69;68;6
544;4.64311e-15;91;1720;11011;10766;1;235;278;3548;127;47;1765;878;80;887;69;68;6
544;4.58181e-15;74;1708;11017;10680;1;233;273;3548;135;47;1797;845;88;952;69;68;6
545;4.68173e-15;79;1720;11050;10842;1;238;276;3549;149;40;1732;836;109;896;69;67;6
545;4.62548e-15;90;1672;11047;10738;1;241;267;3549;115;42;1820;891;73;929;69;67;6
546;4.73163e-15;91;1691;11086;10902;1;242;235;3549;155;37;1701;803;118;898;68;67;6
546;4.66339e-15;88;1724;11088;10791;1;247;232;3549;129;52;1734;856;77;878;68;67;6
547;4.77115e-15;91;1645;11136;10955;1;239;237;3549;116;38;1827;901;78;926;68;67;6
547;4.69747e-15;79;1735;11159;10839;1;233;233;3549;116;48;1871;839;68;1032;68;67;6
548;4.80616e-15;98;1750;11168;11014;1;244;244;3550;134;32;1764;796;102;968;69;67;6
548;4.72966e-15;70;1747;11205;10893;1;229;237;3550;111;49;1752;827;62;925;69;67;6
549;4.84522e-15;86;1806;11193;11051;1;258;278;3550;146;41;1743;891;105;852;68;68;6
549;4.76522e-15;81;1754;11237;10964;1;231;270;3550;114;37;1784;852;77;932;68;68;6
550;4.86977e-15;109;1707;11232;11123;1;264;247;3550;135;29;1797;905;106;892;68;66;6
550;4.81211e-15;94;1724;11273;11037;1;239;243;3550;124;44;1742;937;80;805;68;66;6
551;4.91767e-15;76;1654;11270;11170;1;272;246;3550;125;41;1767;868;84;899;68;66;6
551;4.86048e-15;75;1733;11317;11085;1;243;243;3550;109;40;1783;851;69;932;68;66;6
552;4.94902e-15;70;1729;11305;11213;1;278;268;3551;130;32;1776;819;98;957;67;66;6
552;4.89237e-15;73;1746;11355;11132;1;247;257;3551;136;37;1772;796;99;976;67;66;6
553;4.97776e-15;82;1741;11349;11269;1;277;288;3551;141;30;1779;888;111;891;67;66;6
553;4.92367e-15;82;1762;11409;11194;1;239;284;3551;128;48;1787;873;80;914;67;66;6
554;5.01528e-15;97;1709;11417;11331;1;263;255;3551;157;41;1787;924;116;863;67;65;6
554;4.96506e-15;96;1721;11430;11259;1;256;250;3551;144;37;1772;871;107;901;67;65;6
555;5.05692e-15;101;1726;11467;11390;1;264;269;3551;120;50;1783;860;70;923;67;65;6
555;5.00857e-15;81;1721;11475;11305;1;258;262;3551;103;51;1828;862;52;966;67;65;6
556;5.09665e-15;75;1745;11525;11448;1;261;260;3552;124;50;1762;851;74;911;67;65;6
556;5.03944e-15;69;1737;11500;11365;1;268;255;3552;143;37;1814;823;106;991;67;65;6
557;5.13581e-15;80;1708;11562;11500;1;265;281;3552;122;42;1700;875;80;825;67;64;6
557;5.0798e-15;93;1704;11554;11422;1;261;271;3552;134;35;1785;844;99;941;67;64;6
558;5.17101e-15;96;1765;11596;11554;1;274;281;3552;162;45;1812;896;117;916;66;64;6
558;5.11825e-15;92;1693;11614;11483;1;255;272;3552;126;44;1789;850;82;939;66;64;6
559;5.20765e-15;86;1800;11629;11621;1;283;300;3553;152;47;1757;903;105;854;66;65;6
559;5.1595e-15;78;1728;11663;11538;1;259;295;3553;141;40;1755;871;101;884;66;65;6
560;5.25322e-15;81;1759;11711;11680;1;260;214;3553;138;51;1786;876;87;910;66;63;6
560;5.19678e-15;112;1722;11714;11586;1;253;209;3553;144;48;1722;810;96;912;66;63;6
561;5.29346e-15;65;1711;11744;11730;1;263;2.14749e+08;-2.14748e+09;99;41;1744;918;58;826;66;63;6
561;5.2294e-15;85;1674;11730;11651;1;276;2.14749e+08;-2.14748e+09;101;33;1826;885;68;941;66;63;6
562;5.32765e-15;65;1711;11744;11730;1;263;3.13773e+08;-2.06399e+09;0;0;-1;0;0;-1;65;63;6
562;5.27367e-15;85;1673;11730;11651;1;276;3.13773e+08;-2.06399e+09;0;0;-1;0;0;-1;65;63;6
563;5.32765e-15;65;1711;11744;11730;1;263;6.19576e+08;-1.98428e+09;0;0;-1;0;0;-1;65;63;6
563;5.27367e-15;85;1672;11730;11651;1;276;6.19576e+08;-1.98428e+09;0;0;-1;0;0;-1;65;63;6
564;5.32765e-15;65;1710;11744;11730;1;263;7.03019e+08;-1.90817e+09;0;0;-1;0;0;-1;416;414;6
564;5.27367e-15;85;1671;11730;11651;1;276;7.03019e+08;-1.90817e+09;0;0;-1;0;0;-1;416;414;6
565;5.32765e-15;66;1708;11744;11730;1;263;7.79193e+08;-1.83548e+09;0;0;-1;0;0;-1;1764;1761;6
565;5.27367e-15;85;1669;11730;11651;1;276;7.79193e+08;-1.83548e+09;1;0;-1;0;1;-1;1764;1761;6
566;5.32765e-15;66;1705;11744;11730;1;263;9.55798e+08;-1.76604e+09;0;0;-1;0;0;-1;5004;5001;6
566;5.27367e-15;85;1669;11730;11651;1;276;9.55798e+08;-1.76604e+09;0;0;-1;0;0;-1;5004;5001;6
567;5.32765e-15;66;1704;11744;11730;1;263;1.34052e+09;-1.69969e+09;0;0;-1;0;0;-1;11232;11230;6
567;5.27367e-15;85;1669;11730;11651;1;276;1.34052e+09;-1.69969e+09;0;0;-1;0;0;-1;11232;11230;6
568;5.32765e-15;69;1702;11744;11730;1;263;1.28939e+09;-1.63627e+09;2;0;-1;0;2;-1;21712;21710;6
568;5.27367e-15;86;1665;11730;11651;1;276;1.28939e+09;-1.63627e+09;6;0;-1;0;6;-1;21712;21710;6
569;5.32765e-15;69;1702;11744;11730;1;263;1.66171e+09;-1.57565e+09;0;0;-1;0;0;-1;37837;37834;6
569;5.27367e-15;86;1665;11730;11651;1;276;1.66171e+09;-1.57565e+09;0;0;-1;0;0;-1;37837;37834;6
570;5.32765e-15;69;1702;11744;11730;1;263;1.7061e+09;-1.51768e+09;0;0;-1;0;0;-1;61099;61096;6
570;5.27367e-15;89;1663;11730;11651;1;276;1.7061e+09;-1.51768e+09;0;0;-1;0;0;-1;61099;61096;6
571;5.32765e-15;69;1702;11744;11730;1;263;1.9597e+09;-1.46224e+09;0;0;-1;0;0;-1;93064;93061;6
571;5.27367e-15;89;1663;11730;11651;1;276;1.9597e+09;-1.46224e+09;0;0;-1;0;0;-1;93064;93061;6
572;5.32765e-15;69;1702;11744;11730;1;263;1.99325e+09;-1.40921e+09;0;0;-1;0;0;-1;135348;135345;6
572;5.27367e-15;90;1662;11730;11651;1;276;1.99325e+09;-1.40921e+09;0;0;-1;0;0;-1;135348;135345;6
573;5.32765e-15;69;1702;11744;11730;1;263;2.02172e+09;-1.35846e+09;0;0;-1;0;0;-1;189593;189590;6
573;5.27367e-15;94;1662;11730;11651;1;276;2.02172e+09;-1.35846e+09;4;0;-1;0;4;-1;189593;189590;6
574;5.32765e-15;70;1702;11744;11730;1;263;-2.14748e+09;-1.30989e+09;1;0;-1;0;1;-1;257453;257450;6
574;5.27367e-15;99;1662;11730;11651;1;276;-2.14748e+09;-1.30989e+09;6;0;-1;0;6;-1;257453;257450;6
575;5.32765e-15;70;1702;11744;11730;1;263;-2.14748e+09;-1.2634e+09;-1;0;0;0;-1;0;340574;340572;6
575;5.27367e-15;99;1662;11730;11651;1;276;-2.14748e+09;-1.2634e+09;-1;0;0;0;-1;0;340574;340572;6
576;5.32765e-15;68;1702;11744;11730;1;263;-2.14748e+09;-1.21888e+09;0;0;-1;0;0;-1;440587;440584;6
576;5.27367e-15;99;1662;11730;11651;1;276;-2.14748e+09;-1.21888e+09;0;0;-1;0;0;-1;440587;440584;6
577;5.32765e-15;68;1702;11744;11730;1;263;-2.14748e+09;-1.17625e+09;-1;0;0;0;-1;0;559086;559083;6
577;5.27367e-15;99;1662;11730;11651;1;276;-2.14748e+09;-1.17625e+09;0;0;-1;0;0;-1;559086;559083;6
578;5.32765e-15;67;1702;11744;11730;1;263;-2.14748e+09;-1.13541e+09;-1;0;0;0;-1;0;697627;697624;6
578;5.27367e-15;98;1662;11730;11651;1;276;-2.14748e+09;-1.13541e+09;0;0;-1;0;0;-1;697627;697624;6
579;5.32765e-15;65;1702;11744;11730;1;263;-2.14748e+09;-1.09627e+09;-1;0;0;0;-1;0;857717;857715;6
579;5.27367e-15;98;1662;11730;11651;1;276;-2.14748e+09;-1.09627e+09;0;0;-1;0;0;-1;857717;857715;6
580;5.32765e-15;65;1702;11744;11730;1;263;-2.14748e+09;-1.05877e+09;-1;0;0;0;-1;0;1040806;1040803;6
580;5.27367e-15;98;1662;11730;11651;1;276;-2.14748e+09;-1.05877e+09;0;0;-1;0;0;-1;1040806;1040803;6
581;5.32765e-15;65;1702;11744;11730;1;263;-2.14748e+09;-1.02281e+09;0;0;-1;0;0;-1;1248279;1248276;6
581;5.27367e-15;97;1659;11730;11651;1;276;-2.14748e+09;-1.02281e+09;0;0;-1;0;0;-1;1248279;1248276;6
582;5.32765e-15;64;1702;11744;11730;1;263;-2.14748e+09;-9.88342e+08;-1;0;0;0;-1;0;1481457;1481455;6
582;5.27367e-15;97;1657;11730;11651;1;276;-2.14748e+09;-9.88342e+08;-1;0;0;0;-1;0;1481457;1481455;6
583;5.32765e-15;64;1702;11744;11730;1;263;-2.14748e+09;-9.5528e+08;-1;0;0;0;-1;0;1741590;1741587;6
583;5.27367e-15;95;1657;11730;11651;1;276;-2.14748e+09;-9.5528e+08;-1;0;0;0;-1;0;1741590;1741587;6
584;5.32765e-15;64;1702;11744;11730;1;263;-2.14748e+09;-9.23566e+08;-1;0;0;0;-1;0;2029853;2029850;6
584;5.27367e-15;94;1656;11730;11651;1;276;-2.14748e+09;-9.23566e+08;-1;0;0;0;-1;0;2029853;2029850;6
585;5.32765e-15;64;1701;11744;11730;1;263;-2.14748e+09;-8.93136e+08;-1;0;0;0;-1;0;2347347;2347344;6
585;5.27367e-15;93;1656;11730;11651;1;276;-2.14748e+09;-8.93136e+08;-1;0;0;0;-1;0;2347347;2347344;6
586;5.32765e-15;63;1701;11744;11730;1;263;-2.14748e+09;-8.63933e+08;-1;0;0;0;-1;0;2695095;2695092;6
586;5.27367e-15;92;1656;11730;11651;1;276;-2.14748e+09;-8.63933e+08;0;0;-1;0;0;-1;2695095;2695092;6
587;5.32765e-15;62;1701;11744;11730;1;263;-2.14748e+09;-8.359e+08;-1;0;0;0;-1;0;3074045;3074042;6
587;5.27367e-15;91;1656;11730;11651;1;276;-2.14748e+09;-8.359e+08;-1;0;0;0;-1;0;3074045;3074042;6
588;5.32765e-15;61;1701;11744;11730;1;263;-2.14748e+09;-8.08984e+08;-1;0;0;0;-1;0;3485064;3485062;6
588;5.27367e-15;91;1656;11730;11651;1;276;-2.14748e+09;-8.08984e+08;0;0;-1;0;0;-1;3485064;3485062;6
589;5.32765e-15;61;1701;11744;11730;1;263;-2.14748e+09;-7.83135e+08;0;0;-1;0;0;-1;3928947;3928944;6
589;5.27367e-15;91;1656;11730;11651;1;276;-2.14748e+09;-7.83135e+08;-1;0;0;0;-1;0;3928947;3928944;6
590;5.32765e-15;61;1701;11744;11730;1;263;-2.14748e+09;-7.58305e+08;-1;0;0;0;-1;0;4406407;4406404;6
590;5.27367e-15;91;1656;11730;11651;1;276;-2.14748e+09;-7.58305e+08;-1;0;0;0;-1;0;4406407;4406404;6
591;5.32765e-15;61;1701;11744;11730;1;263;-2.14748e+09;-7.34449e+08;-1;0;0;0;-1;0;4918086;4918083;6
591;5.27367e-15;88;1656;11730;11651;1;276;-2.14748e+09;-7.34449e+08;-1;0;0;0;-1;0;4918086;4918083;6
592;5.32765e-15;61;1701;11744;11730;1;263;-2.14748e+09;-7.11523e+08;0;0;-1;0;0;-1;5464550;5464547;7
592;5.27367e-15;87;1656;11730;11651;1;276;-2.14748e+09;-7.11523e+08;0;0;-1;0;0;-1;5464550;5464547;7
593;5.32765e-15;60;1701;11744;11730;1;263;-2.14748e+09;-6.89486e+08;-1;0;0;0;-1;0;6046293;6046291;7
593;5.27367e-15;85;1656;11730;11651;1;276;-2.14748e+09;-6.89486e+08;-1;0;0;0;-1;0;6046293;6046291;7
594;5.32765e-15;60;1700;11744;11730;1;263;-2.14748e+09;-6.68298e+08;0;0;-1;0;0;-1;6663741;6663738;7
594;5.27367e-15;81;1655;11730;11651;1;276;-2.14748e+09;-6.68298e+08;0;0;-1;0;0;-1;6663741;6663738;7
595;5.32765e-15;60;1700;11744;11730;1;263;-2.14748e+09;-6.47923e+08;0;0;-1;0;0;-1;7317248;7317245;7
595;5.27367e-15;77;1654;11730;11651;1;276;-2.14748e+09;-6.47923e+08;-1;0;0;0;-1;0;7317248;7317245;7
596;5.32765e-15;60;1700;11744;11730;1;263;-2.14748e+09;-6.28325e+08;0;0;-1;0;0;-1;8007105;8007102;7
596;5.27367e-15;77;1654;11730;11651;1;276;-2.14748e+09;-6.28325e+08;-1;0;0;0;-1;0;8007105;8007102;7
597;5.32765e-15;59;1700;11744;11730;1;263;-2.14748e+09;-6.0947e+08;-1;0;0;0;-1;0;8733537;8733534;7
597;5.27367e-15;75;1652;11730;11651;1;276;-2.14748e+09;-6.0947e+08;-1;0;0;0;-1;0;8733537;8733534;7
598;5.32765e-15;58;1700;11744;11730;1;263;-2.14748e+09;-5.91326e+08;-1;0;0;0;-1;0;9496710;9496707;8
598;5.27367e-15;75;1652;11730;11651;1;276;-2.14748e+09;-5.91326e+08;-1;0;0;0;-1;0;9496710;9496707;8
599;5.32765e-15;58;1700;11744;11730;1;263;-2.14748e+09;-5.73862e+08;-1;0;0;0;-1;0;10296729;10296727;8
599;5.27367e-15;75;1652;11730;11651;1;276;-2.14748e+09;-5.73862e+08;-1;0;0;0;-1;0;10296729;10296727;8
600;5.32765e-15;58;1700;11744;11730;1;263;-2.14748e+09;-5.57049e+08;-1;0;0;0;-1;0;11133645;11133642;9
600;5.27367e-15;75;1652;11730;11651;1;276;-2.14748e+09;-5.57049e+08;-1;0;0;0;-1;0;11133645;11133642;9
601;5.32765e-15;55;1700;11744;11730;1;263;-2.14748e+09;-5.40859e+08;-1;0;0;0;-1;0;12007452;12007450;9
601;5.27367e-15;75;1652;11730;11651;1;276;-2.14748e+09;-5.40859e+08;-1;0;0;0;-1;0;12007452;12007450;9
602;5.32765e-15;55;1699;11744;11730;1;263;-2.14748e+09;-5.25265e+08;-1;0;0;0;-1;0;12918097;12918094;10
602;5.27367e-15;70;1652;11730;11651;1;276;-2.14748e+09;-5.25265e+08;-1;0;0;0;-1;0;12918097;12918094;10
603;5.32765e-15;55;1699;11744;11730;1;263;-2.14748e+09;-5.10244e+08;-1;0;0;0;-1;0;13865473;13865471;11
603;5.27367e-15;70;1652;11730;11651;1;276;-2.14748e+09;-5.10244e+08;-1;0;0;0;-1;0;13865473;13865471;11
604;5.32765e-15;55;1698;11744;11730;1;263;-2.14748e+09;-4.95769e+08;-1;0;0;0;-1;0;14849432;14849430;12
604;5.27367e-15;69;1651;11730;11651;1;276;-2.14748e+09;-4.95769e+08;0;0;-1;0;0;-1;14849432;14849430;12
605;5.32765e-15;55;1698;11744;11730;1;263;-2.14748e+09;-4.81819e+08;-1;0;0;0;-1;0;15869779;15869777;13
605;5.27367e-15;69;1651;11730;11651;1;276;-2.14748e+09;-4.81819e+08;-1;0;0;0;-1;0;15869779;15869777;13
606;5.32765e-15;55;1698;11744;11730;1;263;-2.14748e+09;-4.68371e+08;-1;0;0;0;-1;0;16926279;16926277;15
606;5.27367e-15;69;1651;11730;11651;1;276;-2.14748e+09;-4.68371e+08;-1;0;0;0;-1;0;16926279;16926277;15
607;5.32765e-15;55;1697;11744;11730;1;263;-2.14748e+09;-4.55404e+08;-1;0;0;0;-1;0;18018659;18018657;17
607;5.27367e-15;69;1651;11730;11651;1;276;-2.14748e+09;-4.55404e+08;-1;0;0;0;-1;0;18018659;18018657;17
608;5.32765e-15;55;1697;11744;11730;1;263;-2.14748e+09;-4.429e+08;-1;0;0;0;-1;0;19146609;19146607;19
608;5.27367e-15;68;1650;11730;11651;1;276;-2.14748e+09;-4.429e+08;-1;0;0;0;-1;0;19146609;19146607;19
609;5.32765e-15;55;1696;11744;11730;1;263;-2.14748e+09;-4.30837e+08;0;0;-1;0;0;-1;20309783;20309781;22
609;5.27367e-15;68;1650;11730;11651;1;276;-2.14748e+09;-4.30837e+08;-1;0;0;0;-1;0;20309783;20309781;22
610;5.32765e-15;54;1694;11744;11730;1;263;-2.14748e+09;-4.192e+08;-1;0;0;0;-1;0;21507808;21507806;25
610;5.27367e-15;68;1650;11730;11651;1;276;-2.14748e+09;-4.192e+08;-1;0;0;0;-1;0;21507808;21507806;25
611;5.32765e-15;54;1693;11744;11730;1;263;-2.14748e+09;-4.07969e+08;-1;0;0;0;-1;0;22740277;22740275;29
611;5.27367e-15;66;1650;11730;11651;1;276;-2.14748e+09;-4.07969e+08;-1;0;0;0;-1;0;22740277;22740275;29
612;5.32765e-15;53;1693;11744;11730;1;263;-2.14748e+09;-3.97129e+08;-1;0;0;0;-1;0;24006757;24006756;33
612;5.27367e-15;66;1650;11730;11651;1;276;-2.14748e+09;-3.97129e+08;-1;0;0;0;-1;0;24006757;24006756;33
613;5.32765e-15;51;1693;11744;11730;1;263;-2.14748e+09;-3.86664e+08;-1;0;0;0;-1;0;25306792;25306791;39
613;5.27367e-15;66;1650;11730;11651;1;276;-2.14748e+09;-3.86664e+08;0;0;-1;0;0;-1;25306792;25306791;39
614;5.32765e-15;51;1693;11744;11730;1;263;-2.14748e+09;-3.76558e+08;-1;0;0;0;-1;0;26639899;26639898;45
614;5.27367e-15;65;1649;11730;11651;1;276;-2.14748e+09;-3.76558e+08;-1;0;0;0;-1;0;26639899;26639898;45
615;5.32765e-15;51;1693;11744;11730;1;263;-2.14748e+09;-3.66798e+08;-1;0;0;0;-1;0;28005576;28005576;52
615;5.27367e-15;65;1649;11730;11651;1;276;-2.14748e+09;-3.66798e+08;-1;0;0;0;-1;0;28005576;28005576;52
616;5.32765e-15;50;1693;11744;11730;1;263;-2.14748e+09;-3.57369e+08;-1;0;0;0;-1;0;29403302;29403302;60
616;5.27367e-15;65;1649;11730;11651;1;276;-2.14748e+09;-3.57369e+08;-1;0;0;0;-1;0;29403302;29403302;60
617;5.32765e-15;48;1693;11744;11730;1;263;-2.14748e+09;-3.48258e+08;-1;0;0;0;-1;0;30832536;30832537;69
617;5.27367e-15;64;1649;11730;11651;1;276;-2.14748e+09;-3.48258e+08;0;0;-1;0;0;-1;30832536;30832537;69
618;5.32765e-15;48;1693;11744;11730;1;263;-2.14748e+09;-3.39454e+08;-1;0;0;0;-1;0;32292724;32292725;79
618;5.27367e-15;64;1649;11730;11651;1;276;-2.14748e+09;-3.39454e+08;0;0;-1;0;0;-1;32292724;32292725;79
619;5.32765e-15;45;1693;11744;11730;1;263;-2.14748e+09;-3.30943e+08;-1;0;0;0;-1;0;33783295;33783296;91
619;5.27367e-15;63;1649;11730;11651;1;276;-2.14748e+09;-3.30943e+08;0;0;-1;0;0;-1;33783295;33783296;91
620;5.32765e-15;45;1693;11744;11730;1;263;-2.14748e+09;-3.22714e+08;-1;0;0;0;-1;0;35303667;35303669;105
620;5.27367e-15;63;1649;11730;11651;1;276;-2.14748e+09;-3.22714e+08;0;0;-1;0;0;-1;35303667;35303669;105
621;5.32765e-15;45;1693;11744;11730;1;263;-2.14748e+09;-3.14757e+08;-1;0;0;0;-1;0;36853245;36853247;121
621;5.27367e-15;62;1649;11730;11651;1;276;-2.14748e+09;-3.14757e+08;-1;0;0;0;-1;0;36853245;36853247;121
622;5.32765e-15;45;1693;11744;11730;1;263;-2.14748e+09;-3.07061e+08;-1;0;0;0;-1;0;38431426;38431429;138
622;5.27367e-15;61;1648;11730;11651;1;276;-2.14748e+09;-3.07061e+08;0;0;-1;0;0;-1;38431426;38431429;138
623;5.32765e-15;45;1693;11744;11730;1;263;-2.14748e+09;-2.99615e+08;-1;0;0;0;-1;0;40037598;40037603;158
623;5.27367e-15;61;1648;11730;11651;1;276;-2.14748e+09;-2.99615e+08;-1;0;0;0;-1;0;40037598;40037603;158
624;5.32765e-15;45;1693;11744;11730;1;263;-2.14748e+09;-2.92411e+08;-1;0;0;0;-1;0;41671142;41671148;180
624;5.27367e-15;60;1648;11730;11651;1;276;-2.14748e+09;-2.92411e+08;-1;0;0;0;-1;0;41671142;41671148;180
625;5.32765e-15;43;1692;11744;11730;1;263;-2.14748e+09;-2.85438e+08;-1;0;0;0;-1;0;43331432;43331439;205
625;5.27367e-15;59;1648;11730;11651;1;276;-2.14748e+09;-2.85438e+08;-1;0;0;0;-1;0;43331432;43331439;205
626;5.32765e-15;43;1692;11744;11730;1;263;-2.14748e+09;-2.78689e+08;0;0;-1;0;0;-1;45017839;45017848;233
626;5.27367e-15;53;1647;11730;11651;1;276;-2.14748e+09;-2.78689e+08;-1;0;0;0;-1;0;45017839;45017847;233
627;5.32765e-15;43;1692;11744;11730;1;263;-2.14748e+09;-2.72154e+08;-1;0;0;0;-1;0;46729729;46729739;264
627;5.27367e-15;53;1647;11730;11651;1;276;-2.14748e+09;-2.72154e+08;-1;0;0;0;-1;0;46729729;46729739;264
628;5.32765e-15;41;1692;11744;11730;1;263;-2.14748e+09;-2.65826e+08;-1;0;0;0;-1;0;48466466;48466476;299
628;5.27367e-15;52;1646;11730;11651;1;276;-2.14748e+09;-2.65826e+08;-1;0;0;0;-1;0;48466466;48466476;299
629;5.32765e-15;39;1692;11744;11730;1;263;-2.14748e+09;-2.59697e+08;-1;0;0;0;-1;0;50227410;50227423;338
629;5.27367e-15;51;1646;11730;11651;1;276;-2.14748e+09;-2.59697e+08;0;0;-1;0;0;-1;50227410;50227423;338
630;5.32765e-15;38;1692;11744;11730;1;263;-2.14748e+09;-2.53759e+08;-1;0;0;0;-1;0;52011925;52011939;381
630;5.27367e-15;51;1645;11730;11651;1;276;-2.14748e+09;-2.53759e+08;-1;0;0;0;-1;0;52011925;52011939;381
631;5.32765e-15;37;1692;11744;11730;1;263;-2.14748e+09;-2.48005e+08;-1;0;0;0;-1;0;53819371;53819388;429
631;5.27367e-15;50;1645;11730;11651;1;276;-2.14748e+09;-2.48005e+08;0;0;-1;0;0;-1;53819371;53819388;429
632;5.32765e-15;36;1692;11744;11730;1;263;-2.14748e+09;-2.42429e+08;-1;0;0;0;-1;0;55649111;55649130;481
632;5.27367e-15;48;1644;11730;11651;1;276;-2.14748e+09;-2.42429e+08;-1;0;0;0;-1;0;55649111;55649130;481
633;5.32765e-15;35;1692;11744;11730;1;263;-2.14748e+09;-2.37024e+08;-1;0;0;0;-1;0;57500510;57500531;539
633;5.27367e-15;45;1644;11730;11651;1;276;-2.14748e+09;-2.37024e+08;-1;0;0;0;-1;0;57500510;57500531;539
634;5.32765e-15;33;1692;11744;11730;1;263;-2.14748e+09;-2.31784e+08;0;0;-1;0;0;-1;59372932;59372957;603
634;5.27367e-15;45;1644;11730;11651;1;276;-2.14748e+09;-2.31784e+08;-1;0;0;0;-1;0;59372932;59372957;603
635;5.32765e-15;29;1692;11744;11730;1;263;-2.14748e+09;-2.26703e+08;-1;0;0;0;-1;0;61265750;61265777;674
635;5.27367e-15;42;1644;11730;11651;1;276;-2.14748e+09;-2.26703e+08;-1;0;0;0;-1;0;61265750;61265777;674
636;5.32765e-15;29;1692;11744;11730;1;263;-2.14748e+09;-2.21775e+08;-1;0;0;0;-1;0;63178335;63178365;751
636;5.27367e-15;40;1644;11730;11651;1;276;-2.14748e+09;-2.21775e+08;0;0;-1;0;0;-1;63178335;63178365;751
637;5.32765e-15;29;1692;11744;11730;1;263;-2.14748e+09;-2.16994e+08;-1;0;0;0;-1;0;65110065;65110100;835
637;5.27367e-15;38;1644;11730;11651;1;276;-2.14748e+09;-2.16994e+08;-1;0;0;0;-1;0;65110065;65110100;835
638;5.32765e-15;27;1692;11744;11730;1;263;-2.14748e+09;-2.12356e+08;-1;0;0;0;-1;0;67060324;67060363;927
638;5.27367e-15;38;1644;11730;11651;1;276;-2.14748e+09;-2.12356e+08;-1;0;0;0;-1;0;67060324;67060363;927
639;5.32765e-15;27;1692;11744;11730;1;263;-2.14748e+09;-2.07855e+08;-1;0;0;0;-1;0;69028499;69028543;1028
639;5.27367e-15;38;1644;11730;11651;1;276;-2.14748e+09;-2.07855e+08;-1;0;0;0;-1;0;69028499;69028543;1028
640;5.32765e-15;24;1691;11744;11730;1;263;-2.14748e+09;-2.03486e+08;-1;0;0;0;-1;0;71013983;71014033;1137
640;5.27367e-15;37;1644;11730;11651;1;276;-2.14748e+09;-2.03486e+08;-1;0;0;0;-1;0;71013983;71014033;1137
641;5.32765e-15;23;1690;11744;11730;1;263;-2.14748e+09;-1.99245e+08;-1;0;0;0;-1;0;73016177;73016233;1257
641;5.27367e-15;37;1644;11730;11651;1;276;-2.14748e+09;-1.99245e+08;-1;0;0;0;-1;0;73016177;73016233;1257
642;5.32765e-15;19;1690;11744;11730;1;263;-2.14748e+09;-1.95127e+08;-1;0;0;0;-1;0;75034487;75034549;1386
642;5.27367e-15;36;1644;11730;11651;1;276;-2.14748e+09;-1.95127e+08;-1;0;0;0;-1;0;75034487;75034549;1386
643;5.32765e-15;19;1690;11744;11730;1;263;-2.14748e+09;-1.91128e+08;-1;0;0;0;-1;0;77068327;77068396;1527
643;5.27367e-15;36;1644;11730;11651;1;276;-2.14748e+09;-1.91128e+08;-1;0;0;0;-1;0;77068327;77068396;1527
644;5.32765e-15;18;1690;11744;11730;1;263;-2.14748e+09;-1.87243e+08;-1;0;0;0;-1;0;79117118;79117193;1680
644;5.27367e-15;33;1644;11730;11651;1;276;-2.14748e+09;-1.87243e+08;-1;0;0;0;-1;0;79117118;79117193;1680
645;5.32765e-15;15;1690;11744;11730;1;263;-2.14748e+09;-1.83469e+08;-1;0;0;0;-1;0;81180287;81180369;1844
645;5.27367e-15;33;1644;11730;11651;1;276;-2.14748e+09;-1.83469e+08;-1;0;0;0;-1;0;81180287;81180369;1844
646;5.32765e-15;14;1690;11744;11730;1;263;-2.14748e+09;-1.79803e+08;-1;0;0;0;-1;0;83257270;83257361;2022
646;5.27367e-15;32;1644;11730;11651;1;276;-2.14748e+09;-1.79803e+08;-1;0;0;0;-1;0;83257270;83257361;2022
647;5.32765e-15;13;1690;11744;11730;1;263;-2.14748e+09;-1.76239e+08;-1;0;0;0;-1;0;85347512;85347612;2215
647;5.27367e-15;32;1644;11730;11651;1;276;-2.14748e+09;-1.76239e+08;-1;0;0;0;-1;0;85347512;85347612;2215
648;5.32765e-15;10;1689;11744;11730;1;263;-2.14748e+09;-1.72776e+08;-1;0;0;0;-1;0;87450466;87450575;2422
648;5.27367e-15;32;1644;11730;11651;1;276;-2.14748e+09;-1.72776e+08;-1;0;0;0;-1;0;87450466;87450575;2422
649;5.32765e-15;9;1689;11744;11730;1;263;-2.14748e+09;-1.69408e+08;0;0;-1;0;0;-1;89565591;89565711;2644
649;5.27367e-15;31;1644;11730;11651;1;276;-2.14748e+09;-1.69408e+08;-1;0;0;0;-1;0;89565591;89565711;2644
650;5.32765e-15;9;1689;11744;11730;1;263;-2.14748e+09;-1.66134e+08;0;0;-1;0;0;-1;91692358;91692490;2884
650;5.27367e-15;27;1643;11730;11651;1;276;-2.14748e+09;-1.66134e+08;-1;0;0;0;-1;0;91692358;91692490;2884
651;5.32765e-15;6;1688;11744;11730;1;263;-2.14748e+09;-1.6295e+08;-1;0;0;0;-1;0;93830245;93830389;3141
651;5.27367e-15;27;1643;11730;11651;1;276;-2.14748e+09;-1.6295e+08;-1;0;0;0;-1;0;93830245;93830389;3141
652;5.32765e-15;6;1688;11744;11730;1;263;-2.14748e+09;-1.59852e+08;-1;0;0;0;-1;0;95978738;95978895;3417
652;5.27367e-15;25;1643;11730;11651;1;276;-2.14748e+09;-1.59852e+08;-1;0;0;0;-1;0;95978738;95978895;3417
653;5.32765e-15;6;1688;11744;11730;1;263;-2.14748e+09;-1.56839e+08;-1;0;0;0;-1;0;98137335;98137505;3712
653;5.27367e-15;25;1643;11730;11651;1;276;-2.14748e+09;-1.56839e+08;-1;0;0;0;-1;0;98137335;98137505;3712
654;5.32765e-15;6;1688;11744;11730;1;263;-2.14748e+09;-1.53907e+08;-1;0;0;0;-1;0;100305538;100305725;4028
654;5.27367e-15;22;1643;11730;11651;1;276;-2.14748e+09;-1.53907e+08;-1;0;0;0;-1;0;100305538;100305725;4028
655;5.32765e-15;6;1688;11744;11730;1;263;-2.14748e+09;-1.51054e+08;-1;0;0;0;-1;0;102482865;102483067;4366
655;5.27367e-15;21;1643;11730;11651;1;276;-2.14748e+09;-1.51054e+08;-1;0;0;0;-1;0;102482865;102483067;4366
656;5.32765e-15;5;1688;11744;11730;1;263;-2.14748e+09;-1.48277e+08;-1;0;0;0;-1;0;104668836;104669055;4726
656;5.27367e-15;21;1642;11730;11651;1;276;-2.14748e+09;-1.48277e+08;0;0;-1;0;0;-1;104668836;104669055;4726
657;5.32765e-15;4;1688;11744;11730;1;263;-2.14748e+09;-1.45573e+08;-1;0;0;0;-1;0;106862986;106863224;5111
657;5.27367e-15;21;1642;11730;11651;1;276;-2.14748e+09;-1.45573e+08;-1;0;0;0;-1;0;106862986;106863224;5111
658;5.32765e-15;3;1687;11744;11730;1;263;-2.14748e+09;-1.42941e+08;-1;0;0;0;-1;0;109064855;109065113;5521
658;5.27367e-15;21;1642;11730;11651;1;276;-2.14748e+09;-1.42941e+08;-1;0;0;0;-1;0;109064855;109065113;5521
659;5.32765e-15;3;1687;11744;11730;1;263;-2.14748e+09;-1.40378e+08;0;0;-1;0;0;-1;111273995;111274274;5957
659;5.27367e-15;19;1641;11730;11651;1;276;-2.14748e+09;-1.40378e+08;-1;0;0;0;-1;0;111273995;111274274;5957
660;5.32765e-15;3;1687;11744;11730;1;263;-2.14748e+09;-1.37881e+08;-1;0;0;0;-1;0;113489966;113490268;6421
660;5.27367e-15;15;1641;11730;11651;1;276;-2.14748e+09;-1.37881e+08;0;0;-1;0;0;-1;113489966;113490268;6421
661;5.32765e-15;3;1687;11744;11730;1;263;-2.14748e+09;-1.35448e+08;-1;0;0;0;-1;0;115712338;115712663;6914
661;5.27367e-15;15;1641;11730;11651;1;276;-2.14748e+09;-1.35448e+08;-1;0;0;0;-1;0;115712338;115712663;6914
662;5.32765e-15;3;1687;11744;11730;1;263;-2.14748e+09;-1.33079e+08;-1;0;0;0;-1;0;117940689;117941040;7438
662;5.27367e-15;13;1641;11730;11651;1;276;-2.14748e+09;-1.33079e+08;-1;0;0;0;-1;0;117940689;117941040;7438
663;5.32765e-15;3;1687;11744;11730;1;263;-2.14748e+09;-1.30769e+08;-1;0;0;0;-1;0;120174606;120174985;7993
663;5.27367e-15;11;1641;11730;11651;1;276;-2.14748e+09;-1.30769e+08;-1;0;0;0;-1;0;120174606;120174985;7993
664;5.32765e-15;2;1686;11744;11730;1;263;-2.14748e+09;-1.28518e+08;-1;0;0;0;-1;0;122413688;122414095;8581
664;5.27367e-15;11;1641;11730;11651;1;276;-2.14748e+09;-1.28518e+08;-1;0;0;0;-1;0;122413688;122414095;8581
665;5.32765e-15;1;1686;11744;11730;1;263;-2.14748e+09;-1.26325e+08;-1;0;0;0;-1;0;124657539;124657977;9204
665;5.27367e-15;9;1641;11730;11651;1;276;-2.14748e+09;-1.26325e+08;-1;0;0;0;-1;0;124657539;124657977;9204
666;5.32765e-15;0;1686;11744;11730;1;263;-2.14748e+09;-1.24186e+08;-1;0;0;0;-1;0;126905775;126906246;9862
666;5.27367e-15;6;1641;11730;11651;1;276;-2.14748e+09;-1.24186e+08;-1;0;0;0;-1;0;126905775;126906246;9862
667;5.32765e-15;-1;1686;11744;11730;1;263;-2.14748e+09;-1.221e+08;0;0;0;0;0;0;129158017;129158524;10559
667;5.27367e-15;5;1641;11730;11651;1;276;-2.14748e+09;-1.221e+08;-1;0;0;0;-1;0;129158017;129158524;10559
668;5.32765e-15;-1;1686;11744;11730;1;263;-2.14748e+09;-1.20066e+08;-1;0;0;0;-1;0;131413903;131414446;11294
668;5.27367e-15;5;1641;11730;11651;1;276;-2.14748e+09;-1.20066e+08;-1;0;0;0;-1;0;131413903;131414446;11294
669;5.32765e-15;-1;1686;11744;11730;1;263;-2.14748e+09;-1.18082e+08;-1;0;0;0;-1;0;133673070;133673651;12070
669;5.27367e-15;2;1641;11730;11651;1;276;-2.14748e+09;-1.18082e+08;-1;0;0;0;-1;0;133673070;133673651;12070
670;5.32765e-15;-1;1686;11744;11730;1;263;-2.14748e+09;-1.16147e+08;-1;0;0;0;-1;0;135935168;135935791;12889
670;5.27367e-15;1;1640;11730;11651;1;276;-2.14748e+09;-1.16147e+08;-1;0;0;0;-1;0;135935168;135935791;12889
671;5.32765e-15;-1;1686;11744;11730;1;263;-2.14748e+09;-1.14258e+08;-1;0;0;0;-1;0;138199859;138200525;13751
671;5.27367e-15;1;1640;11730;11651;1;276;-2.14748e+09;-1.14258e+08;-1;0;0;0;-1;0;138199859;138200525;13751
672;5.32765e-15;-1;1686;11744;11730;1;263;-2.14748e+09;-1.12415e+08;-1;0;0;0;-1;0;140466807;140467519;14659
672;5.27367e-15;0;1640;11730;11651;1;276;-2.14748e+09;-1.12415e+08;0;0;-1;0;0;-1;140466807;140467519;14659
673;5.32765e-15;-1;1686;11744;11730;1;263;-2.14748e+09;-1.10617e+08;-1;0;0;0;-1;0;142735689;142736449;15614
673;5.27367e-15;-1;1640;11730;11651;1;276;-2.14748e+09;-1.10617e+08;0;0;0;0;0;0;142735689;142736449;15614
674;5.32765e-15;-1;1686;11744;11730;1;263;-2.14748e+09;-1.08861e+08;-1;0;0;0;-1;0;145006187;145006998;16619
674;5.27367e-15;-1;1640;11730;11651;1;276;-2.14748e+09;-1.08861e+08;-1;0;0;0;-1;0;145006187;145006998;16619
675;5.32765e-15;-2;1686;11744;11730;1;263;-2.14748e+09;-1.07148e+08;0;0;0;0;0;0;147277994;147278859;17674
675;5.27367e-15;-2;1640;11730;11651;1;276;-2.14748e+09;-1.07148e+08;0;0;0;0;0;0;147277994;147278859;17674
676;5.32765e-15;-3;1686;11744;11730;1;263;-2.14748e+09;-1.05474e+08;0;0;0;0;0;0;149550810;149551731;18782
676;5.27367e-15;-3;1640;11730;11651;1;276;-2.14748e+09;-1.05474e+08;0;0;0;0;0;0;149550810;149551731;18782
677;5.32765e-15;-4;1686;11744;11730;1;263;-2.14748e+09;-1.0384e+08;0;0;0;0;0;0;151824342;151825322;19944
677;5.27367e-15;-4;1640;11730;11651;1;276;-2.14748e+09;-1.0384e+08;0;0;0;0;0;0;151824342;151825322;19944
678;5.32765e-15;-4;1686;11744;11730;1;263;-2.14748e+09;-1.02244e+08;-1;0;0;0;-1;0;154098305;154099348;21163
678;5.27367e-15;-4;1640;11730;11651;1;276;-2.14748e+09;-1.02244e+08;-1;0;0;0;-1;0;154098305;154099348;21163
679;5.32765e-15;-4;1686;11744;11730;1;263;-2.14748e+09;-1.00684e+08;-1;0;0;0;-1;0;156372424;156373533;22441
679;5.27367e-15;-5;1640;11730;11651;1;276;-2.14748e+09;-1.00684e+08;0;0;0;0;0;0;156372424;156373533;22441
680;5.32765e-15;-5;1686;11744;11730;1;263;-2.14748e+09;-9.91611e+07;0;0;0;0;0;0;158646429;158647607;23779
680;5.27367e-15;-6;1640;11730;11651;1;276;-2.14748e+09;-9.91611e+07;0;0;0;0;0;0;158646429;158647607;23779
681;5.32765e-15;-6;1686;11744;11730;1;263;-2.14748e+09;-9.76725e+07;0;0;0;0;0;0;160920057;160921308;25179
681;5.27367e-15;-7;1640;11730;11651;1;276;-2.14748e+09;-9.76725e+07;0;0;0;0;0;0;160920057;160921308;25179
682;5.32765e-15;-6;1686;11744;11730;1;263;-2.14748e+09;-9.62178e+07;-1;0;0;0;-1;0;163193056;163194382;26643
682;5.27367e-15;-8;1640;11730;11651;1;276;-2.14748e+09;-9.62178e+07;0;0;0;0;0;0;163193056;163194382;26643
683;5.32765e-15;-6;1686;11744;11730;1;263;-2.14748e+09;-9.4796e+07;-1;0;0;0;-1;0;165465176;165466582;28174
683;5.27367e-15;-8;1640;11730;11651;1;276;-2.14748e+09;-9.4796e+07;-1;0;0;0;-1;0;165465176;165466582;28174
684;5.32765e-15;-7;1686;11744;11730;1;263;-2.14748e+09;-9.34062e+07;0;0;0;0;0;0;167736178;167737668;29773
684;5.27367e-15;-9;1640;11730;11651;1;276;-2.14748e+09;-9.34062e+07;0;0;0;0;0;0;167736178;167737668;29773
685;5.32765e-15;-8;1686;11744;11730;1;263;-2.14748e+09;-9.20473e+07;0;0;0;0;0;0;170005829;170007406;31443
685;5.27367e-15;-9;1640;11730;11651;1;276;-2.14748e+09;-9.20473e+07;-1;0;0;0;-1;0;170005829;170007406;31443
686;5.32765e-15;-8;1686;11744;11730;1;263;-2.14748e+09;-9.07186e+07;-1;0;0;0;-1;0;172273901;172275571;33185
686;5.27367e-15;-9;1640;11730;11651;1;276;-2.14748e+09;-9.07186e+07;-1;0;0;0;-1;0;172273901;172275571;33185
687;5.32765e-15;-9;1686;11744;11730;1;263;-2.14748e+09;-8.94192e+07;0;0;0;0;0;0;174540177;174541941;35002
687;5.27367e-15;-10;1640;11730;11651;1;276;-2.14748e+09;-8.94192e+07;0;0;0;0;0;0;174540177;174541941;35002
688;5.32765e-15;-9;1686;11744;11730;1;263;-2.14748e+09;-8.81484e+07;-1;0;0;0;-1;0;176804441;176806306;36896
688;5.27367e-15;-10;1640;11730;11651;1;276;-2.14748e+09;-8.81484e+07;-1;0;0;0;-1;0;176804441;176806306;36896
689;5.32765e-15;-9;1686;11744;11730;1;263;-2.14748e+09;-8.69051e+07;-1;0;0;0;-1;0;179066487;179068456;38870
689;5.27367e-15;-10;1640;11730;11651;1;276;-2.14748e+09;-8.69051e+07;-1;0;0;0;-1;0;179066487;179068456;38870
690;5.32765e-15;-10;1686;11744;11730;1;263;-2.14748e+09;-8.56888e+07;0;0;0;0;0;0;181326114;181328193;40924
690;5.27367e-15;-10;1640;11730;11651;1;276;-2.14748e+09;-8.56888e+07;-1;0;0;0;-1;0;181326114;181328193;40924
691;5.32765e-15;-11;1686;11744;11730;1;263;-2.14748e+09;-8.44987e+07;0;0;0;0;0;0;183583128;183585322;43063
691;5.27367e-15;-11;1640;11730;11651;1;276;-2.14748e+09;-8.44987e+07;0;0;0;0;0;0;183583128;183585322;43063
692;5.32765e-15;-12;1686;11744;11730;1;263;-2.14748e+09;-8.33341e+07;0;0;0;0;0;0;185837342;185839654;45287
692;5.27367e-15;-11;1640;11730;11651;1;276;-2.14748e+09;-8.33341e+07;-1;0;0;0;-1;0;185837342;185839654;45287
693;5.32765e-15;-13;1686;11744;11730;1;263;-2.14748e+09;-8.21942e+07;0;0;0;0;0;0;188088571;188091007;47600
693;5.27367e-15;-11;1640;11730;11651;1;276;-2.14748e+09;-8.21942e+07;-1;0;0;0;-1;0;188088571;188091007;47600
694;5.32765e-15;-14;1686;11744;11730;1;263;-2.14748e+09;-8.10785e+07;0;0;0;0;0;0;190336640;190339206;50003
694;5.27367e-15;-11;1640;11730;11651;1;276;-2.14748e+09;-8.10785e+07;-1;0;0;0;-1;0;190336640;190339206;50003
695;5.32765e-15;-15;1686;11744;11730;1;263;-2.14748e+09;-7.99862e+07;0;0;0;0;0;0;192581378;192584079;52499
695;5.27367e-15;-11;1640;11730;11651;1;276;-2.14748e+09;-7.99862e+07;-1;0;0;0;-1;0;192581378;192584079;52499
696;5.32765e-15;-16;1686;11744;11730;1;263;-2.14748e+09;-7.89167e+07;0;0;0;0;0;0;194822618;194825460;55091
696;5.27367e-15;-12;1640;11730;11651;1;276;-2.14748e+09;-7.89167e+07;0;0;0;0;0;0;194822618;194825460;55091
697;5.32765e-15;-17;1686;11744;11730;1;263;-2.14748e+09;-7.78694e+07;0;0;0;0;0;0;197060202;197063191;57780
697;5.27367e-15;-13;1640;11730;11651;1;276;-2.14748e+09;-7.78694e+07;0;0;0;0;0;0;197060202;197063191;57780
698;5.32765e-15;-18;1686;11744;11730;1;263;-2.14748e+09;-7.68437e+07;0;0;0;0;0;0;199293975;199297115;60569
698;5.27367e-15;-13;1640;11730;11651;1;276;-2.14748e+09;-7.68437e+07;-1;0;0;0;-1;0;199293975;199297115;60569
699;5.32765e-15;-19;1686;11744;11730;1;263;-2.14748e+09;-7.58391e+07;0;0;0;0;0;0;201523786;201527085;63461
699;5.27367e-15;-13;1640;11730;11651;1;276;-2.14748e+09;-7.58391e+07;-1;0;0;0;-1;0;201523786;201527085;63461
700;5.32765e-15;-20;1686;11744;11730;1;263;-2.14748e+09;-7.48551e+07;0;0;0;0;0;0;203749493;203752956;66458
700;5.27367e-15;-13;1640;11730;11651;1;276;-2.14748e+09;-7.48551e+07;-1;0;0;0;-1;0;203749493;203752956;66458
701;5.32765e-15;-20;1686;11744;11730;1;263;-2.14748e+09;-7.38909e+07;-1;0;0;0;-1;0;205970953;205974588;69562
701;5.27367e-15;-14;1640;11730;11651;1;276;-2.14748e+09;-7.38909e+07;0;0;0;0;0;0;205970953;205974588;69562
702;5.32765e-15;-20;1686;11744;11730;1;263;-2.14748e+09;-7.2946e+07;-1;0;0;0;-1;0;208188036;208191848;72776
702;5.27367e-15;-14;1640;11730;11651;1;276;-2.14748e+09;-7.2946e+07;-1;0;0;0;-1;0;208188036;208191848;72776
703;5.32765e-15;-20;1686;11744;11730;1;263;-2.14748e+09;-7.20202e+07;-1;0;0;0;-1;0;210400609;210404606;76103
703;5.27367e-15;-14;1640;11730;11651;1;276;-2.14748e+09;-7.20202e+07;-1;0;0;0;-1;0;210400609;210404606;76103
704;5.32765e-15;-21;1686;11744;11730;1;263;-2.14748e+09;-7.11128e+07;0;0;0;0;0;0;212608547;212612736;79544
704;5.27367e-15;-14;1640;11730;11651;1;276;-2.14748e+09;-7.11128e+07;-1;0;0;0;-1;0;212608547;212612736;79544
705;5.32765e-15;-22;1686;11744;11730;1;263;-2.14748e+09;-7.02234e+07;0;0;0;0;0;0;214811731;214816119;83103
705;5.27367e-15;-14;1640;11730;11651;1;276;-2.14748e+09;-7.02234e+07;-1;0;0;0;-1;0;214811731;214816119;83103
706;5.32765e-15;-23;1686;11744;11730;1;263;-2.14748e+09;-6.93515e+07;0;0;0;0;0;0;217010043;217014637;86781
706;5.27367e-15;-15;1640;11730;11651;1;276;-2.14748e+09;-6.93515e+07;0;0;0;0;0;0;217010043;217014637;86781
707;5.32765e-15;-23;1685;11744;11730;1;263;-2.14748e+09;-6.84966e+07;0;0;0;0;0;0;219203372;219208180;90583
707;5.27367e-15;-16;1640;11730;11651;1;276;-2.14748e+09;-6.84966e+07;0;0;0;0;0;0;219203372;219208180;90583
708;5.32765e-15;-23;1685;11744;11730;1;263;-2.14748e+09;-6.76584e+07;-1;0;0;0;-1;0;221391609;221396640;94509
708;5.27367e-15;-16;1640;11730;11651;1;276;-2.14748e+09;-6.76584e+07;-1;0;0;0;-1;0;221391609;221396640;94509
709;5.32765e-15;-23;1685;11744;11730;1;263;-2.14748e+09;-6.68363e+07;-1;0;0;0;-1;0;223574652;223579912;98563
709;5.27367e-15;-17;1640;11730;11651;1;276;-2.14748e+09;-6.68363e+07;0;0;0;0;0;0;223574652;223579912;98563
710;5.32765e-15;-24;1685;11744;11730;1;263;-2.14748e+09;-6.60302e+07;0;0;0;0;0;0;225752401;225757899;102747
710;5.27367e-15;-17;1640;11730;11651;1;276;-2.14748e+09;-6.60302e+07;-1;0;0;0;-1;0;225752401;225757899;102747
711;5.32765e-15;-24;1685;11744;11730;1;263;-2.14748e+09;-6.52393e+07;-1;0;0;0;-1;0;227924759;227930504;107063
711;5.27367e-15;-18;1640;11730;11651;1;276;-2.14748e+09;-6.52393e+07;0;0;0;0;0;0;227924759;227930504;107063
712;5.32765e-15;-25;1685;11744;11730;1;263;-2.14748e+09;-6.44635e+07;0;0;0;0;0;0;230091635;230097635;111516
712;5.27367e-15;-19;1640;11730;11651;1;276;-2.14748e+09;-6.44635e+07;0;0;0;0;0;0;230091635;230097635;111516
713;5.32765e-15;-26;1685;11744;11730;1;263;-2.14748e+09;-6.37023e+07;0;0;0;0;0;0;232252940;232259205;116106
713;5.27367e-15;-20;1640;11730;11651;1;276;-2.14748e+09;-6.37023e+07;0;0;0;0;0;0;232252940;232259205;116106
714;5.32765e-15;-26;1685;11744;11730;1;263;-2.14748e+09;-6.29556e+07;-1;0;0;0;-1;0;234408591;234415128;120836
714;5.27367e-15;-21;1640;11730;11651;1;276;-2.14748e+09;-6.29556e+07;0;0;0;0;0;0;234408591;234415128;120836
715;5.32765e-15;-26;1685;11744;11730;1;263;-2.14748e+09;-6.22226e+07;-1;0;0;0;-1;0;236558502;236565325;125710
715;5.27367e-15;-21;1640;11730;11651;1;276;-2.14748e+09;-6.22226e+07;-1;0;0;0;-1;0;236558502;236565325;125710
716;5.32765e-15;-27;1685;11744;11730;1;263;-2.14748e+09;-6.15032e+07;0;0;0;0;0;0;238702602;238709717;130730
716;5.27367e-15;-21;1640;11730;11651;1;276;-2.14748e+09;-6.15032e+07;-1;0;0;0;-1;0;238702602;238709717;130730
717;5.32765e-15;-27;1685;11744;11730;1;263;-2.14748e+09;-6.07972e+07;-1;0;0;0;-1;0;240840814;240848231;135898
717;5.27367e-15;-21;1640;11730;11651;1;276;-2.14748e+09;-6.07972e+07;-1;0;0;0;-1;0;240840814;240848231;135898
718;5.32765e-15;-28;1685;11744;11730;1;263;-2.14748e+09;-6.01041e+07;0;0;0;0;0;0;242973066;242980795;141217
718;5.27367e-15;-21;1640;11730;11651;1;276;-2.14748e+09;-6.01041e+07;-1;0;0;0;-1;0;242973066;242980795;141217
719;5.32765e-15;-29;1685;11744;11730;1;263;-2.14748e+09;-5.94236e+07;0;0;0;0;0;0;245099291;245107340;146689
719;5.27367e-15;-21;1640;11730;11651;1;276;-2.14748e+09;-5.94236e+07;-1;0;0;0;-1;0;245099291;245107340;146689
720;5.32765e-15;-29;1685;11744;11730;1;263;-2.14748e+09;-5.87555e+07;-1;0;0;0;-1;0;247219423;247227805;152318
720;5.27367e-15;-21;1640;11730;11651;1;276;-2.14748e+09;-5.87555e+07;-1;0;0;0;-1;0;247219423;247227805;152318
721;5.32765e-15;-29;1685;11744;11730;1;263;-2.14748e+09;-5.80994e+07;-1;0;0;0;-1;0;249333401;249342125;158106
721;5.27367e-15;-21;1640;11730;11651;1;276;-2.14748e+09;-5.80994e+07;-1;0;0;0;-1;0;249333401;249342125;158106
722;5.32765e-15;-29;1685;11744;11730;1;263;-2.14748e+09;-5.74551e+07;-1;0;0;0;-1;0;251441166;251450244;164055
722;5.27367e-15;-22;1640;11730;11651;1;276;-2.14748e+09;-5.74551e+07;0;0;0;0;0;0;251441166;251450244;164055
723;5.32765e-15;-30;1685;11744;11730;1;263;-2.14748e+09;-5.68223e+07;0;0;0;0;0;0;253542662;253552105;170168
723;5.27367e-15;-22;1640;11730;11651;1;276;-2.14748e+09;-5.68223e+07;-1;0;0;0;-1;0;253542662;253552105;170168
724;5.32765e-15;-31;1685;11744;11730;1;263;-2.14748e+09;-5.62006e+07;0;0;0;0;0;0;255637835;255647654;176448
724;5.27367e-15;-22;1640;11730;11651;1;276;-2.14748e+09;-5.62006e+07;-1;0;0;0;-1;0;255637835;255647654;176448
725;5.32765e-15;-31;1685;11744;11730;1;263;-2.14748e+09;-5.559e+07;-1;0;0;0;-1;0;257726633;257736841;182897
725;5.27367e-15;-23;1640;11730;11651;1;276;-2.14748e+09;-5.559e+07;0;0;0;0;0;0;257726633;257736841;182897
726;5.32765e-15;-32;1685;11744;11730;1;263;-2.14748e+09;-5.499e+07;0;0;0;0;0;0;259809009;259819619;189519
726;5.27367e-15;-23;1640;11730;11651;1;276;-2.14748e+09;-5.499e+07;-1;0;0;0;-1;0;259809009;259819619;189519
727;5.32765e-15;-33;1685;11744;11730;1;263;-2.14748e+09;-5.44004e+07;0;0;0;0;0;0;261884921;261895941;196315
727;5.27367e-15;-23;1640;11730;11651;1;276;-2.14748e+09;-5.44004e+07;-1;0;0;0;-1;0;261884921;261895941;196315
728;5.32765e-15;-33;1685;11744;11730;1;263;-2.14748e+09;-5.38211e+07;0;0;-1;0;0;-1;263954323;263965766;203288
728;5.27367e-15;-24;1640;11730;11651;1;276;-2.14748e+09;-5.38211e+07;0;0;0;0;0;0;263954323;263965766;203288
729;5.32765e-15;-33;1684;11744;11730;1;263;-2.14748e+09;-5.32517e+07;0;0;0;0;0;0;266017174;266029052;210440
729;5.27367e-15;-25;1640;11730;11651;1;276;-2.14748e+09;-5.32517e+07;0;0;0;0;0;0;266017174;266029052;210440
730;5.32765e-15;-34;1684;11744;11730;1;263;-2.14748e+09;-5.26921e+07;0;0;0;0;0;0;268073436;268085764;217776
730;5.27367e-15;-26;1640;11730;11651;1;276;-2.14748e+09;-5.26921e+07;0;0;0;0;0;0;268073436;268085764;217776
731;5.32765e-15;-35;1684;11744;11730;1;263;-2.14748e+09;-5.2142e+07;0;0;0;0;0;0;270123074;270135864;225296
731;5.27367e-15;-26;1640;11730;11651;1;276;-2.14748e+09;-5.2142e+07;-1;0;0;0;-1;0;270123074;270135864;225296
732;5.32765e-15;-35;1684;11744;11730;1;263;-2.14748e+09;-5.16013e+07;-1;0;0;0;-1;0;272166054;272179319;233003
732;5.27367e-15;-27;1640;11730;11651;1;276;-2.14748e+09;-5.16013e+07;0;0;0;0;0;0;272166054;272179319;233003
733;5.32765e-15;-35;1684;11744;11730;1;263;-2.14748e+09;-5.10696e+07;-1;0;0;0;-1;0;274202342;274216097;240901
733;5.27367e-15;-28;1640;11730;11651;1;276;-2.14748e+09;-5.10696e+07;0;0;0;0;0;0;274202342;274216097;240901
734;5.32765e-15;-36;1684;11744;11730;1;263;-2.14748e+09;-5.05468e+07;0;0;0;0;0;0;276231911;276246169;248991
734;5.27367e-15;-29;1640;11730;11651;1;276;-2.14748e+09;-5.05468e+07;0;0;0;0;0;0;276231911;276246169;248991
735;5.32765e-15;-37;1684;11744;11730;1;263;-2.14748e+09;-5.00328e+07;0;0;0;0;0;0;278254734;278269508;257276
735;5.27367e-15;-29;1640;11730;11651;1;276;-2.14748e+09;-5.00328e+07;-1;0;0;0;-1;0;278254734;278269508;257276
736;5.32765e-15;-38;1684;11744;11730;1;263;-2.14748e+09;-4.95272e+07;0;0;0;0;0;0;280270783;280286088;265760
736;5.27367e-15;-29;1640;11730;11651;1;276;-2.14748e+09;-4.95272e+07;-1;0;0;0;-1;0;280270783;280286088;265760
737;5.32765e-15;-38;1684;11744;11730;1;263;-2.14748e+09;-4.90299e+07;-1;0;0;0;-1;0;282280034;282295885;274443
737;5.27367e-15;-29;1640;11730;11651;1;276;-2.14748e+09;-4.90299e+07;0;0;-1;0;0;-1;282280034;282295885;274443
738;5.32765e-15;-38;1684;11744;11730;1;263;-2.14748e+09;-4.85408e+07;-1;0;0;0;-1;0;284282468;284298878;283329
738;5.27367e-15;-29;1640;11730;11651;1;276;-2.14748e+09;-4.85408e+07;-1;0;0;0;-1;0;284282468;284298878;283329
739;5.32765e-15;-38;1684;11744;11730;1;263;-2.14748e+09;-4.80597e+07;-1;0;0;0;-1;0;286278063;286295049;292420
739;5.27367e-15;-30;1640;11730;11651;1;276;-2.14748e+09;-4.80597e+07;0;0;0;0;0;0;286278063;286295049;292420
740;5.32765e-15;-38;1684;11744;11730;1;263;-2.14748e+09;-4.75863e+07;-1;0;0;0;-1;0;288266801;288284379;301719
740;5.27367e-15;-31;1640;11730;11651;1;276;-2.14748e+09;-4.75863e+07;0;0;0;0;0;0;288266801;288284379;301719
741;5.32765e-15;-38;1684;11744;11730;1;263;-2.14748e+09;-4.71205e+07;-1;0;0;0;-1;0;290248665;290266850;311229
741;5.27367e-15;-31;1640;11730;11651;1;276;-2.14748e+09;-4.71205e+07;-1;0;0;0;-1;0;290248665;290266850;311229
742;5.32765e-15;-39;1684;11744;11730;1;263;-2.14748e+09;-4.66622e+07;0;0;0;0;0;0;292223641;292242449;320950
742;5.27367e-15;-32;1640;11730;11651;1;276;-2.14748e+09;-4.66622e+07;0;0;0;0;0;0;292223641;292242449;320950
743;5.32765e-15;-40;1684;11744;11730;1;263;-2.14748e+09;-4.62112e+07;0;0;0;0;0;0;294191713;294211162;330887
743;5.27367e-15;-32;1640;11730;11651;1;276;-2.14748e+09;-4.62112e+07;-1;0;0;0;-1;0;294191713;294211162;330887
744;5.32765e-15;-41;1684;11744;11730;1;263;-2.14748e+09;-4.57674e+07;0;0;0;0;0;0;296152872;296172978;341042
744;5.27367e-15;-33;1640;11730;11651;1;276;-2.14748e+09;-4.57674e+07;0;0;0;0;0;0;296152872;296172978;341042
745;5.32765e-15;-41;1684;11744;11730;1;263;-2.14748e+09;-4.53305e+07;-1;0;0;0;-1;0;298107108;298127886;351416
745;5.27367e-15;-34;1640;11730;11651;1;276;-2.14748e+09;-4.53305e+07;0;0;0;0;0;0;298107108;298127886;351416
746;5.32765e-15;-41;1684;11744;11730;1;263;-2.14748e+09;-4.49004e+07;-1;0;0;0;-1;0;300054405;300075878;362013
746;5.27367e-15;-35;1640;11730;11651;1;276;-2.14748e+09;-4.49004e+07;0;0;0;0;0;0;300054405;300075878;362013
747;5.32765e-15;-42;1684;11744;11730;1;263;-2.14748e+09;-4.44771e+07;0;0;0;0;0;0;301994764;302016944;372834
747;5.27367e-15;-35;1640;11730;11651;1;276;-2.14748e+09;-4.44771e+07;-1;0;0;0;-1;0;301994764;302016944;372834
748;5.32765e-15;-43;1684;11744;11730;1;263;-2.14748e+09;-4.40603e+07;0;0;0;0;0;0;303928179;303951082;383883
748;5.27367e-15;-35;1640;11730;11651;1;276;-2.14748e+09;-4.40603e+07;-1;0;0;0;-1;0;303928179;303951082;383883
749;5.32765e-15;-43;1684;11744;11730;1;263;-2.14748e+09;-4.36499e+07;-1;0;0;0;-1;0;305854640;305878286;395161
749;5.27367e-15;-35;1640;11730;11651;1;276;-2.14748e+09;-4.36499e+07;-1;0;0;0;-1;0;305854640;305878286;395161
750;5.32765e-15;-44;1684;11744;11730;1;263;-2.14748e+09;-4.32458e+07;0;0;0;0;0;0;307774146;307798553;406670
750;5.27367e-15;-36;1640;11730;11651;1;276;-2.14748e+09;-4.32458e+07;0;0;0;0;0;0;307774146;307798553;406670
751;5.32765e-15;-44;1684;11744;11730;1;263;-2.14748e+09;-4.28479e+07;-1;0;0;0;-1;0;309686695;309711880;418414
751;5.27367e-15;-37;1640;11730;11651;1;276;-2.14748e+09;-4.28479e+07;0;0;0;0;0;0;309686695;309711880;418414
752;5.32765e-15;-44;1684;11744;11730;1;263;-2.14748e+09;-4.2456e+07;-1;0;0;0;-1;0;311592283;311618267;430393
752;5.27367e-15;-37;1640;11730;11651;1;276;-2.14748e+09;-4.2456e+07;-1;0;0;0;-1;0;311592283;311618267;430393
753;5.32765e-15;-45;1684;11744;11730;1;263;-2.14748e+09;-4.207e+07;0;0;0;0;0;0;313490914;313517714;442612
753;5.27367e-15;-38;1640;11730;11651;1;276;-2.14748e+09;-4.207e+07;0;0;0;0;0;0;313490914;313517714;442612
754;5.32765e-15;-45;1684;11744;11730;1;263;-2.14748e+09;-4.16897e+07;-1;0;0;0;-1;0;315382586;315410217;455071
754;5.27367e-15;-39;1640;11730;11651;1;276;-2.14748e+09;-4.16897e+07;0;0;0;0;0;0;315382586;315410217;455071
755;5.32765e-15;-45;1684;11744;11730;1;263;-2.14748e+09;-4.13153e+07;-1;0;0;0;-1;0;317267302;317295789;467773
755;5.27367e-15;-39;1640;11730;11651;1;276;-2.14748e+09;-4.13153e+07;-1;0;0;0;-1;0;317267302;317295789;467773
756;5.32765e-15;-45;1684;11744;11730;1;263;-2.14748e+09;-4.09462e+07;-1;0;0;0;-1;0;319145063;319174428;480720
756;5.27367e-15;-39;1640;11730;11651;1;276;-2.14748e+09;-4.09462e+07;-1;0;0;0;-1;0;319145063;319174428;480720
757;5.32765e-15;-45;1684;11744;11730;1;263;-2.14748e+09;-4.05826e+07;-1;0;0;0;-1;0;321015877;321046137;493915
757;5.27367e-15;-40;1640;11730;11651;1;276;-2.14748e+09;-4.05826e+07;0;0;0;0;0;0;321015877;321046137;493915
758;5.32765e-15;-46;1684;11744;11730;1;263;-2.14748e+09;-4.02244e+07;0;0;0;0;0;0;322879747;322910924;507359
758;5.27367e-15;-41;1640;11730;11651;1;276;-2.14748e+09;-4.02244e+07;0;0;0;0;0;0;322879747;322910924;507359
759;5.32765e-15;-46;1684;11744;11730;1;263;-2.14748e+09;-3.98714e+07;-1;0;0;0;-1;0;324736679;324768794;521055
759;5.27367e-15;-41;1640;11730;11651;1;276;-2.14748e+09;-3.98714e+07;-1;0;0;0;-1;0;324736679;324768794;521055
760;5.32765e-15;-47;1684;11744;11730;1;263;-2.14748e+09;-3.95235e+07;0;0;0;0;0;0;326586680;326619755;535005
760;5.27367e-15;-42;1640;11730;11651;1;276;-2.14748e+09;-3.95235e+07;0;0;0;0;0;0;326586680;326619755;535005
761;5.32765e-15;-47;1684;11744;11730;1;263;-2.14748e+09;-3.91807e+07;-1;0;0;0;-1;0;328429759;328463815;549210
761;5.27367e-15;-43;1640;11730;11651;1;276;-2.14748e+09;-3.91807e+07;0;0;0;0;0;0;328429759;328463815;549210
762;5.32765e-15;-47;1684;11744;11730;1;263;-2.14748e+09;-3.88428e+07;-1;0;0;0;-1;0;330265925;330300982;563674
762;5.27367e-15;-44;1640;11730;11651;1;276;-2.14748e+09;-3.88428e+07;0;0;0;0;0;0;330265925;330300982;563674
763;5.32765e-15;-48;1684;11744;11730;1;263;-2.14748e+09;-3.85097e+07;0;0;0;0;0;0;332095186;332131267;578397
763;5.27367e-15;-44;1640;11730;11651;1;276;-2.14748e+09;-3.85097e+07;-1;0;0;0;-1;0;332095186;332131267;578397
764;5.32765e-15;-48;1684;11744;11730;1;263;-2.14748e+09;-3.81813e+07;-1;0;0;0;-1;0;333917553;333954678;593382
764;5.27367e-15;-45;1640;11730;11651;1;276;-2.14748e+09;-3.81813e+07;0;0;0;0;0;0;333917553;333954678;593382
765;5.32765e-15;-48;1684;11744;11730;1;263;-2.14748e+09;-3.78576e+07;-1;0;0;0;-1;0;335733037;335771231;608631
765;5.27367e-15;-45;1640;11730;11651;1;276;-2.14748e+09;-3.78576e+07;-1;0;0;0;-1;0;335733037;335771231;608631
766;5.32765e-15;-49;1684;11744;11730;1;263;-2.14748e+09;-3.75384e+07;0;0;0;0;0;0;337541650;337580934;624146
766;5.27367e-15;-45;1640;11730;11651;1;276;-2.14748e+09;-3.75384e+07;-1;0;0;0;-1;0;337541650;337580934;624146
767;5.32765e-15;-50;1684;11744;11730;1;263;-2.14748e+09;-3.72238e+07;0;0;0;0;0;0;339343403;339383802;639929
767;5.27367e-15;-46;1640;11730;11651;1;276;-2.14748e+09;-3.72238e+07;0;0;0;0;0;0;339343403;339383802;639929
768;5.32765e-15;-50;1684;11744;11730;1;263;-2.14748e+09;-3.69134e+07;-1;0;0;0;-1;0;341138311;341179849;655982
768;5.27367e-15;-47;1640;11730;11651;1;276;-2.14748e+09;-3.69134e+07;0;0;0;0;0;0;341138311;341179849;655982
769;5.32765e-15;-50;1684;11744;11730;1;263;-2.14748e+09;-3.66073e+07;-1;0;0;0;-1;0;342926388;342969087;672306
769;5.27367e-15;-48;1640;11730;11651;1;276;-2.14748e+09;-3.66073e+07;0;0;0;0;0;0;342926388;342969087;672306
770;5.32765e-15;-50;1684;11744;11730;1;263;-2.14748e+09;-3.63056e+07;-1;0;0;0;-1;0;344707647;344751533;688904
770;5.27367e-15;-48;1640;11730;11651;1;276;-2.14748e+09;-3.63056e+07;-1;0;0;0;-1;0;344707647;344751533;688904
771;5.32765e-15;-51;1684;11744;11730;1;263;-2.14748e+09;-3.60078e+07;0;0;0;0;0;0;346482103;346527201;705776
771;5.27367e-15;-48;1640;11730;11651;1;276;-2.14748e+09;-3.60078e+07;-1;0;0;0;-1;0;346482103;346527201;705776
772;5.32765e-15;-52;1684;11744;11730;1;263;-2.14748e+09;-3.57142e+07;0;0;0;0;0;0;348249773;348296107;722926
772;5.27367e-15;-49;1640;11730;11651;1;276;-2.14748e+09;-3.57142e+07;0;0;0;0;0;0;348249773;348296107;722926
773;5.32765e-15;-53;1684;11744;11730;1;263;-2.14748e+09;-3.54246e+07;0;0;0;0;0;0;350010673;350058267;740355
773;5.27367e-15;-50;1640;11730;11651;1;276;-2.14748e+09;-3.54246e+07;0;0;0;0;0;0;350010673;350058267;740355
774;5.32765e-15;-53;1684;11744;11730;1;263;-2.14748e+09;-3.51389e+07;-1;0;0;0;-1;0;351764818;351813699;758065
774;5.27367e-15;-51;1640;11730;11651;1;276;-2.14748e+09;-3.51389e+07;0;0;0;0;0;0;351764818;351813699;758065
775;5.32765e-15;-53;1684;11744;11730;1;263;-2.14748e+09;-3.4857e+07;-1;0;0;0;-1;0;353512228;353562420;776057
775;5.27367e-15;-52;1640;11730;11651;1;276;-2.14748e+09;-3.4857e+07;0;0;0;0;0;0;353512228;353562420;776057
776;5.32765e-15;-54;1684;11744;11730;1;263;-2.14748e+09;-3.45789e+07;0;0;0;0;0;0;355252919;355304449;794333
776;5.27367e-15;-53;1640;11730;11651;1;276;-2.14748e+09;-3.45789e+07;0;0;0;0;0;0;355252919;355304449;794333
777;5.32765e-15;-55;1684;11744;11730;1;263;-2.14748e+09;-3.43044e+07;0;0;0;0;0;0;356986909;357039801;812894
777;5.27367e-15;-53;1640;11730;11651;1;276;-2.14748e+09;-3.43044e+07;-1;0;0;0;-1;0;356986909;357039801;812894
778;5.32765e-15;-56;1684;11744;11730;1;263;-2.14748e+09;-3.40336e+07;0;0;0;0;0;0;358714217;358768499;831743
778;5.27367e-15;-53;1640;11730;11651;1;276;-2.14748e+09;-3.40336e+07;-1;0;0;0;-1;0;358714217;358768499;831743
779;5.32765e-15;-57;1684;11744;11730;1;263;-2.14748e+09;-3.37664e+07;0;0;0;0;0;0;360434863;360490563;850881
779;5.27367e-15;-54;1640;11730;11651;1;276;-2.14748e+09;-3.37664e+07;0;0;0;0;0;0;360434863;360490563;850881
780;5.32765e-15;-58;1684;11744;11730;1;263;-2.14748e+09;-3.35027e+07;0;0;0;0;0;0;362148866;362206011;870309
780;5.27367e-15;-54;1640;11730;11651;1;276;-2.14748e+09;-3.35027e+07;-1;0;0;0;-1;0;362148866;362206011;870309
781;5.32765e-15;-59;1684;11744;11730;1;263;-2.14748e+09;-3.32423e+07;0;0;0;0;0;0;363856245;363914861;890030
781;5.27367e-15;-55;1640;11730;11651;1;276;-2.14748e+09;-3.32423e+07;0;0;0;0;0;0;363856245;363914861;890030
782;5.32765e-15;-60;1684;11744;11730;1;263;-2.14748e+09;-3.29854e+07;0;0;0;0;0;0;365557022;365617139;910044
782;5.27367e-15;-55;1640;11730;11651;1;276;-2.14748e+09;-3.29854e+07;-1;0;0;0;-1;0;365557022;365617139;910044
783;5.32765e-15;-61;1684;11744;11730;1;263;-2.14748e+09;-3.27318e+07;0;0;0;0;0;0;367251217;367312864;930353
783;5.27367e-15;-56;1640;11730;11651;1;276;-2.14748e+09;-3.27318e+07;0;0;0;0;0;0;367251217;367312864;930353
784;5.32765e-15;-61;1684;11744;11730;1;263;-2.14748e+09;-3.24814e+07;-1;0;0;0;-1;0;368938851;369002055;950959
784;5.27367e-15;-56;1640;11730;11651;1;276;-2.14748e+09;-3.24814e+07;-1;0;0;0;-1;0;368938851;369002055;950959
785;5.32765e-15;-61;1684;11744;11730;1;263;-2.14748e+09;-3.22342e+07;-1;0;0;0;-1;0;370619945;370684736;971863
785;5.27367e-15;-56;1639;11730;11651;1;276;-2.14748e+09;-3.22342e+07;0;0;0;0;0;0;370619945;370684736;971863
786;5.32765e-15;-61;1684;11744;11730;1;263;-2.14748e+09;-3.19903e+07;-1;0;0;0;-1;0;372294521;372360929;993066
786;5.27367e-15;-57;1639;11730;11651;1;276;-2.14748e+09;-3.19903e+07;0;0;0;0;0;0;372294521;372360929;993066
787;5.32765e-15;-61;1684;11744;11730;1;263;-2.14748e+09;-3.17492e+07;-1;0;0;0;-1;0;373962601;374030654;1014570
787;5.27367e-15;-58;1639;11730;11651;1;276;-2.14748e+09;-3.17492e+07;0;0;0;0;0;0;373962601;374030654;1014570
788;5.32765e-15;-62;1684;11744;11730;1;263;-2.14748e+09;-3.15113e+07;0;0;0;0;0;0;375624207;375693936;1036377
788;5.27367e-15;-58;1639;11730;11651;1;276;-2.14748e+09;-3.15113e+07;-1;0;0;0;-1;0;375624207;375693936;1036377
789;5.32765e-15;-63;1684;11744;11730;1;263;-2.14748e+09;-3.12765e+07;0;0;0;0;0;0;377279363;377350797;1058486
789;5.27367e-15;-59;1639;11730;11651;1;276;-2.14748e+09;-3.12765e+07;0;0;0;0;0;0;377279363;377350797;1058486
790;5.32765e-15;-63;1684;11744;11730;1;263;-2.14748e+09;-3.10444e+07;-1;0;0;0;-1;0;378928090;379001260;1080901
790;5.27367e-15;-60;1639;11730;11651;1;276;-2.14748e+09;-3.10444e+07;0;0;0;0;0;0;378928090;379001260;1080901
791;5.32765e-15;-64;1684;11744;11730;1;263;-2.14748e+09;-3.08153e+07;0;0;0;0;0;0;380570412;380645349;1103622
791;5.27367e-15;-61;1639;11730;11651;1;276;-2.14748e+09;-3.08153e+07;0;0;0;0;0;0;380570412;380645349;1103622
792;5.32765e-15;-65;1684;11744;11730;1;263;-2.14748e+09;-3.05891e+07;0;0;0;0;0;0;382206352;382283086;1126650
792;5.27367e-15;-61;1639;11730;11651;1;276;-2.14748e+09;-3.05891e+07;-1;0;0;0;-1;0;382206352;382283086;1126650
793;5.32765e-15;-65;1684;11744;11730;1;263;-2.14748e+09;-3.03654e+07;-1;0;0;0;-1;0;383835934;383914497;1149986
793;5.27367e-15;-61;1639;11730;11651;1;276;-2.14748e+09;-3.03654e+07;-1;0;0;0;-1;0;383835934;383914497;1149986
794;5.32765e-15;-66;1684;11744;11730;1;263;-2.14748e+09;-3.01446e+07;0;0;0;0;0;0;385459182;385539605;1173632
794;5.27367e-15;-61;1639;11730;11651;1;276;-2.14748e+09;-3.01446e+07;-1;0;0;0;-1;0;385459182;385539605;1173632
795;5.32765e-15;-67;1684;11744;11730;1;263;-2.14748e+09;-2.99266e+07;0;0;0;0;0;0;387076119;387158435;1197589
795;5.27367e-15;-62;1639;11730;11651;1;276;-2.14748e+09;-2.99266e+07;0;0;0;0;0;0;387076119;387158435;1197589
796;5.32765e-15;-67;1684;11744;11730;1;263;-2.14748e+09;-2.97111e+07;-1;0;0;0;-1;0;388686769;388771010;1221858
796;5.27367e-15;-62;1639;11730;11651;1;276;-2.14748e+09;-2.97111e+07;-1;0;0;0;-1;0;388686769;388771010;1221858
797;5.32765e-15;-68;1684;11744;11730;1;263;-2.14748e+09;-2.94982e+07;0;0;0;0;0;0;390291158;390377356;1246440
797;5.27367e-15;-63;1639;11730;11651;1;276;-2.14748e+09;-2.94982e+07;0;0;0;0;0;0;390291158;390377356;1246440
798;5.32765e-15;-69;1684;11744;11730;1;263;-2.14748e+09;-2.92879e+07;0;0;0;0;0;0;391889309;391977498;1271336
798;5.27367e-15;-64;1639;11730;11651;1;276;-2.14748e+09;-2.92879e+07;0;0;0;0;0;0;391889309;391977498;1271336
799;5.32765e-15;-69;1684;11744;11730;1;263;-2.14748e+09;-2.90801e+07;-1;0;0;0;-1;0;393481247;393571459;1296548
799;5.27367e-15;-65;1639;11730;11651;1;276;-2.14748e+09;-2.90801e+07;0;0;0;0;0;0;393481247;393571459;1296548
800;5.32765e-15;-69;1684;11744;11730;1;263;-2.14748e+09;-2.88747e+07;-1;0;0;0;-1;0;395066997;395159266;1322075
800;5.27367e-15;-65;1639;11730;11651;1;276;-2.14748e+09;-2.88747e+07;-1;0;0;0;-1;0;395066997;395159266;1322075
801;5.32765e-15;-70;1684;11744;11730;1;263;-2.14748e+09;-2.86719e+07;0;0;0;0;0;0;396646584;396740944;1347920
801;5.27367e-15;-66;1639;11730;11651;1;276;-2.14748e+09;-2.86719e+07;0;0;0;0;0;0;396646584;396740944;1347920
802;5.32765e-15;-70;1684;11744;11730;1;263;-2.14748e+09;-2.84713e+07;-1;0;0;0;-1;0;398220032;398316518;1374083
802;5.27367e-15;-67;1639;11730;11651;1;276;-2.14748e+09;-2.84713e+07;0;0;0;0;0;0;398220032;398316518;1374083
803;5.32765e-15;-70;1684;11744;11730;1;263;-2.14748e+09;-2.82731e+07;-1;0;0;0;-1;0;399787368;399886013;1400565
803;5.27367e-15;-67;1639;11730;11651;1;276;-2.14748e+09;-2.82731e+07;-1;0;0;0;-1;0;399787368;399886013;1400565
804;5.32765e-15;-71;1684;11744;11730;1;263;-2.14748e+09;-2.80773e+07;0;0;0;0;0;0;401348616;401449456;1427367
804;5.27367e-15;-67;1639;11730;11651;1;276;-2.14748e+09;-2.80773e+07;-1;0;0;0;-1;0;401348616;401449456;1427367
805;5.32765e-15;-71;1684;11744;11730;1;263;-2.14748e+09;-2.78837e+07;-1;0;0;0;-1;0;402903802;403006871;1454489
805;5.27367e-15;-68;1639;11730;11651;1;276;-2.14748e+09;-2.78837e+07;0;0;0;0;0;0;402903802;403006871;1454489
806;5.32765e-15;-72;1684;11744;11730;1;263;-2.14748e+09;-2.76923e+07;0;0;0;0;0;0;404452951;404558285;1481934
806;5.27367e-15;-69;1639;11730;11651;1;276;-2.14748e+09;-2.76923e+07;0;0;0;0;0;0;404452951;404558285;1481934
807;5.32765e-15;-73;1684;11744;11730;1;263;-2.14748e+09;-2.75033e+07;0;0;0;0;0;0;405996089;406103724;1509700
807;5.27367e-15;-70;1639;11730;11651;1;276;-2.14748e+09;-2.75033e+07;0;0;0;0;0;0;405996089;406103724;1509700
808;5.32765e-15;-73;1684;11744;11730;1;263;-2.14748e+09;-2.73162e+07;-1;0;0;0;-1;0;407533241;407643213;1537790
808;5.27367e-15;-71;1639;11730;11651;1;276;-2.14748e+09;-2.73162e+07;0;0;0;0;0;0;407533241;407643213;1537790
809;5.32765e-15;-73;1684;11744;11730;1;263;-2.14748e+09;-2.71313e+07;-1;0;0;0;-1;0;409064433;409176778;1566204
809;5.27367e-15;-72;1639;11730;11651;1;276;-2.14748e+09;-2.71313e+07;0;0;0;0;0;0;409064433;409176778;1566204
810;5.32765e-15;-73;1684;11744;11730;1;263;-2.14748e+09;-2.69485e+07;-1;0;0;0;-1;0;410589692;410704447;1594943
810;5.27367e-15;-72;1639;11730;11651;1;276;-2.14748e+09;-2.69485e+07;-1;0;0;0;-1;0;410589692;410704447;1594943
811;5.32765e-15;-74;1684;11744;11730;1;263;-2.14748e+09;-2.67679e+07;0;0;0;0;0;0;412109042;412226243;1624007
811;5.27367e-15;-73;1639;11730;11651;1;276;-2.14748e+09;-2.67679e+07;0;0;0;0;0;0;412109042;412226243;1624007
812;5.32765e-15;-75;1684;11744;11730;1;263;-2.14748e+09;-2.65892e+07;0;0;0;0;0;0;413622509;413742195;1653397
812;5.27367e-15;-74;1639;11730;11651;1;276;-2.14748e+09;-2.65892e+07;0;0;0;0;0;0;413622509;413742195;1653397
813;5.32765e-15;-75;1684;11744;11730;1;263;-2.14748e+09;-2.64125e+07;-1;0;0;0;-1;0;415130121;415252328;1683114
813;5.27367e-15;-74;1639;11730;11651;1;276;-2.14748e+09;-2.64125e+07;-1;0;0;0;-1;0;415130121;415252328;1683114
814;5.32765e-15;-76;1684;11744;11730;1;263;-2.14748e+09;-2.62378e+07;0;0;0;0;0;0;416631901;416756668;1713158
814;5.27367e-15;-75;1639;11730;11651;1;276;-2.14748e+09;-2.62378e+07;0;0;0;0;0;0;416631901;416756668;1713158
815;5.32765e-15;-76;1684;11744;11730;1;263;-2.14748e+09;-2.6065e+07;-1;0;0;0;-1;0;418127878;418255242;1743530
815;5.27367e-15;-76;1639;11730;11651;1;276;-2.14748e+09;-2.6065e+07;0;0;0;0;0;0;418127878;418255242;1743530
816;5.32765e-15;-76;1684;11744;11730;1;263;-2.14748e+09;-2.58941e+07;-1;0;0;0;-1;0;419618075;419748076;1774231
816;5.27367e-15;-77;1639;11730;11651;1;276;-2.14748e+09;-2.58941e+07;0;0;0;0;0;0;419618075;419748076;1774231
817;5.32765e-15;-76;1684;11744;11730;1;263;-2.14748e+09;-2.57251e+07;-1;0;0;0;-1;0;421102521;421235197;1805260
817;5.27367e-15;-77;1639;11730;11651;1;276;-2.14748e+09;-2.57251e+07;-1;0;0;0;-1;0;421102521;421235197;1805260
818;5.32765e-15;-77;1684;11744;11730;1;263;-2.14748e+09;-2.5558e+07;0;0;0;0;0;0;422581239;422716630;1836619
818;5.27367e-15;-78;1639;11730;11651;1;276;-2.14748e+09;-2.5558e+07;0;0;0;0;0;0;422581239;422716630;1836619
819;5.32765e-15;-78;1684;11744;11730;1;263;-2.14748e+09;-2.53927e+07;0;0;0;0;0;0;424054258;424192402;1868308
819;5.27367e-15;-78;1639;11730;11651;1;276;-2.14748e+09;-2.53927e+07;-1;0;0;0;-1;0;424054258;424192402;1868308
820;5.32765e-15;-78;1684;11744;11730;1;263;-2.14748e+09;-2.52293e+07;-1;0;0;0;-1;0;425521602;425662539;1900328
820;5.27367e-15;-79;1639;11730;11651;1;276;-2.14748e+09;-2.52293e+07;0;0;0;0;0;0;425521602;425662539;1900328
821;5.32765e-15;-78;1684;11744;11730;1;263;-2.14748e+09;-2.50674e+07;-1;0;0;0;-1;0;426983297;427127068;1932678
821;5.27367e-15;-80;1639;11730;11651;1;276;-2.14748e+09;-2.50674e+07;0;0;0;0;0;0;426983297;427127068;1932678
822;5.32765e-15;-79;1684;11744;11730;1;263;-2.14748e+09;-2.49074e+07;0;0;0;0;0;0;428439370;428586015;1965360
822;5.27367e-15;-80;1639;11730;11651;1;276;-2.14748e+09;-2.49074e+07;-1;0;0;0;-1;0;428439370;428586015;1965360
823;5.32765e-15;-80;1684;11744;11730;1;263;-2.14748e+09;-2.47491e+07;0;0;0;0;0;0;429889847;430039407;1998373
823;5.27367e-15;-80;1639;11730;11651;1;276;-2.14748e+09;-2.47491e+07;-1;0;0;0;-1;0;429889847;430039407;1998373
824;5.32765e-15;-80;1684;11744;11730;1;263;-2.14748e+09;-2.45925e+07;-1;0;0;0;-1;0;431334754;431487269;2031719
824;5.27367e-15;-81;1639;11730;11651;1;276;-2.14748e+09;-2.45925e+07;0;0;0;0;0;0;431334754;431487269;2031719
825;5.32765e-15;-80;1684;11744;11730;1;263;-2.14748e+09;-2.44375e+07;-1;0;0;0;-1;0;432774116;432929628;2065396
825;5.27367e-15;-81;1639;11730;11651;1;276;-2.14748e+09;-2.44375e+07;-1;0;0;0;-1;0;432774116;432929628;2065396
826;5.32765e-15;-80;1684;11744;11730;1;263;-2.14748e+09;-2.42841e+07;-1;0;0;0;-1;0;434207960;434366510;2099407
826;5.27367e-15;-81;1639;11730;11651;1;276;-2.14748e+09;-2.42841e+07;-1;0;0;0;-1;0;434207960;434366510;2099407
827;5.32765e-15;-81;1684;11744;11730;1;263;-2.14748e+09;-2.41324e+07;0;0;0;0;0;0;435636312;435797942;2133750
827;5.27367e-15;-81;1639;11730;11651;1;276;-2.14748e+09;-2.41324e+07;-1;0;0;0;-1;0;435636312;435797942;2133750
828;5.32765e-15;-81;1684;11744;11730;1;263;-2.14748e+09;-2.39824e+07;-1;0;0;0;-1;0;437059197;437223949;2168426
828;5.27367e-15;-81;1639;11730;11651;1;276;-2.14748e+09;-2.39824e+07;-1;0;0;0;-1;0;437059197;437223949;2168426
829;5.32765e-15;-81;1684;11744;11730;1;263;-2.14748e+09;-2.38337e+07;-1;0;0;0;-1;0;438476641;438644557;2203436
829;5.27367e-15;-81;1639;11730;11651;1;276;-2.14748e+09;-2.38337e+07;-1;0;0;0;-1;0;438476641;438644557;2203436
830;5.32765e-15;-81;1684;11744;11730;1;263;-2.14748e+09;-2.36867e+07;-1;0;0;0;-1;0;439888670;440059794;2238779
830;5.27367e-15;-81;1639;11730;11651;1;276;-2.14748e+09;-2.36867e+07;-1;0;0;0;-1;0;439888670;440059794;2238779
831;5.32765e-15;-82;1684;11744;11730;1;263;-2.14748e+09;-2.35412e+07;0;0;0;0;0;0;441295310;441469684;2274456
831;5.27367e-15;-82;1639;11730;11651;1;276;-2.14748e+09;-2.35412e+07;0;0;0;0;0;0;441295310;441469684;2274456
832;5.32765e-15;-82;1684;11744;11730;1;263;-2.14748e+09;-2.33972e+07;-1;0;0;0;-1;0;442696587;442874255;2310467
832;5.27367e-15;-83;1639;11730;11651;1;276;-2.14748e+09;-2.33972e+07;0;0;0;0;0;0;442696587;442874255;2310467
833;5.32765e-15;-82;1684;11744;11730;1;263;-2.14748e+09;-2.32547e+07;-1;0;0;0;-1;0;444092525;444273531;2346812
833;5.27367e-15;-84;1639;11730;11651;1;276;-2.14748e+09;-2.32547e+07;0;0;0;0;0;0;444092525;444273531;2346812
834;5.32765e-15;-83;1684;11744;11730;1;263;-2.14748e+09;-2.31136e+07;0;0;0;0;0;0;445483152;445667538;2383491
834;5.27367e-15;-85;1639;11730;11651;1;276;-2.14748e+09;-2.31136e+07;0;0;0;0;0;0;445483152;445667538;2383491
835;5.32765e-15;-84;1684;11744;11730;1;263;-2.14748e+09;-2.29739e+07;0;0;0;0;0;0;446868492;447056303;2420504
835;5.27367e-15;-86;1639;11730;11651;1;276;-2.14748e+09;-2.29739e+07;0;0;0;0;0;0;446868492;447056303;2420504
836;5.32765e-15;-84;1684;11744;11730;1;263;-2.14748e+09;-2.28357e+07;-1;0;0;0;-1;0;448248570;448439852;2457851
836;5.27367e-15;-86;1639;11730;11651;1;276;-2.14748e+09;-2.28357e+07;-1;0;0;0;-1;0;448248570;448439852;2457851
837;5.32765e-15;-84;1684;11744;11730;1;263;-2.14748e+09;-2.26989e+07;-1;0;0;0;-1;0;449623413;449818209;2495533
837;5.27367e-15;-86;1639;11730;11651;1;276;-2.14748e+09;-2.26989e+07;-1;0;0;0;-1;0;449623413;449818209;2495533
838;5.32765e-15;-85;1684;11744;11730;1;263;-2.14748e+09;-2.25634e+07;0;0;0;0;0;0;450993045;451191401;2533549
838;5.27367e-15;-86;1639;11730;11651;1;276;-2.14748e+09;-2.25634e+07;-1;0;0;0;-1;0;450993045;451191401;2533549
839;5.32765e-15;-85;1684;11744;11730;1;263;-2.14748e+09;-2.24293e+07;-1;0;0;0;-1;0;452357493;452559453;2571899
839;5.27367e-15;-86;1639;11730;11651;1;276;-2.14748e+09;-2.24293e+07;-1;0;0;0;-1;0;452357493;452559453;2571899
840;5.32765e-15;-85;1684;11744;11730;1;263;-2.14748e+09;-2.22965e+07;-1;0;0;0;-1;0;453716780;453922391;2610583
840;5.27367e-15;-87;1639;11730;11651;1;276;-2.14748e+09;-2.22965e+07;0;0;0;0;0;0;453716780;453922391;2610583
841;5.32765e-15;-85;1684;11744;11730;1;263;-2.14748e+09;-2.21651e+07;-1;0;0;0;-1;0;455070933;455280240;2649602
841;5.27367e-15;-87;1639;11730;11651;1;276;-2.14748e+09;-2.21651e+07;-1;0;0;0;-1;0;455070933;455280240;2649602
842;5.32765e-15;-86;1684;11744;11730;1;263;-2.14748e+09;-2.20349e+07;0;0;0;0;0;0;456419975;456633025;2688954
842;5.27367e-15;-88;1639;11730;11651;1;276;-2.14748e+09;-2.20349e+07;0;0;0;0;0;0;456419975;456633025;2688954
843;5.32765e-15;-87;1684;11744;11730;1;263;-2.14748e+09;-2.1906e+07;0;0;0;0;0;0;457763934;457980772;2728641
843;5.27367e-15;-89;1639;11730;11651;1;276;-2.14748e+09;-2.1906e+07;0;0;0;0;0;0;457763934;457980772;2728641
844;5.32765e-15;-88;1684;11744;11730;1;263;-2.14748e+09;-2.17784e+07;0;0;0;0;0;0;459102832;459323506;2768661
844;5.27367e-15;-89;1639;11730;11651;1;276;-2.14748e+09;-2.17784e+07;-1;0;0;0;-1;0;459102832;459323506;2768661
845;5.32765e-15;-89;1684;11744;11730;1;263;-2.14748e+09;-2.16521e+07;0;0;0;0;0;0;460436695;460661252;2809015
845;5.27367e-15;-90;1639;11730;11651;1;276;-2.14748e+09;-2.16521e+07;0;0;0;0;0;0;460436695;460661252;2809015
846;5.32765e-15;-89;1684;11744;11730;1;263;-2.14748e+09;-2.15269e+07;-1;0;0;0;-1;0;461765548;461994034;2849703
846;5.27367e-15;-90;1639;11730;11651;1;276;-2.14748e+09;-2.15269e+07;-1;0;0;0;-1;0;461765548;461994034;2849703
847;5.32765e-15;-90;1684;11744;11730;1;263;-2.14748e+09;-2.1403e+07;0;0;0;0;0;0;463089415;463321879;2890723
847;5.27367e-15;-90;1639;11730;11651;1;276;-2.14748e+09;-2.1403e+07;-1;0;0;0;-1;0;463089415;463321879;2890723
848;5.32765e-15;-90;1684;11744;11730;1;263;-2.14748e+09;-2.12802e+07;-1;0;0;0;-1;0;464408321;464644810;2932077
848;5.27367e-15;-90;1639;11730;11651;1;276;-2.14748e+09;-2.12802e+07;-1;0;0;0;-1;0;464408321;464644810;2932077
849;5.32765e-15;-91;1684;11744;11730;1;263;-2.14748e+09;-2.11587e+07;0;0;0;0;0;0;465722291;465962853;2973764
849;5.27367e-15;-90;1639;11730;11651;1;276;-2.14748e+09;-2.11587e+07;-1;0;0;0;-1;0;465722291;465962853;2973764
850;5.32765e-15;-92;1684;11744;11730;1;263;-2.14748e+09;-2.10384e+07;0;0;0;0;0;0;467031348;467276032;3015783
850;5.27367e-15;-91;1639;11730;11651;1;276;-2.14748e+09;-2.10384e+07;0;0;0;0;0;0;467031348;467276032;3015783
851;5.32765e-15;-92;1684;11744;11730;1;263;-2.14748e+09;-2.0919e+07;-1;0;0;0;-1;0;468335518;468584372;3058135
851;5.27367e-15;-92;1639;11730;11651;1;276;-2.14748e+09;-2.0919e+07;0;0;0;0;0;0;468335518;468584372;3058135
852;5.32765e-15;-92;1684;11744;11730;1;263;-2.14748e+09;-2.08009e+07;-1;0;0;0;-1;0;469634823;469887897;3100818
852;5.27367e-15;-92;1639;11730;11651;1;276;-2.14748e+09;-2.08009e+07;-1;0;0;0;-1;0;469634823;469887897;3100818
853;5.32765e-15;-93;1684;11744;11730;1;263;-2.14748e+09;-2.06839e+07;0;0;0;0;0;0;470929289;471186631;3143833
853;5.27367e-15;-92;1639;11730;11651;1;276;-2.14748e+09;-2.06839e+07;-1;0;0;0;-1;0;470929289;471186631;3143833
854;5.32765e-15;-93;1684;11744;11730;1;263;-2.14748e+09;-2.05679e+07;-1;0;0;0;-1;0;472218940;472480599;3187180
854;5.27367e-15;-93;1639;11730;11651;1;276;-2.14748e+09;-2.05679e+07;0;0;0;0;0;0;472218940;472480599;3187180
855;5.32765e-15;-94;1684;11744;11730;1;263;-2.14748e+09;-2.04531e+07;0;0;0;0;0;0;473503799;473769825;3230858
855;5.27367e-15;-94;1639;11730;11651;1;276;-2.14748e+09;-2.04531e+07;0;0;0;0;0;0;473503799;473769825;3230858
856;5.32765e-15;-94;1684;11744;11730;1;263;-2.14748e+09;-2.03394e+07;-1;0;0;0;-1;0;474783890;475054334;3274866
856;5.27367e-15;-94;1639;11730;11651;1;276;-2.14748e+09;-2.03394e+07;-1;0;0;0;-1;0;474783890;475054334;3274866
857;5.32765e-15;-94;1684;11744;11730;1;263;-2.14748e+09;-2.02267e+07;-1;0;0;0;-1;0;476059236;476334148;3319204
857;5.27367e-15;-95;1639;11730;11651;1;276;-2.14748e+09;-2.02267e+07;0;0;0;0;0;0;476059236;476334148;3319204
858;5.32765e-15;-95;1684;11744;11730;1;263;-2.14748e+09;-2.0115e+07;0;0;0;0;0;0;477329862;477609292;3363873
858;5.27367e-15;-95;1639;11730;11651;1;276;-2.14748e+09;-2.0115e+07;-1;0;0;0;-1;0;477329862;477609292;3363873
859;5.32765e-15;-96;1684;11744;11730;1;263;-2.14748e+09;-2.00045e+07;0;0;0;0;0;0;478595792;478879789;3408870
859;5.27367e-15;-96;1639;11730;11651;1;276;-2.14748e+09;-2.00045e+07;0;0;0;0;0;0;478595792;478879789;3408870
860;5.32765e-15;-97;1684;11744;11730;1;263;-2.14748e+09;-1.98948e+07;0;0;0;0;0;0;479857047;480145664;3454197
860;5.27367e-15;-96;1639;11730;11651;1;276;-2.14748e+09;-1.98948e+07;-1;0;0;0;-1;0;479857047;480145664;3454197
861;5.32765e-15;-97;1684;11744;11730;1;263;-2.14748e+09;-1.97862e+07;-1;0;0;0;-1;0;481113652;481406940;3499852
861;5.27367e-15;-97;1639;11730;11651;1;276;-2.14748e+09;-1.97862e+07;0;0;0;0;0;0;481113652;481406940;3499852
862;5.32765e-15;-97;1684;11744;11730;1;263;-2.14748e+09;-1.96786e+07;-1;0;0;0;-1;0;482365630;482663640;3545835
862;5.27367e-15;-98;1639;11730;11651;1;276;-2.14748e+09;-1.96786e+07;0;0;0;0;0;0;482365630;482663640;3545835
863;5.32765e-15;-97;1684;11744;11730;1;263;-2.14748e+09;-1.95719e+07;-1;0;0;0;-1;0;483613004;483915788;3592145
863;5.27367e-15;-99;1639;11730;11651;1;276;-2.14748e+09;-1.95719e+07;0;0;0;0;0;0;483613004;483915788;3592145
864;5.32765e-15;-97;1684;11744;11730;1;263;-2.14748e+09;-1.94663e+07;-1;0;0;0;-1;0;484855796;485163407;3638783
864;5.27367e-15;-99;1639;11730;11651;1;276;-2.14748e+09;-1.94663e+07;-1;0;0;0;-1;0;484855796;485163407;3638783
865;5.32765e-15;-98;1684;11744;11730;1;263;-2.14748e+09;-1.93615e+07;0;0;0;0;0;0;486094031;486406520;3685746
865;5.27367e-15;-100;1639;11730;11651;1;276;-2.14748e+09;-1.93615e+07;0;0;0;0;0;0;486094031;486406520;3685746
866;5.32765e-15;-99;1684;11744;11730;1;263;-2.14748e+09;-1.92578e+07;0;0;0;0;0;0;487327730;487645149;3733036
866;5.27367e-15;-100;1639;11730;11651;1;276;-2.14748e+09;-1.92578e+07;-1;0;0;0;-1;0;487327730;487645149;3733036
867;5.32765e-15;-99;1684;11744;11730;1;263;-2.14748e+09;-1.9155e+07;-1;0;0;0;-1;0;488556917;488879319;3780651
867;5.27367e-15;-101;1639;11730;11651;1;276;-2.14748e+09;-1.9155e+07;0;0;0;0;0;0;488556917;488879319;3780651
868;5.32765e-15;-100;1684;11744;11730;1;263;-2.14748e+09;-1.90531e+07;0;0;0;0;0;0;489781613;490109051;3828591
868;5.27367e-15;-102;1639;11730;11651;1;276;-2.14748e+09;-1.90531e+07;0;0;0;0;0;0;489781613;490109051;3828591
869;5.32765e-15;-100;1684;11744;11730;1;263;-2.14748e+09;-1.89519e+07;-1;0;0;0;-1;0;491001841;491334369;3876854
869;5.27367e-15;-103;1639;11730;11651;1;276;-2.14748e+09;-1.89519e+07;0;0;0;0;0;0;491001841;491334369;3876854
870;5.32765e-15;-101;1684;11744;11730;1;263;-2.14748e+09;-1.88518e+07;0;0;0;0;0;0;492217624;492555295;3925441
870;5.27367e-15;-103;1639;11730;11651;1;276;-2.14748e+09;-1.88518e+07;-1;0;0;0;-1;0;492217624;492555295;3925441
871;5.32765e-15;-102;1684;11744;11730;1;263;-2.14748e+09;-1.87527e+07;0;0;0;0;0;0;493428984;493771851;3974351
871;5.27367e-15;-103;1638;11730;11651;1;276;-2.14748e+09;-1.87527e+07;0;0;0;0;0;0;493428984;493771851;3974351
872;5.32765e-15;-103;1684;11744;11730;1;263;-2.14748e+09;-1.86542e+07;0;0;0;0;0;0;494635943;494984060;4023583
872;5.27367e-15;-104;1638;11730;11651;1;276;-2.14748e+09;-1.86542e+07;0;0;0;0;0;0;494635943;494984060;4023583
873;5.32765e-15;-103;1684;11744;11730;1;263;-2.14748e+09;-1.85566e+07;-1;0;0;0;-1;0;495838523;496191944;4073137
873;5.27367e-15;-104;1638;11730;11651;1;276;-2.14748e+09;-1.85566e+07;-1;0;0;0;-1;0;495838523;496191944;4073137
874;5.32765e-15;-104;1684;11744;11730;1;263;-2.14748e+09;-1.846e+07;0;0;0;0;0;0;497036746;497395526;4123011
874;5.27367e-15;-105;1638;11730;11651;1;276;-2.14748e+09;-1.846e+07;0;0;0;0;0;0;497036746;497395526;4123011
875;5.32765e-15;-104;1684;11744;11730;1;263;-2.14748e+09;-1.83641e+07;-1;0;0;0;-1;0;498230633;498594826;4173206
875;5.27367e-15;-105;1638;11730;11651;1;276;-2.14748e+09;-1.83641e+07;-1;0;0;0;-1;0;498230633;498594826;4173206
876;5.32765e-15;-104;1684;11744;11730;1;263;-2.14748e+09;-1.82691e+07;-1;0;0;0;-1;0;499420207;499789868;4223720
876;5.27367e-15;-105;1638;11730;11651;1;276;-2.14748e+09;-1.82691e+07;-1;0;0;0;-1;0;499420207;499789868;4223720
877;5.32765e-15;-105;1684;11744;11730;1;263;-2.14748e+09;-1.81751e+07;0;0;0;0;0;0;500605489;500980672;4274552
877;5.27367e-15;-106;1638;11730;11651;1;276;-2.14748e+09;-1.81751e+07;0;0;0;0;0;0;500605489;500980672;4274552
878;5.32765e-15;-105;1684;11744;11730;1;263;-2.14748e+09;-1.80816e+07;-1;0;0;0;-1;0;501786500;502167262;4325703
878;5.27367e-15;-106;1638;11730;11651;1;276;-2.14748e+09;-1.80816e+07;-1;0;0;0;-1;0;501786500;502167262;4325703
879;5.32765e-15;-105;1684;11744;11730;1;263;-2.14748e+09;-1.7989e+07;-1;0;0;0;-1;0;502963261;503349657;4377170
879;5.27367e-15;-107;1638;11730;11651;1;276;-2.14748e+09;-1.7989e+07;0;0;0;0;0;0;502963261;503349657;4377170
880;5.32765e-15;-105;1684;11744;11730;1;263;-2.14748e+09;-1.78972e+07;-1;0;0;0;-1;0;504135795;504527880;4428954
880;5.27367e-15;-108;1638;11730;11651;1;276;-2.14748e+09;-1.78972e+07;0;0;0;0;0;0;504135795;504527880;4428954
881;5.32765e-15;-106;1684;11744;11730;1;263;-2.14748e+09;-1.78063e+07;0;0;0;0;0;0;505304122;505701952;4481054
881;5.27367e-15;-108;1638;11730;11651;1;276;-2.14748e+09;-1.78063e+07;-1;0;0;0;-1;0;505304122;505701952;4481054
882;5.32765e-15;-106;1684;11744;11730;1;263;-2.14748e+09;-1.77161e+07;-1;0;0;0;-1;0;506468262;506871894;4533468
882;5.27367e-15;-109;1638;11730;11651;1;276;-2.14748e+09;-1.77161e+07;0;0;0;0;0;0;506468262;506871894;4533468
883;5.32765e-15;-107;1684;11744;11730;1;263;-2.14748e+09;-1.76265e+07;0;0;0;0;0;0;507628238;508037727;4586197
883;5.27367e-15;-110;1638;11730;11651;1;276;-2.14748e+09;-1.76265e+07;0;0;0;0;0;0;507628238;508037727;4586197
884;5.32765e-15;-107;1684;11744;11730;1;263;-2.14748e+09;-1.75378e+07;-1;0;0;0;-1;0;508784069;509199473;4639238
884;5.27367e-15;-111;1638;11730;11651;1;276;-2.14748e+09;-1.75378e+07;0;0;0;0;0;0;508784069;509199473;4639238
885;5.32765e-15;-108;1684;11744;11730;1;263;-2.14748e+09;-1.74498e+07;0;0;0;0;0;0;509935777;510357152;4692592
885;5.27367e-15;-111;1638;11730;11651;1;276;-2.14748e+09;-1.74498e+07;-1;0;0;0;-1;0;509935777;510357152;4692592
886;5.32765e-15;-108;1684;11744;11730;1;263;-2.14748e+09;-1.73625e+07;-1;0;0;0;-1;0;511083382;511510785;4746258
886;5.27367e-15;-111;1638;11730;11651;1;276;-2.14748e+09;-1.73625e+07;-1;0;0;0;-1;0;511083382;511510785;4746258
887;5.32765e-15;-109;1684;11744;11730;1;263;-2.14748e+09;-1.7276e+07;0;0;0;0;0;0;512226905;512660392;4800234
887;5.27367e-15;-112;1638;11730;11651;1;276;-2.14748e+09;-1.7276e+07;0;0;0;0;0;0;512226905;512660392;4800234
888;5.32765e-15;-109;1684;11744;11730;1;263;-2.14748e+09;-1.71903e+07;-1;0;0;0;-1;0;513366365;513805994;4854519
888;5.27367e-15;-112;1638;11730;11651;1;276;-2.14748e+09;-1.71903e+07;-1;0;0;0;-1;0;513366365;513805994;4854519
889;5.32765e-15;-110;1684;11744;11730;1;263;-2.14748e+09;-1.71051e+07;0;0;0;0;0;0;514501783;514947612;4909114
889;5.27367e-15;-113;1638;11730;11651;1;276;-2.14748e+09;-1.71051e+07;0;0;0;0;0;0;514501783;514947612;4909114
890;5.32765e-15;-111;1684;11744;11730;1;263;-2.14748e+09;-1.70208e+07;0;0;0;0;0;0;515633179;516085266;4964016
890;5.27367e-15;-113;1638;11730;11651;1;276;-2.14748e+09;-1.70208e+07;-1;0;0;0;-1;0;515633179;516085266;4964016
891;5.32765e-15;-111;1684;11744;11730;1;263;-2.14748e+09;-1.69371e+07;-1;0;0;0;-1;0;516760573;517218977;5019226
891;5.27367e-15;-113;1638;11730;11651;1;276;-2.14748e+09;-1.69371e+07;-1;0;0;0;-1;0;516760573;517218977;5019226
892;5.32765e-15;-111;1684;11744;11730;1;263;-2.14748e+09;-1.68541e+07;-1;0;0;0;-1;0;517883986;518348763;5074741
892;5.27367e-15;-114;1638;11730;11651;1;276;-2.14748e+09;-1.6854e+07;0;0;0;0;0;0;517883986;518348763;5074741
893;5.32765e-15;-111;1684;11744;11730;1;263;-2.14748e+09;-1.67716e+07;-1;0;0;0;-1;0;519003436;519474645;5130562
893;5.27367e-15;-114;1638;11730;11651;1;276;-2.14748e+09;-1.67716e+07;-1;0;0;0;-1;0;519003436;519474645;5130562
894;5.32765e-15;-111;1684;11744;11730;1;263;-2.14748e+09;-1.66899e+07;-1;0;0;0;-1;0;520118944;520596644;5186687
894;5.27367e-15;-114;1638;11730;11651;1;276;-2.14748e+09;-1.66899e+07;-1;0;0;0;-1;0;520118944;520596644;5186687
895;5.32765e-15;-112;1684;11744;11730;1;263;-2.14748e+09;-1.66089e+07;0;0;0;0;0;0;521230528;521714778;5243115
895;5.27367e-15;-114;1638;11730;11651;1;276;-2.14748e+09;-1.66089e+07;-1;0;0;0;-1;0;521230528;521714778;5243115
896;5.32765e-15;-112;1684;11744;11730;1;263;-2.14748e+09;-1.65285e+07;-1;0;0;0;-1;0;522338210;522829068;5299846
896;5.27367e-15;-114;1638;11730;11651;1;276;-2.14748e+09;-1.65285e+07;-1;0;0;0;-1;0;522338210;522829068;5299846
897;5.32765e-15;-113;1684;11744;11730;1;263;-2.14748e+09;-1.64488e+07;0;0;0;0;0;0;523442007;523939532;5356878
897;5.27367e-15;-115;1638;11730;11651;1;276;-2.14748e+09;-1.64488e+07;0;0;0;0;0;0;523442007;523939532;5356878
898;5.32765e-15;-114;1684;11744;11730;1;263;-2.14748e+09;-1.63697e+07;0;0;0;0;0;0;524541939;525046191;5414210
898;5.27367e-15;-116;1638;11730;11651;1;276;-2.14748e+09;-1.63697e+07;0;0;0;0;0;0;524541939;525046191;5414210
899;5.32765e-15;-114;1684;11744;11730;1;263;-2.14748e+09;-1.62913e+07;-1;0;0;0;-1;0;525638025;526149064;5471842
899;5.27367e-15;-117;1638;11730;11651;1;276;-2.14748e+09;-1.62913e+07;0;0;0;0;0;0;525638025;526149064;5471842
900;5.32765e-15;-114;1684;11744;11730;1;263;-2.14748e+09;-1.62134e+07;-1;0;0;0;-1;0;526730284;527248169;5529772
900;5.27367e-15;-118;1638;11730;11651;1;276;-2.14748e+09;-1.62134e+07;0;0;0;0;0;0;526730284;527248169;5529772
901;5.32765e-15;-114;1684;11744;11730;1;263;-2.14748e+09;-1.61362e+07;-1;0;0;0;-1;0;527818736;528343527;5587999
901;5.27367e-15;-118;1638;11730;11651;1;276;-2.14748e+09;-1.61362e+07;-1;0;0;0;-1;0;527818736;528343527;5587999
902;5.32765e-15;-115;1684;11744;11730;1;263;-2.14748e+09;-1.60597e+07;0;0;0;0;0;0;528903399;529435155;5646523
902;5.27367e-15;-119;1638;11730;11651;1;276;-2.14748e+09;-1.60597e+07;0;0;0;0;0;0;528903399;529435155;5646523
903;5.32765e-15;-116;1684;11744;11730;1;263;-2.14748e+09;-1.59836e+07;0;0;0;0;0;0;529984291;530523073;5705342
903;5.27367e-15;-119;1638;11730;11651;1;276;-2.14748e+09;-1.59836e+07;-1;0;0;0;-1;0;529984291;530523073;5705342
904;5.32765e-15;-116;1684;11744;11730;1;263;-2.14748e+09;-1.59083e+07;-1;0;0;0;-1;0;531061431;531607300;5764455
904;5.27367e-15;-119;1638;11730;11651;1;276;-2.14748e+09;-1.59083e+07;-1;0;0;0;-1;0;531061431;531607300;5764455
905;5.32765e-15;-117;1684;11744;11730;1;263;-2.14748e+09;-1.58334e+07;0;0;0;0;0;0;532134838;532687854;5823861
905;5.27367e-15;-119;1638;11730;11651;1;276;-2.14748e+09;-1.58334e+07;-1;0;0;0;-1;0;532134838;532687854;5823861
906;5.32765e-15;-117;1684;11744;11730;1;263;-2.14748e+09;-1.57592e+07;-1;0;0;0;-1;0;533204529;533764753;5883559
906;5.27367e-15;-119;1638;11730;11651;1;276;-2.14748e+09;-1.57592e+07;-1;0;0;0;-1;0;533204529;533764753;5883559
907;5.32765e-15;-117;1684;11744;11730;1;263;-2.14748e+09;-1.56856e+07;-1;0;0;0;-1;0;534270524;534838017;5943548
907;5.27367e-15;-120;1638;11730;11651;1;276;-2.14748e+09;-1.56856e+07;0;0;0;0;0;0;534270524;534838017;5943548
908;5.32765e-15;-117;1684;11744;11730;1;263;-2.14748e+09;-1.56124e+07;-1;0;0;0;-1;0;535332841;535907663;6003828
908;5.27367e-15;-120;1638;11730;11651;1;276;-2.14748e+09;-1.56124e+07;-1;0;0;0;-1;0;535332841;535907663;6003828
909;5.32765e-15;-117;1684;11744;11730;1;263;-2.14748e+09;-1.55399e+07;-1;0;0;0;-1;0;536391497;536973710;6064396
909;5.27367e-15;-121;1638;11730;11651;1;276;-2.14748e+09;-1.55399e+07;0;0;0;0;0;0;536391497;536973710;6064396
910;5.32765e-15;-118;1684;11744;11730;1;263;-2.14748e+09;-1.54679e+07;0;0;0;0;0;0;537446510;538036176;6125252
910;5.27367e-15;-122;1638;11730;11651;1;276;-2.14748e+09;-1.54679e+07;0;0;0;0;0;0;537446510;538036176;6125252
911;5.32765e-15;-118;1684;11744;11730;1;263;-2.14748e+09;-1.53965e+07;-1;0;0;0;-1;0;538497899;539095078;6186394
911;5.27367e-15;-122;1638;11730;11651;1;276;-2.14748e+09;-1.53965e+07;-1;0;0;0;-1;0;538497899;539095078;6186394
912;5.32765e-15;-119;1684;11744;11730;1;263;-2.14748e+09;-1.53256e+07;0;0;0;0;0;0;539545680;540150435;6247822
912;5.27367e-15;-122;1638;11730;11651;1;276;-2.14748e+09;-1.53256e+07;-1;0;0;0;-1;0;539545680;540150435;6247822
913;5.32765e-15;-120;1684;11744;11730;1;263;-2.14748e+09;-1.52553e+07;0;0;0;0;0;0;540589872;541202265;6309535
913;5.27367e-15;-123;1638;11730;11651;1;276;-2.14748e+09;-1.52553e+07;0;0;0;0;0;0;540589872;541202265;6309535
914;5.32765e-15;-120;1684;11744;11730;1;263;-2.14748e+09;-1.51855e+07;-1;0;0;0;-1;0;541630493;542250584;6371531
914;5.27367e-15;-123;1638;11730;11651;1;276;-2.14748e+09;-1.51855e+07;-1;0;0;0;-1;0;541630493;542250584;6371531
915;5.32765e-15;-121;1684;11744;11730;1;263;-2.14748e+09;-1.51163e+07;0;0;0;0;0;0;542667558;543295411;6433809
915;5.27367e-15;-124;1638;11730;11651;1;276;-2.14748e+09;-1.51163e+07;0;0;0;0;0;0;542667558;543295411;6433809
916;5.32765e-15;-121;1684;11744;11730;1;263;-2.14748e+09;-1.50475e+07;-1;0;0;0;-1;0;543701087;544336764;6496368
916;5.27367e-15;-125;1638;11730;11651;1;276;-2.14748e+09;-1.50475e+07;0;0;0;0;0;0;543701087;544336764;6496368
917;5.32765e-15;-121;1684;11744;11730;1;263;-2.14748e+09;-1.49792e+07;-1;0;0;0;-1;0;544731095;545374658;6559206
917;5.27367e-15;-125;1638;11730;11651;1;276;-2.14748e+09;-1.49792e+07;-1;0;0;0;-1;0;544731095;545374658;6559206
918;5.32765e-15;-121;1684;11744;11730;1;263;-2.14748e+09;-1.49115e+07;-1;0;0;0;-1;0;545757601;546409113;6622324
918;5.27367e-15;-125;1638;11730;11651;1;276;-2.14748e+09;-1.49115e+07;-1;0;0;0;-1;0;545757601;546409113;6622324
919;5.32765e-15;-122;1684;11744;11730;1;263;-2.14748e+09;-1.48443e+07;0;0;0;0;0;0;546780621;547440144;6685719
919;5.27367e-15;-126;1638;11730;11651;1;276;-2.14748e+09;-1.48443e+07;0;0;0;0;0;0;546780621;547440144;6685719
920;5.32765e-15;-123;1684;11744;11730;1;263;-2.14748e+09;-1.47776e+07;0;0;0;0;0;0;547800172;548467770;6749391
920;5.27367e-15;-127;1638;11730;11651;1;276;-2.14748e+09;-1.47776e+07;0;0;0;0;0;0;547800172;548467770;6749391
921;5.32765e-15;-124;1684;11744;11730;1;263;-2.14748e+09;-1.47114e+07;0;0;0;0;0;0;548816270;549492006;6813337
921;5.27367e-15;-128;1638;11730;11651;1;276;-2.14748e+09;-1.47114e+07;0;0;0;0;0;0;548816270;549492006;6813337
922;5.32765e-15;-124;1684;11744;11730;1;263;-2.14748e+09;-1.46456e+07;-1;0;0;0;-1;0;549828934;550512870;6877558
922;5.27367e-15;-129;1638;11730;11651;1;276;-2.14748e+09;-1.46456e+07;0;0;0;0;0;0;549828934;550512870;6877558
923;5.32765e-15;-125;1684;11744;11730;1;263;-2.14748e+09;-1.45803e+07;0;0;0;0;0;0;550838178;551530379;6942052
923;5.27367e-15;-130;1638;11730;11651;1;276;-2.14748e+09;-1.45803e+07;0;0;0;0;0;0;550838178;551530379;6942052
924;5.32765e-15;-125;1684;11744;11730;1;263;-2.14748e+09;-1.45157e+07;-1;0;0;0;-1;0;551844020;552544548;7006817
924;5.27367e-15;-130;1638;11730;11651;1;276;-2.14748e+09;-1.45157e+07;-1;0;0;0;-1;0;551844020;552544548;7006817
925;5.32765e-15;-125;1684;11744;11730;1;263;-2.14748e+09;-1.44513e+07;-1;0;0;0;-1;0;552846477;553555395;7071853
925;5.27367e-15;-130;1638;11730;11651;1;276;-2.14748e+09;-1.44513e+07;-1;0;0;0;-1;0;552846477;553555395;7071853
926;5.32765e-15;-126;1684;11744;11730;1;263;-2.14748e+09;-1.43874e+07;0;0;0;0;0;0;553845563;554562937;7137158
926;5.27367e-15;-131;1638;11730;11651;1;276;-2.14748e+09;-1.43874e+07;0;0;0;0;0;0;553845563;554562937;7137158
927;5.32765e-15;-127;1684;11744;11730;1;263;-2.14748e+09;-1.43241e+07;0;0;0;0;0;0;554841296;555567188;7202731
927;5.27367e-15;-131;1638;11730;11651;1;276;-2.14748e+09;-1.43241e+07;-1;0;0;0;-1;0;554841296;555567188;7202731
928;5.32765e-15;-127;1684;11744;11730;1;263;-2.14748e+09;-1.42612e+07;-1;0;0;0;-1;0;555833692;556568167;7268571
928;5.27367e-15;-132;1638;11730;11651;1;276;-2.14748e+09;-1.42612e+07;0;0;0;0;0;0;555833692;556568167;7268571
929;5.32765e-15;-127;1684;11744;11730;1;263;-2.14748e+09;-1.41987e+07;-1;0;0;0;-1;0;556822767;557565888;7334676
929;5.27367e-15;-132;1638;11730;11651;1;276;-2.14748e+09;-1.41987e+07;-1;0;0;0;-1;0;556822767;557565888;7334676
930;5.32765e-15;-128;1684;11744;11730;1;263;-2.14748e+09;-1.41367e+07;0;0;0;0;0;0;557808536;558560368;7401046
930;5.27367e-15;-133;1638;11730;11651;1;276;-2.14748e+09;-1.41367e+07;0;0;0;0;0;0;557808536;558560368;7401046
931;5.32765e-15;-129;1684;11744;11730;1;263;-2.14748e+09;-1.40752e+07;0;0;0;0;0;0;558791016;559551622;7467679
931;5.27367e-15;-133;1638;11730;11651;1;276;-2.14748e+09;-1.40752e+07;-1;0;0;0;-1;0;558791016;559551622;7467679
932;5.32765e-15;-130;1684;11744;11730;1;263;-2.14748e+09;-1.40141e+07;0;0;0;0;0;0;559770222;560539668;7534574
932;5.27367e-15;-133;1638;11730;11651;1;276;-2.14748e+09;-1.40141e+07;-1;0;0;0;-1;0;559770222;560539668;7534574
933;5.32765e-15;-131;1684;11744;11730;1;263;-2.14748e+09;-1.39534e+07;0;0;0;0;0;0;560746169;561524519;7601730
933;5.27367e-15;-133;1638;11730;11651;1;276;-2.14748e+09;-1.39534e+07;-1;0;0;0;-1;0;560746169;561524519;7601730
934;5.32765e-15;-132;1684;11744;11730;1;263;-2.14748e+09;-1.38931e+07;0;0;0;0;0;0;561718874;562506193;7669145
934;5.27367e-15;-134;1638;11730;11651;1;276;-2.14748e+09;-1.38931e+07;0;0;0;0;0;0;561718874;562506193;7669145
935;5.32765e-15;-132;1684;11744;11730;1;263;-2.14748e+09;-1.38333e+07;-1;0;0;0;-1;0;562688352;563484704;7736819
935;5.27367e-15;-134;1638;11730;11651;1;276;-2.14748e+09;-1.38333e+07;-1;0;0;0;-1;0;562688352;563484704;7736819
936;5.32765e-15;-132;1684;11744;11730;1;263;-2.14748e+09;-1.37739e+07;-1;0;0;0;-1;0;563654618;564460069;7804749
936;5.27367e-15;-134;1638;11730;11651;1;276;-2.14748e+09;-1.37739e+07;-1;0;0;0;-1;0;563654618;564460069;7804749
937;5.32765e-15;-133;1684;11744;11730;1;263;-2.14748e+09;-1.3715e+07;0;0;0;0;0;0;564617688;565432301;7872935
937;5.27367e-15;-134;1638;11730;11651;1;276;-2.14748e+09;-1.3715e+07;-1;0;0;0;-1;0;564617688;565432301;7872935
938;5.32765e-15;-134;1684;11744;11730;1;263;-2.14748e+09;-1.36565e+07;0;0;0;0;0;0;565577576;566401418;7941376
938;5.27367e-15;-134;1638;11730;11651;1;276;-2.14748e+09;-1.36565e+07;-1;0;0;0;-1;0;565577576;566401418;7941376
939;5.32765e-15;-134;1684;11744;11730;1;263;-2.14748e+09;-1.35982e+07;-1;0;0;0;-1;0;566534297;567367433;8010070
939;5.27367e-15;-134;1638;11730;11651;1;276;-2.14748e+09;-1.35982e+07;-1;0;0;0;-1;0;566534297;567367433;8010070
940;5.32765e-15;-135;1684;11744;11730;1;263;-2.14748e+09;-1.35406e+07;0;0;0;0;0;0;567487868;568330362;8079015
940;5.27367e-15;-134;1638;11730;11651;1;276;-2.14748e+09;-1.35406e+07;-1;0;0;0;-1;0;567487868;568330362;8079015
941;5.32765e-15;-135;1684;11744;11730;1;263;-2.14748e+09;-1.34831e+07;-1;0;0;0;-1;0;568438301;569290220;8148212
941;5.27367e-15;-135;1638;11730;11651;1;276;-2.14748e+09;-1.34831e+07;0;0;0;0;0;0;568438301;569290220;8148212
942;5.32765e-15;-136;1684;11744;11730;1;263;-2.14748e+09;-1.34262e+07;0;0;0;0;0;0;569385614;570247022;8217657
942;5.27367e-15;-135;1638;11730;11651;1;276;-2.14748e+09;-1.34262e+07;-1;0;0;0;-1;0;569385614;570247022;8217657
943;5.32765e-15;-136;1684;11744;11730;1;263;-2.14748e+09;-1.33696e+07;-1;0;0;0;-1;0;570329819;571200782;8287351
943;5.27367e-15;-135;1638;11730;11651;1;276;-2.14748e+09;-1.33696e+07;-1;0;0;0;-1;0;570329819;571200782;8287351
944;5.32765e-15;-136;1684;11744;11730;1;263;-2.14748e+09;-1.33134e+07;-1;0;0;0;-1;0;571270932;572151516;8357292
944;5.27367e-15;-135;1638;11730;11651;1;276;-2.14748e+09;-1.33134e+07;-1;0;0;0;-1;0;571270932;572151516;8357292
945;5.32765e-15;-137;1684;11744;11730;1;263;-2.14748e+09;-1.32577e+07;0;0;0;0;0;0;572208966;573099238;8427478
945;5.27367e-15;-136;1638;11730;11651;1;276;-2.14748e+09;-1.32577e+07;0;0;0;0;0;0;572208966;573099238;8427478
946;5.32765e-15;-138;1684;11744;11730;1;263;-2.14748e+09;-1.32023e+07;0;0;0;0;0;0;573143938;574043962;8497909
946;5.27367e-15;-137;1638;11730;11651;1;276;-2.14748e+09;-1.32023e+07;0;0;0;0;0;0;573143938;574043962;8497909
947;5.32765e-15;-138;1684;11744;11730;1;263;-2.14748e+09;-1.31474e+07;-1;0;0;0;-1;0;574075861;574985703;8568583
947;5.27367e-15;-137;1638;11730;11651;1;276;-2.14748e+09;-1.31474e+07;-1;0;0;0;-1;0;574075861;574985703;8568583
948;5.32765e-15;-138;1684;11744;11730;1;263;-2.14748e+09;-1.30926e+07;-1;0;0;0;-1;0;575004748;575924476;8639498
948;5.27367e-15;-138;1638;11730;11651;1;276;-2.14748e+09;-1.30926e+07;0;0;0;0;0;0;575004748;575924476;8639498
949;5.32765e-15;-138;1684;11744;11730;1;263;-2.14748e+09;-1.30384e+07;-1;0;0;0;-1;0;575930616;576860294;8710654
949;5.27367e-15;-138;1638;11730;11651;1;276;-2.14748e+09;-1.30384e+07;-1;0;0;0;-1;0;575930616;576860294;8710654
950;5.32765e-15;-138;1684;11744;11730;1;263;-2.14748e+09;-1.29845e+07;-1;0;0;0;-1;0;576853477;577793172;8782049
950;5.27367e-15;-139;1638;11730;11651;1;276;-2.14748e+09;-1.29845e+07;0;0;0;0;0;0;576853477;577793172;8782049
951;5.32765e-15;-139;1684;11744;11730;1;263;-2.14748e+09;-1.29309e+07;0;0;0;0;0;0;577773345;578723123;8853681
951;5.27367e-15;-140;1638;11730;11651;1;276;-2.14748e+09;-1.29309e+07;0;0;0;0;0;0;577773345;578723123;8853681
952;5.32765e-15;-140;1684;11744;11730;1;263;-2.14748e+09;-1.28777e+07;0;0;0;0;0;0;578690235;579650163;8925551
952;5.27367e-15;-140;1638;11730;11651;1;276;-2.14748e+09;-1.28777e+07;-1;0;0;0;-1;0;578690235;579650163;8925551
953;5.32765e-15;-141;1684;11744;11730;1;263;-2.14748e+09;-1.2825e+07;0;0;0;0;0;0;579604160;580574304;8997655
953;5.27367e-15;-140;1638;11730;11651;1;276;-2.14748e+09;-1.2825e+07;-1;0;0;0;-1;0;579604160;580574304;8997655
954;5.32765e-15;-142;1684;11744;11730;1;263;-2.14748e+09;-1.27725e+07;0;0;0;0;0;0;580515134;581495561;9069994
954;5.27367e-15;-141;1638;11730;11651;1;276;-2.14748e+09;-1.27725e+07;0;0;0;0;0;0;580515134;581495561;9069994
955;5.32765e-15;-142;1684;11744;11730;1;263;-2.14748e+09;-1.27204e+07;-1;0;0;0;-1;0;581423171;582413947;9142565
955;5.27367e-15;-142;1638;11730;11651;1;276;-2.14748e+09;-1.27204e+07;0;0;0;0;0;0;581423171;582413947;9142565
956;5.32765e-15;-143;1684;11744;11730;1;263;-2.14748e+09;-1.26686e+07;0;0;0;0;0;0;582328285;583329476;9215367
956;5.27367e-15;-143;1638;11730;11651;1;276;-2.14748e+09;-1.26686e+07;0;0;0;0;0;0;582328285;583329476;9215367
957;5.32765e-15;-143;1684;11744;11730;1;263;-2.14748e+09;-1.26172e+07;-1;0;0;0;-1;0;583230488;584242162;9288400
957;5.27367e-15;-143;1638;11730;11651;1;276;-2.14748e+09;-1.26172e+07;-1;0;0;0;-1;0;583230488;584242162;9288400
958;5.32765e-15;-143;1684;11744;11730;1;263;-2.14748e+09;-1.25661e+07;-1;0;0;0;-1;0;584129794;585152017;9361661
958;5.27367e-15;-143;1638;11730;11651;1;276;-2.14748e+09;-1.25661e+07;-1;0;0;0;-1;0;584129794;585152017;9361661
959;5.32765e-15;-144;1684;11744;11730;1;263;-2.14748e+09;-1.25153e+07;0;0;0;0;0;0;585026217;586059057;9435149
959;5.27367e-15;-143;1638;11730;11651;1;276;-2.14748e+09;-1.25153e+07;-1;0;0;0;-1;0;585026217;586059057;9435149
960;5.32765e-15;-144;1684;11744;11730;1;263;-2.14748e+09;-1.2465e+07;-1;0;0;0;-1;0;585919771;586963293;9508864
960;5.27367e-15;-143;1638;11730;11651;1;276;-2.14748e+09;-1.2465e+07;-1;0;0;0;-1;0;585919771;586963293;9508864
961;5.32765e-15;-144;1684;11744;11730;1;263;-2.14748e+09;-1.24148e+07;0;0;-1;0;0;-1;586810467;587864739;9582804
961;5.27367e-15;-143;1638;11730;11651;1;276;-2.14748e+09;-1.24148e+07;-1;0;0;0;-1;0;586810467;587864739;9582804
962;5.32765e-15;-144;1684;11744;11730;1;263;-2.14748e+09;-1.23651e+07;-1;0;0;0;-1;0;587698319;588763408;9656967
962;5.27367e-15;-143;1638;11730;11651;1;276;-2.14748e+09;-1.23651e+07;-1;0;0;0;-1;0;587698319;588763408;9656967
963;5.32765e-15;-145;1684;11744;11730;1;263;-2.14748e+09;-1.23157e+07;0;0;0;0;0;0;588583340;589659314;9731352
963;5.27367e-15;-143;1638;11730;11651;1;276;-2.14748e+09;-1.23157e+07;-1;0;0;0;-1;0;588583340;589659314;9731352
964;5.32765e-15;-146;1684;11744;11730;1;263;-2.14748e+09;-1.22665e+07;0;0;0;0;0;0;589465544;590552469;9805958
964;5.27367e-15;-144;1638;11730;11651;1;276;-2.14748e+09;-1.22665e+07;0;0;0;0;0;0;589465544;590552469;9805958
965;5.32765e-15;-146;1684;11744;11730;1;263;-2.14748e+09;-1.22179e+07;-1;0;0;0;-1;0;590344943;591442886;9880784
965;5.27367e-15;-144;1638;11730;11651;1;276;-2.14748e+09;-1.22179e+07;-1;0;0;0;-1;0;590344943;591442886;9880784
966;5.32765e-15;-146;1684;11744;11730;1;263;-2.14748e+09;-1.21693e+07;-1;0;0;0;-1;0;591221549;592330578;9955828
966;5.27367e-15;-144;1638;11730;11651;1;276;-2.14748e+09;-1.21693e+07;-1;0;0;0;-1;0;591221549;592330578;9955828
967;5.32765e-15;-147;1684;11744;11730;1;263;-2.14748e+09;-1.21212e+07;0;0;0;0;0;0;592095376;593215558;10031088
967;5.27367e-15;-144;1638;11730;11651;1;276;-2.14748e+09;-1.21211e+07;-1;0;0;0;-1;0;592095376;593215558;10031088
968;5.32765e-15;-148;1684;11744;11730;1;263;-2.14748e+09;-1.20733e+07;0;0;0;0;0;0;592966436;594097838;10106565
968;5.27367e-15;-144;1638;11730;11651;1;276;-2.14748e+09;-1.20733e+07;-1;0;0;0;-1;0;592966436;594097838;10106565
969;5.32765e-15;-149;1684;11744;11730;1;263;-2.14748e+09;-1.20257e+07;0;0;0;0;0;0;593834742;594977432;10182256
969;5.27367e-15;-145;1638;11730;11651;1;276;-2.14748e+09;-1.20257e+07;0;0;0;0;0;0;593834742;594977432;10182256
970;5.32765e-15;-149;1684;11744;11730;1;263;-2.14748e+09;-1.19785e+07;-1;0;0;0;-1;0;594700306;595854351;10258159
970;5.27367e-15;-146;1638;11730;11651;1;276;-2.14748e+09;-1.19785e+07;0;0;0;0;0;0;594700306;595854351;10258159
971;5.32765e-15;-150;1684;11744;11730;1;263;-2.14748e+09;-1.19316e+07;0;0;0;0;0;0;595563141;596728608;10334275
971;5.27367e-15;-146;1638;11730;11651;1;276;-2.14748e+09;-1.19316e+07;-1;0;0;0;-1;0;595563141;596728608;10334275
972;5.32765e-15;-151;1684;11744;11730;1;263;-2.14748e+09;-1.18849e+07;0;0;0;0;0;0;596423258;597600216;10410600
972;5.27367e-15;-147;1638;11730;11651;1;276;-2.14748e+09;-1.18849e+07;0;0;0;0;0;0;596423258;597600216;10410600
973;5.32765e-15;-151;1684;11744;11730;1;263;-2.14748e+09;-1.18386e+07;-1;0;0;0;-1;0;597280671;598469187;10487135
973;5.27367e-15;-148;1638;11730;11651;1;276;-2.14748e+09;-1.18386e+07;0;0;0;0;0;0;597280671;598469187;10487135
974;5.32765e-15;-151;1684;11744;11730;1;263;-2.14748e+09;-1.17926e+07;-1;0;0;0;-1;0;598135391;599335532;10563878
974;5.27367e-15;-149;1638;11730;11651;1;276;-2.14748e+09;-1.17926e+07;0;0;0;0;0;0;598135391;599335532;10563878
975;5.32765e-15;-152;1684;11744;11730;1;263;-2.14748e+09;-1.17468e+07;0;0;0;0;0;0;598987431;600199265;10640827
975;5.27367e-15;-150;1638;11730;11651;1;276;-2.14748e+09;-1.17468e+07;0;0;0;0;0;0;598987431;600199265;10640827
976;5.32765e-15;-153;1684;11744;11730;1;263;-2.14748e+09;-1.17013e+07;0;0;0;0;0;0;599836802;601060396;10717981
976;5.27367e-15;-151;1638;11730;11651;1;276;-2.14748e+09;-1.17013e+07;0;0;0;0;0;0;599836802;601060396;10717981
977;5.32765e-15;-153;1684;11744;11730;1;263;-2.14748e+09;-1.16561e+07;-1;0;0;0;-1;0;600683517;601918939;10795338
977;5.27367e-15;-151;1638;11730;11651;1;276;-2.14748e+09;-1.16561e+07;-1;0;0;0;-1;0;600683517;601918939;10795338
978;5.32765e-15;-154;1684;11744;11730;1;263;-2.14748e+09;-1.16112e+07;0;0;0;0;0;0;601527587;602774905;10872898
978;5.27367e-15;-151;1638;11730;11651;1;276;-2.14748e+09;-1.16112e+07;-1;0;0;0;-1;0;601527587;602774905;10872898
979;5.32765e-15;-155;1684;11744;11730;1;263;-2.14748e+09;-1.15666e+07;0;0;0;0;0;0;602369025;603628306;10950660
979;5.27367e-15;-152;1638;11730;11651;1;276;-2.14748e+09;-1.15666e+07;0;0;0;0;0;0;602369025;603628306;10950660
980;5.32765e-15;-155;1684;11744;11730;1;263;-2.14748e+09;-1.15224e+07;-1;0;0;0;-1;0;603207841;604479154;11028621
980;5.27367e-15;-153;1638;11730;11651;1;276;-2.14748e+09;-1.15224e+07;0;0;0;0;0;0;603207841;604479154;11028621
981;5.32765e-15;-155;1684;11744;11730;1;263;-2.14748e+09;-1.14782e+07;-1;0;0;0;-1;0;604044048;605327460;11106781
981;5.27367e-15;-154;1638;11730;11651;1;276;-2.14748e+09;-1.14782e+07;0;0;0;0;0;0;604044048;605327460;11106781
982;5.32765e-15;-155;1684;11744;11730;1;263;-2.14748e+09;-1.14344e+07;-1;0;0;0;-1;0;604877658;606173237;11185138
982;5.27367e-15;-154;1638;11730;11651;1;276;-2.14748e+09;-1.14344e+07;-1;0;0;0;-1;0;604877658;606173237;11185138
983;5.32765e-15;-156;1684;11744;11730;1;263;-2.14748e+09;-1.13909e+07;0;0;0;0;0;0;605708681;607016495;11263690
983;5.27367e-15;-155;1638;11730;11651;1;276;-2.14748e+09;-1.13909e+07;0;0;0;0;0;0;605708681;607016495;11263690
984;5.32765e-15;-156;1684;11744;11730;1;263;-2.14748e+09;-1.13476e+07;-1;0;0;0;-1;0;606537129;607857246;11342438
984;5.27367e-15;-155;1638;11730;11651;1;276;-2.14748e+09;-1.13476e+07;-1;0;0;0;-1;0;606537129;607857246;11342438
985;5.32765e-15;-157;1684;11744;11730;1;263;-2.14748e+09;-1.13047e+07;0;0;0;0;0;0;607363015;608695501;11421378
985;5.27367e-15;-156;1638;11730;11651;1;276;-2.14748e+09;-1.13046e+07;0;0;0;0;0;0;607363015;608695501;11421378
986;5.32765e-15;-158;1684;11744;11730;1;263;-2.14748e+09;-1.12619e+07;0;0;0;0;0;0;608186348;609531273;11500511
986;5.27367e-15;-157;1638;11730;11651;1;276;-2.14748e+09;-1.12619e+07;0;0;0;0;0;0;608186348;609531273;11500511
987;5.32765e-15;-159;1684;11744;11730;1;263;-2.14748e+09;-1.12194e+07;0;0;0;0;0;0;609007140;610364571;11579834
987;5.27367e-15;-157;1638;11730;11651;1;276;-2.14748e+09;-1.12194e+07;-1;0;0;0;-1;0;609007140;610364571;11579834
988;5.32765e-15;-159;1684;11744;11730;1;263;-2.14748e+09;-1.11772e+07;-1;0;0;0;-1;0;609825403;611195408;11659347
988;5.27367e-15;-158;1638;11730;11651;1;276;-2.14748e+09;-1.11772e+07;0;0;0;0;0;0;609825403;611195408;11659347
989;5.32765e-15;-160;1684;11744;11730;1;263;-2.14748e+09;-1.11352e+07;0;0;0;0;0;0;610641148;612023795;11739047
989;5.27367e-15;-159;1638;11730;11651;1;276;-2.14748e+09;-1.11352e+07;0;0;0;0;0;0;610641148;612023795;11739047
990;5.32765e-15;-161;1684;11744;11730;1;263;-2.14748e+09;-1.10935e+07;0;0;0;0;0;0;611454385;612849742;11818935
990;5.27367e-15;-159;1638;11730;11651;1;276;-2.14748e+09;-1.10935e+07;-1;0;0;0;-1;0;611454385;612849742;11818935
991;5.32765e-15;-161;1684;11744;11730;1;263;-2.14748e+09;-1.10521e+07;-1;0;0;0;-1;0;612265126;613673261;11899008
991;5.27367e-15;-159;1638;11730;11651;1;276;-2.14748e+09;-1.10521e+07;-1;0;0;0;-1;0;612265126;613673261;11899008
992;5.32765e-15;-161;1684;11744;11730;1;263;-2.14748e+09;-1.10109e+07;-1;0;0;0;-1;0;613073382;614494362;11979265
992;5.27367e-15;-159;1638;11730;11651;1;276;-2.14748e+09;-1.10109e+07;-1;0;0;0;-1;0;613073382;614494362;11979265
993;5.32765e-15;-161;1684;11744;11730;1;263;-2.14748e+09;-1.09699e+07;-1;0;0;0;-1;0;613879163;615313057;12059704
993;5.27367e-15;-159;1638;11730;11651;1;276;-2.14748e+09;-1.09699e+07;-1;0;0;0;-1;0;613879163;615313057;12059704
994;5.32765e-15;-161;1684;11744;11730;1;263;-2.14748e+09;-1.09292e+07;-1;0;0;0;-1;0;614682481;616129356;12140326
994;5.27367e-15;-159;1638;11730;11651;1;276;-2.14748e+09;-1.09292e+07;-1;0;0;0;-1;0;614682481;616129356;12140326
995;5.32765e-15;-161;1684;11744;11730;1;263;-2.14748e+09;-1.08888e+07;-1;0;0;0;-1;0;615483345;616943270;12221127
995;5.27367e-15;-160;1638;11730;11651;1;276;-2.14748e+09;-1.08888e+07;0;0;0;0;0;0;615483345;616943270;12221127
996;5.32765e-15;-161;1684;11744;11730;1;263;-2.14748e+09;-1.08486e+07;-1;0;0;0;-1;0;616281768;617754809;12302108
996;5.27367e-15;-160;1638;11730;11651;1;276;-2.14748e+09;-1.08486e+07;-1;0;0;0;-1;0;616281768;617754809;12302108
997;5.32765e-15;-161;1684;11744;11730;1;263;-2.14748e+09;-1.08086e+07;-1;0;0;0;-1;0;617077758;618563985;12383266
997;5.27367e-15;-161;1638;11730;11651;1;276;-2.14748e+09;-1.08086e+07;0;0;0;0;0;0;617077758;618563985;12383266
998;5.32765e-15;-161;1684;11744;11730;1;263;-2.14748e+09;-1.07688e+07;-1;0;0;0;-1;0;617871328;619370807;12464600
998;5.27367e-15;-162;1638;11730;11651;1;276;-2.14748e+09;-1.07688e+07;0;0;0;0;0;0;617871328;619370807;12464600
999;5.32765e-15;-161;1684;11744;11730;1;263;-2.14748e+09;-1.07293e+07;-1;0;0;0;-1;0;618662487;620175287;12546110
999;5.27367e-15;-162;1638;11730;11651;1;276;-2.14748e+09;-1.07293e+07;-1;0;0;0;-1;0;618662487;620175287;12546110
1000;5.32765e-15;-161;1684;11744;11730;1;263;-2.14748e+09;-1.069e+07;-1;0;0;0;-1;0;619451246;620977435;12627793
1000;5.27367e-15;-163;1638;11730;11651;1;276;-2.14748e+09;-1.069e+07;0;0;0;0;0;0;619451246;620977435;12627793
1001;5.32765e-15;-161;1684;11744;11730;1;263;-2.14748e+09;-1.0651e+07;-1;0;0;0;-1;0;620237615;621777261;12709649
1001;5.27367e-15;-164;1638;11730;11651;1;276;-2.14748e+09;-1.0651e+07;0;0;0;0;0;0;620237615;621777261;12709649
1002;5.32765e-15;-162;1684;11744;11730;1;263;-2.14748e+09;-1.06123e+07;0;0;0;0;0;0;621021604;622574775;12791676
1002;5.27367e-15;-164;1638;11730;11651;1;276;-2.14748e+09;-1.06123e+07;-1;0;0;0;-1;0;621021604;622574775;12791676
1003;5.32765e-15;-162;1684;11744;11730;1;263;-2.14748e+09;-1.05736e+07;-1;0;0;0;-1;0;621803225;623369987;12873873
1003;5.27367e-15;-165;1638;11730;11651;1;276;-2.14748e+09;-1.05736e+07;0;0;0;0;0;0;621803225;623369987;12873873
1004;5.32765e-15;-162;1684;11744;11730;1;263;-2.14748e+09;-1.05353e+07;-1;0;0;0;-1;0;622582486;624162908;12956239
1004;5.27367e-15;-166;1638;11730;11651;1;276;-2.14748e+09;-1.05353e+07;0;0;0;0;0;0;622582486;624162908;12956239
1005;5.32765e-15;-163;1684;11744;11730;1;263;-2.14748e+09;-1.04971e+07;0;0;0;0;0;0;623359398;624953549;13038772
1005;5.27367e-15;-167;1638;11730;11651;1;276;-2.14748e+09;-1.04971e+07;0;0;0;0;0;0;623359398;624953549;13038772
1006;5.32765e-15;-163;1684;11744;11730;1;263;-2.14748e+09;-1.04593e+07;-1;0;0;0;-1;0;624133972;625741918;13121471
1006;5.27367e-15;-167;1638;11730;11651;1;276;-2.14748e+09;-1.04593e+07;-1;0;0;0;-1;0;624133972;625741918;13121471
1007;5.32765e-15;-164;1684;11744;11730;1;263;-2.14748e+09;-1.04215e+07;0;0;0;0;0;0;624906216;626528025;13204334
1007;5.27367e-15;-167;1638;11730;11651;1;276;-2.14748e+09;-1.04215e+07;-1;0;0;0;-1;0;624906216;626528025;13204334
1008;5.32765e-15;-165;1684;11744;11730;1;263;-2.14748e+09;-1.0384e+07;0;0;0;0;0;0;625676142;627311882;13287362
1008;5.27367e-15;-167;1638;11730;11651;1;276;-2.14748e+09;-1.0384e+07;-1;0;0;0;-1;0;625676142;627311882;13287362
1009;5.32765e-15;-165;1684;11744;11730;1;263;-2.14748e+09;-1.03467e+07;-1;0;0;0;-1;0;626443759;628093498;13370552
1009;5.27367e-15;-167;1638;11730;11651;1;276;-2.14748e+09;-1.03467e+07;-1;0;0;0;-1;0;626443759;628093498;13370552
1010;5.32765e-15;-165;1684;11744;11730;1;263;-2.14748e+09;-1.03097e+07;-1;0;0;0;-1;0;627209076;628872882;13453902
1010;5.27367e-15;-168;1638;11730;11651;1;276;-2.14748e+09;-1.03097e+07;0;0;0;0;0;0;627209076;628872882;13453902
1011;5.32765e-15;-166;1684;11744;11730;1;263;-2.14748e+09;-1.02729e+07;0;0;0;0;0;0;627972104;629650044;13537413
1011;5.27367e-15;-168;1638;11730;11651;1;276;-2.14748e+09;-1.02729e+07;-1;0;0;0;-1;0;627972104;629650044;13537413
1012;5.32765e-15;-166;1684;11744;11730;1;263;-2.14748e+09;-1.02362e+07;-1;0;0;0;-1;0;628732853;630424994;13621081
1012;5.27367e-15;-168;1638;11730;11651;1;276;-2.14748e+09;-1.02362e+07;-1;0;0;0;-1;0;628732853;630424994;13621081
1013;5.32765e-15;-166;1684;11744;11730;1;263;-2.14748e+09;-1.01998e+07;-1;0;0;0;-1;0;629491331;631197741;13704908
1013;5.27367e-15;-168;1638;11730;11651;1;276;-2.14748e+09;-1.01998e+07;-1;0;0;0;-1;0;629491331;631197741;13704908
1014;5.32765e-15;-167;1684;11744;11730;1;263;-2.14748e+09;-1.01636e+07;0;0;0;0;0;0;630247549;631968296;13788890
1014;5.27367e-15;-169;1638;11730;11651;1;276;-2.14748e+09;-1.01636e+07;0;0;0;0;0;0;630247549;631968296;13788890
1015;5.32765e-15;-167;1684;11744;11730;1;263;-2.14748e+09;-1.01275e+07;-1;0;0;0;-1;0;631001516;632736667;13873026
1015;5.27367e-15;-169;1638;11730;11651;1;276;-2.14748e+09;-1.01275e+07;-1;0;0;0;-1;0;631001516;632736667;13873026
1016;5.32765e-15;-167;1684;11744;11730;1;263;-2.14748e+09;-1.00918e+07;-1;0;0;0;-1;0;631753242;633502865;13957316
1016;5.27367e-15;-169;1638;11730;11651;1;276;-2.14748e+09;-1.00918e+07;-1;0;0;0;-1;0;631753242;633502865;13957316
1017;5.32765e-15;-167;1684;11744;11730;1;263;-2.14748e+09;-1.00561e+07;-1;0;0;0;-1;0;632502735;634266897;14041759
1017;5.27367e-15;-169;1638;11730;11651;1;276;-2.14748e+09;-1.00561e+07;-1;0;0;0;-1;0;632502735;634266897;14041759
1018;5.32765e-15;-168;1684;11744;11730;1;263;-2.14748e+09;-1.00208e+07;0;0;0;0;0;0;633250006;635028775;14126352
1018;5.27367e-15;-170;1638;11730;11651;1;276;-2.14748e+09;-1.00208e+07;0;0;0;0;0;0;633250006;635028775;14126352
1019;5.32765e-15;-169;1684;11744;11730;1;263;-2.14748e+09;-9.98552e+06;0;0;0;0;0;0;633995064;635788507;14211095
1019;5.27367e-15;-171;1638;11730;11651;1;276;-2.14748e+09;-9.98552e+06;0;0;0;0;0;0;633995064;635788507;14211095
1020;5.32765e-15;-170;1684;11744;11730;1;263;-2.14748e+09;-9.95051e+06;0;0;0;0;0;0;634737918;636546102;14295987
1020;5.27367e-15;-171;1638;11730;11651;1;276;-2.14748e+09;-9.95051e+06;-1;0;0;0;-1;0;634737918;636546102;14295987
1021;5.32765e-15;-170;1684;11744;11730;1;263;-2.14748e+09;-9.9158e+06;-1;0;0;0;-1;0;635478577;637301570;14381025
1021;5.27367e-15;-171;1638;11730;11651;1;276;-2.14748e+09;-9.9158e+06;-1;0;0;0;-1;0;635478577;637301570;14381025
1022;5.32765e-15;-170;1684;11744;11730;1;263;-2.14748e+09;-9.88108e+06;-1;0;0;0;-1;0;636217051;638054919;14466210
1022;5.27367e-15;-172;1638;11730;11651;1;276;-2.14748e+09;-9.88108e+06;0;0;0;0;0;0;636217051;638054919;14466210
1023;5.32765e-15;-171;1684;11744;11730;1;263;-2.14748e+09;-9.84676e+06;0;0;0;0;0;0;636953348;638806159;14551539
1023;5.27367e-15;-173;1638;11730;11651;1;276;-2.14748e+09;-9.84676e+06;0;0;0;0;0;0;636953348;638806159;14551539
1024;5.32765e-15;-172;1684;11744;11730;1;263;-2.14748e+09;-9.81242e+06;0;0;0;0;0;0;637687478;639555299;14637012
1024;5.27367e-15;-174;1638;11730;11651;1;276;-2.14748e+09;-9.81242e+06;0;0;0;0;0;0;637687478;639555299;14637012
1025;5.32765e-15;-173;1684;11744;11730;1;263;-2.14748e+09;-9.77848e+06;0;0;0;0;0;0;638419449;640302347;14722628
1025;5.27367e-15;-174;1638;11730;11651;1;276;-2.14748e+09;-9.77848e+06;-1;0;0;0;-1;0;638419449;640302347;14722628
1026;5.32765e-15;-173;1684;11744;11730;1;263;-2.14748e+09;-9.74452e+06;-1;0;0;0;-1;0;639149271;641047313;14808384
1026;5.27367e-15;-174;1638;11730;11651;1;276;-2.14748e+09;-9.74452e+06;-1;0;0;0;-1;0;639149271;641047313;14808384
1027;5.32765e-15;-173;1684;11744;11730;1;263;-2.14748e+09;-9.71085e+06;-1;0;0;0;-1;0;639876953;641790205;14894280
1027;5.27367e-15;-174;1638;11730;11651;1;276;-2.14748e+09;-9.71085e+06;-1;0;0;0;-1;0;639876953;641790205;14894280
1028;5.32765e-15;-174;1684;11744;11730;1;263;-2.14748e+09;-9.67746e+06;0;0;0;0;0;0;640602503;642531033;14980315
1028;5.27367e-15;-174;1638;11730;11651;1;276;-2.14748e+09;-9.67746e+06;-1;0;0;0;-1;0;640602503;642531033;14980315
1029;5.32765e-15;-175;1684;11744;11730;1;263;-2.14748e+09;-9.64406e+06;0;0;0;0;0;0;641325930;643269805;15066487
1029;5.27367e-15;-175;1638;11730;11651;1;276;-2.14748e+09;-9.64406e+06;0;0;0;0;0;0;641325930;643269805;15066487
1030;5.32765e-15;-176;1684;11744;11730;1;263;-2.14748e+09;-9.61094e+06;0;0;0;0;0;0;642047243;644006529;15152796
1030;5.27367e-15;-176;1638;11730;11651;1;276;-2.14748e+09;-9.61094e+06;0;0;0;0;0;0;642047243;644006529;15152796
1031;5.32765e-15;-176;1684;11744;11730;1;263;-2.14748e+09;-9.5781e+06;-1;0;0;0;-1;0;642766450;644741215;15239239
1031;5.27367e-15;-176;1638;11730;11651;1;276;-2.14748e+09;-9.5781e+06;-1;0;0;0;-1;0;642766450;644741215;15239239
1032;5.32765e-15;-177;1684;11744;11730;1;263;-2.14748e+09;-9.54524e+06;0;0;0;0;0;0;643483561;645473871;15325816
1032;5.27367e-15;-176;1638;11730;11651;1;276;-2.14748e+09;-9.54524e+06;-1;0;0;0;-1;0;643483561;645473871;15325816
1033;5.32765e-15;-178;1684;11744;11730;1;263;-2.14748e+09;-9.51266e+06;0;0;0;0;0;0;644198584;646204505;15412526
1033;5.27367e-15;-177;1638;11730;11651;1;276;-2.14748e+09;-9.51266e+06;0;0;0;0;0;0;644198584;646204505;15412526
1034;5.32765e-15;-178;1684;11744;11730;1;263;-2.14748e+09;-9.48025e+06;-1;0;0;0;-1;0;644911527;646933126;15499367
1034;5.27367e-15;-177;1638;11730;11651;1;276;-2.14748e+09;-9.48025e+06;-1;0;0;0;-1;0;644911527;646933126;15499367
1035;5.32765e-15;-179;1684;11744;11730;1;263;-2.14748e+09;-9.44802e+06;0;0;0;0;0;0;645622399;647659743;15586339
1035;5.27367e-15;-178;1638;11730;11651;1;276;-2.14748e+09;-9.44802e+06;0;0;0;0;0;0;645622399;647659743;15586339
1036;5.32765e-15;-179;1684;11744;11730;1;263;-2.14748e+09;-9.41596e+06;-1;0;0;0;-1;0;646331209;648384363;15673439
1036;5.27367e-15;-178;1638;11730;11651;1;276;-2.14748e+09;-9.41596e+06;-1;0;0;0;-1;0;646331209;648384363;15673439
1037;5.32765e-15;-180;1684;11744;11730;1;263;-2.14748e+09;-9.38407e+06;0;0;0;0;0;0;647037964;649106996;15760667
1037;5.27367e-15;-179;1638;11730;11651;1;276;-2.14748e+09;-9.38407e+06;0;0;0;0;0;0;647037964;649106996;15760667
1038;5.32765e-15;-180;1684;11744;11730;1;263;-2.14748e+09;-9.35236e+06;-1;0;0;0;-1;0;647742674;649827649;15848022
1038;5.27367e-15;-179;1638;11730;11651;1;276;-2.14748e+09;-9.35236e+06;-1;0;0;0;-1;0;647742674;649827649;15848022
1039;5.32765e-15;-181;1684;11744;11730;1;263;-2.14748e+09;-9.32081e+06;0;0;0;0;0;0;648445346;650546331;15935502
1039;5.27367e-15;-179;1638;11730;11651;1;276;-2.14748e+09;-9.32081e+06;-1;0;0;0;-1;0;648445346;650546331;15935502
1040;5.32765e-15;-181;1684;11744;11730;1;263;-2.14748e+09;-9.28943e+06;-1;0;0;0;-1;0;649145989;651263049;16023107
1040;5.27367e-15;-179;1638;11730;11651;1;276;-2.14748e+09;-9.28943e+06;-1;0;0;0;-1;0;649145989;651263049;16023107
1041;5.32765e-15;-182;1684;11744;11730;1;263;-2.14748e+09;-9.25822e+06;0;0;0;0;0;0;649844611;651977813;16110834
1041;5.27367e-15;-180;1638;11730;11651;1;276;-2.14748e+09;-9.25822e+06;0;0;0;0;0;0;649844611;651977813;16110834
1042;5.32765e-15;-183;1684;11744;11730;1;263;-2.14748e+09;-9.22718e+06;0;0;0;0;0;0;650541220;652690630;16198683
1042;5.27367e-15;-180;1638;11730;11651;1;276;-2.14748e+09;-9.22718e+06;-1;0;0;0;-1;0;650541220;652690630;16198683
1043;5.32765e-15;-184;1684;11744;11730;1;263;-2.14748e+09;-9.1963e+06;0;0;0;0;0;0;651235824;653401508;16286654
1043;5.27367e-15;-181;1638;11730;11651;1;276;-2.14748e+09;-9.1963e+06;0;0;0;0;0;0;651235824;653401508;16286654
1044;5.32765e-15;-184;1684;11744;11730;1;263;-2.14748e+09;-9.16558e+06;-1;0;0;0;-1;0;651928432;654110456;16374743
1044;5.27367e-15;-182;1638;11730;11651;1;276;-2.14748e+09;-9.16558e+06;0;0;0;0;0;0;651928432;654110456;16374743
1045;5.32765e-15;-185;1684;11744;11730;1;263;-2.14748e+09;-9.13502e+06;0;0;0;0;0;0;652619051;654817480;16462951
1045;5.27367e-15;-182;1638;11730;11651;1;276;-2.14748e+09;-9.13502e+06;-1;0;0;0;-1;0;652619051;654817480;16462951
1046;5.32765e-15;-185;1684;11744;11730;1;263;-2.14748e+09;-9.10463e+06;-1;0;0;0;-1;0;653307690;655522590;16551277
1046;5.27367e-15;-182;1638;11730;11651;1;276;-2.14748e+09;-9.10463e+06;-1;0;0;0;-1;0;653307690;655522590;16551277
1047;5.32765e-15;-185;1684;11744;11730;1;263;-2.14748e+09;-9.07439e+06;-1;0;0;0;-1;0;653994356;656225793;16639718
1047;5.27367e-15;-183;1638;11730;11651;1;276;-2.14748e+09;-9.07439e+06;0;0;0;0;0;0;653994356;656225793;16639718
1048;5.32765e-15;-185;1684;11744;11730;1;263;-2.14748e+09;-9.04431e+06;-1;0;0;0;-1;0;654679058;656927096;16728275
1048;5.27367e-15;-183;1638;11730;11651;1;276;-2.14748e+09;-9.04431e+06;-1;0;0;0;-1;0;654679058;656927096;16728275
1049;5.32765e-15;-185;1684;11744;11730;1;263;-2.14748e+09;-9.01439e+06;-1;0;0;0;-1;0;655361803;657626508;16816945
1049;5.27367e-15;-183;1638;11730;11651;1;276;-2.14748e+09;-9.01439e+06;-1;0;0;0;-1;0;655361803;657626508;16816945
1050;5.32765e-15;-186;1684;11744;11730;1;263;-2.14748e+09;-8.98462e+06;0;0;0;0;0;0;656042598;658324037;16905728
1050;5.27367e-15;-184;1638;11730;11651;1;276;-2.14748e+09;-8.98462e+06;0;0;0;0;0;0;656042598;658324037;16905728
1051;5.32765e-15;-186;1684;11744;11730;1;263;-2.14748e+09;-8.95501e+06;-1;0;0;0;-1;0;656721453;659019689;16994622
1051;5.27367e-15;-184;1638;11730;11651;1;276;-2.14748e+09;-8.95501e+06;-1;0;0;0;-1;0;656721453;659019689;16994622
1052;5.32765e-15;-186;1684;11744;11730;1;263;-2.14748e+09;-8.92556e+06;-1;0;0;0;-1;0;657398374;659713473;17083627
1052;5.27367e-15;-185;1638;11730;11651;1;276;-2.14748e+09;-8.92556e+06;0;0;0;0;0;0;657398374;659713473;17083627
1053;5.32765e-15;-186;1684;11744;11730;1;263;-2.14748e+09;-8.89625e+06;-1;0;0;0;-1;0;658073369;660405397;17172740
1053;5.27367e-15;-186;1638;11730;11651;1;276;-2.14748e+09;-8.89625e+06;0;0;0;0;0;0;658073369;660405397;17172740
1054;5.32765e-15;-186;1684;11744;11730;1;263;-2.14748e+09;-8.8671e+06;-1;0;0;0;-1;0;658746446;661095467;17261962
1054;5.27367e-15;-186;1638;11730;11651;1;276;-2.14748e+09;-8.8671e+06;-1;0;0;0;-1;0;658746446;661095467;17261962
1055;5.32765e-15;-186;1684;11744;11730;1;263;-2.14748e+09;-8.83809e+06;-1;0;0;0;-1;0;659417613;661783692;17351291
1055;5.27367e-15;-187;1638;11730;11651;1;276;-2.14748e+09;-8.83809e+06;0;0;0;0;0;0;659417613;661783692;17351291
1056;5.32765e-15;-187;1684;11744;11730;1;263;-2.14748e+09;-8.80934e+06;0;0;0;0;0;0;660086876;662470078;17440726
1056;5.27367e-15;-188;1638;11730;11651;1;276;-2.14748e+09;-8.80934e+06;0;0;0;0;0;0;660086876;662470078;17440726
1057;5.32765e-15;-187;1684;11744;11730;1;263;-2.14748e+09;-8.78053e+06;-1;0;0;0;-1;0;660754244;663154634;17530266
1057;5.27367e-15;-188;1638;11730;11651;1;276;-2.14748e+09;-8.78053e+06;-1;0;0;0;-1;0;660754244;663154634;17530266
1058;5.32765e-15;-187;1684;11744;11730;1;263;-2.14748e+09;-8.75197e+06;-1;0;0;0;-1;0;661419724;663837366;17619909
1058;5.27367e-15;-188;1638;11730;11651;1;276;-2.14748e+09;-8.75197e+06;-1;0;0;0;-1;0;661419724;663837366;17619909
1059;5.32765e-15;-188;1684;11744;11730;1;263;-2.14748e+09;-8.72355e+06;0;0;0;0;0;0;662083324;664518282;17709654
1059;5.27367e-15;-189;1638;11730;11651;1;276;-2.14748e+09;-8.72355e+06;0;0;0;0;0;0;662083324;664518282;17709654
1060;5.32765e-15;-188;1684;11744;11730;1;263;-2.14748e+09;-8.69538e+06;-1;0;0;0;-1;0;662745050;665197389;17799501
1060;5.27367e-15;-190;1638;11730;11651;1;276;-2.14748e+09;-8.69538e+06;0;0;0;0;0;0;662745050;665197389;17799501
1061;5.32765e-15;-189;1684;11744;11730;1;263;-2.14748e+09;-8.66715e+06;0;0;0;0;0;0;663404911;665874696;17889449
1061;5.27367e-15;-191;1638;11730;11651;1;276;-2.14748e+09;-8.66715e+06;0;0;0;0;0;0;663404911;665874696;17889449
1062;5.32765e-15;-190;1684;11744;11730;1;263;-2.14748e+09;-8.63927e+06;0;0;0;0;0;0;664062913;666550207;17979495
1062;5.27367e-15;-192;1638;11730;11651;1;276;-2.14748e+09;-8.63927e+06;0;0;0;0;0;0;664062913;666550207;17979495
1063;5.32765e-15;-190;1684;11744;11730;1;263;-2.14748e+09;-8.61132e+06;-1;0;0;0;-1;0;664719064;667223932;18069640
1063;5.27367e-15;-192;1638;11730;11651;1;276;-2.14748e+09;-8.61132e+06;-1;0;0;0;-1;0;664719064;667223932;18069640
1064;5.32765e-15;-191;1684;11744;11730;1;263;-2.14748e+09;-8.58362e+06;0;0;0;0;0;0;665373371;667895877;18159881
1064;5.27367e-15;-193;1638;11730;11651;1;276;-2.14748e+09;-8.58362e+06;0;0;0;0;0;0;665373371;667895877;18159881
1065;5.32765e-15;-192;1684;11744;11730;1;263;-2.14748e+09;-8.55606e+06;0;0;0;0;0;0;666025842;668566049;18250218
1065;5.27367e-15;-194;1638;11730;11651;1;276;-2.14748e+09;-8.55606e+06;0;0;0;0;0;0;666025842;668566049;18250218
1066;5.32765e-15;-192;1684;11744;11730;1;263;-2.14748e+09;-8.52863e+06;-1;0;0;0;-1;0;666676483;669234455;18340651
1066;5.27367e-15;-195;1638;11730;11651;1;276;-2.14748e+09;-8.52863e+06;0;0;0;0;0;0;666676483;669234455;18340651
1067;5.32765e-15;-193;1684;11744;11730;1;263;-2.14748e+09;-8.50134e+06;0;0;0;0;0;0;667325301;669901102;18431177
1067;5.27367e-15;-196;1638;11730;11651;1;276;-2.14748e+09;-8.50134e+06;0;0;0;0;0;0;667325301;669901102;18431177
1068;5.32765e-15;-194;1684;11744;11730;1;263;-2.14748e+09;-8.47419e+06;0;0;0;0;0;0;667972304;670565997;18521795
1068;5.27367e-15;-197;1638;11730;11651;1;276;-2.14748e+09;-8.47419e+06;0;0;0;0;0;0;667972304;670565997;18521795
1069;5.32765e-15;-194;1684;11744;11730;1;263;-2.14748e+09;-8.44717e+06;-1;0;0;0;-1;0;668617498;671229148;18612505
1069;5.27367e-15;-198;1638;11730;11651;1;276;-2.14748e+09;-8.44717e+06;0;0;0;0;0;0;668617498;671229148;18612505
1070;5.32765e-15;-194;1684;11744;11730;1;263;-2.14748e+09;-8.42028e+06;-1;0;0;0;-1;0;669260892;671890561;18703306
1070;5.27367e-15;-198;1638;11730;11651;1;276;-2.14748e+09;-8.42028e+06;-1;0;0;0;-1;0;669260892;671890561;18703306
1071;5.32765e-15;-194;1684;11744;11730;1;263;-2.14748e+09;-8.39354e+06;-1;0;0;0;-1;0;669902490;672550242;18794196
1071;5.27367e-15;-199;1638;11730;11651;1;276;-2.14748e+09;-8.39354e+06;0;0;0;0;0;0;669902490;672550242;18794196
1072;5.32765e-15;-194;1684;11744;11730;1;263;-2.14748e+09;-8.36692e+06;-1;0;0;0;-1;0;670542302;673208199;18885175
1072;5.27367e-15;-200;1638;11730;11651;1;276;-2.14748e+09;-8.36692e+06;0;0;0;0;0;0;670542302;673208199;18885175
1073;5.32765e-15;-194;1684;11744;11730;1;263;-2.14748e+09;-8.34043e+06;-1;0;0;0;-1;0;671180333;673864439;18976240
1073;5.27367e-15;-200;1638;11730;11651;1;276;-2.14748e+09;-8.34043e+06;-1;0;0;0;-1;0;671180333;673864439;18976240
1074;5.32765e-15;-195;1684;11744;11730;1;263;-2.14748e+09;-8.31407e+06;0;0;0;0;0;0;671816590;674518968;19067392
1074;5.27367e-15;-200;1638;11730;11651;1;276;-2.14748e+09;-8.31407e+06;-1;0;0;0;-1;0;671816590;674518968;19067392
1075;5.32765e-15;-196;1684;11744;11730;1;263;-2.14748e+09;-8.28785e+06;0;0;0;0;0;0;672451080;675171793;19158630
1075;5.27367e-15;-201;1638;11730;11651;1;276;-2.14748e+09;-8.28785e+06;0;0;0;0;0;0;672451080;675171793;19158630
1076;5.32765e-15;-196;1684;11744;11730;1;263;-2.14748e+09;-8.26185e+06;-1;0;0;0;-1;0;673083811;675822920;19249951
1076;5.27367e-15;-201;1638;11730;11651;1;276;-2.14748e+09;-8.26185e+06;-1;0;0;0;-1;0;673083811;675822920;19249951
1077;5.32765e-15;-196;1684;11744;11730;1;263;-2.14748e+09;-8.23588e+06;-1;0;0;0;-1;0;673714788;676472357;19341356
1077;5.27367e-15;-202;1638;11730;11651;1;276;-2.14748e+09;-8.23588e+06;0;0;0;0;0;0;673714788;676472357;19341356
1078;5.32765e-15;-196;1684;11744;11730;1;263;-2.14748e+09;-8.20994e+06;-1;0;0;0;-1;0;674344018;677120109;19432842
1078;5.27367e-15;-203;1638;11730;11651;1;276;-2.14748e+09;-8.20994e+06;0;0;0;0;0;0;674344018;677120109;19432842
1079;5.32765e-15;-197;1684;11744;11730;1;263;-2.14748e+09;-8.18422e+06;0;0;0;0;0;0;674971508;677766184;19524410
1079;5.27367e-15;-203;1638;11730;11651;1;276;-2.14748e+09;-8.18422e+06;-1;0;0;0;-1;0;674971508;677766184;19524410
1080;5.32765e-15;-197;1684;11744;11730;1;263;-2.14748e+09;-8.15862e+06;-1;0;0;0;-1;0;675597265;678410588;19616058
1080;5.27367e-15;-204;1638;11730;11651;1;276;-2.14748e+09;-8.15862e+06;0;0;0;0;0;0;675597265;678410588;19616058
1081;5.32765e-15;-197;1684;11744;11730;1;263;-2.14748e+09;-8.13316e+06;-1;0;0;0;-1;0;676221296;679053327;19707784
1081;5.27367e-15;-205;1638;11730;11651;1;276;-2.14748e+09;-8.13316e+06;0;0;0;0;0;0;676221296;679053327;19707784
1082;5.32765e-15;-198;1684;11744;11730;1;263;-2.14748e+09;-8.10781e+06;0;0;0;0;0;0;676843606;679694408;19799589
1082;5.27367e-15;-206;1638;11730;11651;1;276;-2.14748e+09;-8.10781e+06;0;0;0;0;0;0;676843606;679694408;19799589
1083;5.32765e-15;-198;1684;11744;11730;1;263;-2.14748e+09;-8.08259e+06;-1;0;0;0;-1;0;677464202;680333837;19891470
1083;5.27367e-15;-206;1638;11730;11651;1;276;-2.14748e+09;-8.08259e+06;-1;0;0;0;-1;0;677464202;680333837;19891470
1084;5.32765e-15;-199;1684;11744;11730;1;263;-2.14748e+09;-8.05748e+06;0;0;0;0;0;0;678083092;680971621;19983428
1084;5.27367e-15;-206;1638;11730;11651;1;276;-2.14748e+09;-8.05748e+06;-1;0;0;0;-1;0;678083092;680971621;19983428
1085;5.32765e-15;-200;1684;11744;11730;1;263;-2.14748e+09;-8.0326e+06;0;0;0;0;0;0;678700281;681607765;20075460
1085;5.27367e-15;-206;1638;11730;11651;1;276;-2.14748e+09;-8.0326e+06;-1;0;0;0;-1;0;678700281;681607765;20075460
1086;5.32765e-15;-200;1684;11744;11730;1;263;-2.14748e+09;-8.00764e+06;-1;0;0;0;-1;0;679315775;682242277;20167566
1086;5.27367e-15;-206;1638;11730;11651;1;276;-2.14748e+09;-8.00764e+06;-1;0;0;0;-1;0;679315775;682242277;20167566
1087;5.32765e-15;-200;1684;11744;11730;1;263;-2.14748e+09;-7.9829e+06;-1;0;0;0;-1;0;679929582;682875162;20259745
1087;5.27367e-15;-206;1638;11730;11651;1;276;-2.14748e+09;-7.9829e+06;-1;0;0;0;-1;0;679929582;682875162;20259745
1088;5.32765e-15;-200;1684;11744;11730;1;263;-2.14748e+09;-7.95827e+06;-1;0;0;0;-1;0;680541707;683506427;20351996
1088;5.27367e-15;-206;1638;11730;11651;1;276;-2.14748e+09;-7.95827e+06;-1;0;0;0;-1;0;680541707;683506427;20351996
1089;5.32765e-15;-200;1684;11744;11730;1;263;-2.14748e+09;-7.93376e+06;-1;0;0;0;-1;0;681152157;684136078;20444318
1089;5.27367e-15;-207;1638;11730;11651;1;276;-2.14748e+09;-7.93376e+06;0;0;0;0;0;0;681152157;684136078;20444318
1090;5.32765e-15;-200;1684;11744;11730;1;263;-2.14748e+09;-7.90937e+06;-1;0;0;0;-1;0;681760939;684764121;20536710
1090;5.27367e-15;-207;1638;11730;11651;1;276;-2.14748e+09;-7.90937e+06;-1;0;0;0;-1;0;681760939;684764121;20536710
1091;5.32765e-15;-200;1684;11744;11730;1;263;-2.14748e+09;-7.8852e+06;-1;0;0;0;-1;0;682368057;685390563;20629171
1091;5.27367e-15;-207;1638;11730;11651;1;276;-2.14748e+09;-7.8852e+06;-1;0;0;0;-1;0;682368057;685390563;20629171
1092;5.32765e-15;-201;1684;11744;11730;1;263;-2.14748e+09;-7.86094e+06;0;0;0;0;0;0;682973520;686015408;20721700
1092;5.27367e-15;-207;1638;11730;11651;1;276;-2.14748e+09;-7.86094e+06;-1;0;0;0;-1;0;682973520;686015408;20721700
1093;5.32765e-15;-201;1684;11744;11730;1;263;-2.14748e+09;-7.83689e+06;-1;0;0;0;-1;0;683577332;686638664;20814295
1093;5.27367e-15;-208;1638;11730;11651;1;276;-2.14748e+09;-7.83689e+06;0;0;0;0;0;0;683577332;686638664;20814295
1094;5.32765e-15;-202;1684;11744;11730;1;263;-2.14748e+09;-7.81296e+06;0;0;0;0;0;0;684179500;687260337;20906957
1094;5.27367e-15;-208;1638;11730;11651;1;276;-2.14748e+09;-7.81296e+06;-1;0;0;0;-1;0;684179500;687260337;20906957
1095;5.32765e-15;-203;1684;11744;11730;1;263;-2.14748e+09;-7.78914e+06;0;0;0;0;0;0;684780030;687880432;20999684
1095;5.27367e-15;-208;1638;11730;11651;1;276;-2.14748e+09;-7.78914e+06;-1;0;0;0;-1;0;684780030;687880432;20999684
1096;5.32765e-15;-203;1684;11744;11730;1;263;-2.14748e+09;-7.76543e+06;-1;0;0;0;-1;0;685378929;688498955;21092474
1096;5.27367e-15;-209;1638;11730;11651;1;276;-2.14748e+09;-7.76543e+06;0;0;0;0;0;0;685378929;688498955;21092474
1097;5.32765e-15;-204;1684;11744;11730;1;263;-2.14748e+09;-7.74193e+06;0;0;0;0;0;0;685976202;689115912;21185328
1097;5.27367e-15;-210;1638;11730;11651;1;276;-2.14748e+09;-7.74193e+06;0;0;0;0;0;0;685976202;689115912;21185328
1098;5.32765e-15;-205;1684;11744;11730;1;263;-2.14748e+09;-7.71834e+06;0;0;0;0;0;0;686571855;689731310;21278244
1098;5.27367e-15;-211;1638;11730;11651;1;276;-2.14748e+09;-7.71834e+06;0;0;0;0;0;0;686571855;689731310;21278244
1099;5.32765e-15;-205;1684;11744;11730;1;263;-2.14748e+09;-7.69496e+06;-1;0;0;0;-1;0;687165894;690345154;21371221
1099;5.27367e-15;-211;1638;11730;11651;1;276;-2.14748e+09;-7.69496e+06;-1;0;0;0;-1;0;687165894;690345154;21371221
1100;5.32765e-15;-205;1684;11744;11730;1;263;-2.14748e+09;-7.67169e+06;-1;0;0;0;-1;0;687758326;690957449;21464258
1100;5.27367e-15;-212;1638;11730;11651;1;276;-2.14748e+09;-7.67169e+06;0;0;0;0;0;0;687758326;690957449;21464258
1101;5.32765e-15;-206;1684;11744;11730;1;263;-2.14748e+09;-7.64863e+06;0;0;0;0;0;0;688349156;691568203;21557354
1101;5.27367e-15;-213;1638;11730;11651;1;276;-2.14748e+09;-7.64863e+06;0;0;0;0;0;0;688349156;691568203;21557354
1102;5.32765e-15;-206;1684;11744;11730;1;263;-2.14748e+09;-7.62547e+06;-1;0;0;0;-1;0;688938391;692177420;21650509
1102;5.27367e-15;-213;1638;11730;11651;1;276;-2.14748e+09;-7.62547e+06;0;0;-1;0;0;-1;688938391;692177420;21650509
1103;5.32765e-15;-206;1684;11744;11730;1;263;-2.14748e+09;-7.60252e+06;-1;0;0;0;-1;0;689526035;692785106;21743721
1103;5.27367e-15;-214;1638;11730;11651;1;276;-2.14748e+09;-7.60253e+06;0;0;0;0;0;0;689526035;692785106;21743721
1104;5.32765e-15;-207;1684;11744;11730;1;263;-2.14748e+09;-7.57968e+06;0;0;0;0;0;0;690112095;693391267;21836990
1104;5.27367e-15;-215;1638;11730;11651;1;276;-2.14748e+09;-7.57968e+06;0;0;0;0;0;0;690112095;693391267;21836990
1105;5.32765e-15;-208;1684;11744;11730;1;263;-2.14748e+09;-7.55704e+06;0;0;0;0;0;0;690696577;693995908;21930314
1105;5.27367e-15;-216;1638;11730;11651;1;276;-2.14748e+09;-7.55704e+06;0;0;0;0;0;0;690696577;693995908;21930314
1106;5.32765e-15;-209;1684;11744;11730;1;263;-2.14748e+09;-7.53441e+06;0;0;0;0;0;0;691279487;694599036;22023692
1106;5.27367e-15;-216;1638;11730;11651;1;276;-2.14748e+09;-7.53441e+06;-1;0;0;0;-1;0;691279487;694599036;22023692
1107;5.32765e-15;-210;1684;11744;11730;1;263;-2.14748e+09;-7.51178e+06;0;0;0;0;0;0;691860829;695200656;22117124
1107;5.27367e-15;-217;1638;11730;11651;1;276;-2.14748e+09;-7.51178e+06;0;0;0;0;0;0;691860829;695200656;22117124
1108;5.32765e-15;-210;1684;11744;11730;1;263;-2.14748e+09;-7.48936e+06;-1;0;0;0;-1;0;692440611;695800773;22210609
1108;5.27367e-15;-218;1638;11730;11651;1;276;-2.14748e+09;-7.48936e+06;0;0;0;0;0;0;692440611;695800773;22210609
1109;5.32765e-15;-210;1684;11744;11730;1;263;-2.14748e+09;-7.46703e+06;-1;0;0;0;-1;0;693018837;696399393;22304146
1109;5.27367e-15;-219;1638;11730;11651;1;276;-2.14748e+09;-7.46703e+06;0;0;0;0;0;0;693018837;696399393;22304146
1110;5.32765e-15;-211;1684;11744;11730;1;263;-2.14748e+09;-7.44481e+06;0;0;0;0;0;0;693595514;696996522;22397734
1110;5.27367e-15;-220;1638;11730;11651;1;276;-2.14748e+09;-7.44481e+06;0;0;0;0;0;0;693595514;696996522;22397734
1111;5.32765e-15;-211;1684;11744;11730;1;263;-2.14748e+09;-7.42269e+06;-1;0;0;0;-1;0;694170647;697592165;22491371
1111;5.27367e-15;-221;1638;11730;11651;1;276;-2.14748e+09;-7.42269e+06;0;0;0;0;0;0;694170647;697592165;22491371
1112;5.32765e-15;-211;1684;11744;11730;1;263;-2.14748e+09;-7.40066e+06;-1;0;0;0;-1;0;694744242;698186327;22585058
1112;5.27367e-15;-222;1638;11730;11651;1;276;-2.14748e+09;-7.40066e+06;0;0;0;0;0;0;694744242;698186327;22585058
1113;5.32765e-15;-211;1684;11744;11730;1;263;-2.14748e+09;-7.37874e+06;-1;0;0;0;-1;0;695316303;698779014;22678793
1113;5.27367e-15;-222;1638;11730;11651;1;276;-2.14748e+09;-7.37874e+06;-1;0;0;0;-1;0;695316303;698779014;22678793
1114;5.32765e-15;-212;1684;11744;11730;1;263;-2.14748e+09;-7.35692e+06;0;0;0;0;0;0;695886838;699370232;22772575
1114;5.27367e-15;-223;1638;11730;11651;1;276;-2.14748e+09;-7.35692e+06;0;0;0;0;0;0;695886838;699370232;22772575
1115;5.32765e-15;-213;1684;11744;11730;1;263;-2.14748e+09;-7.33519e+06;0;0;0;0;0;0;696455851;699959985;22866404
1115;5.27367e-15;-224;1638;11730;11651;1;276;-2.14748e+09;-7.33519e+06;0;0;0;0;0;0;696455851;699959985;22866404
1116;5.32765e-15;-214;1684;11744;11730;1;263;-2.14748e+09;-7.31357e+06;0;0;0;0;0;0;697023348;700548279;22960278
1116;5.27367e-15;-224;1638;11730;11651;1;276;-2.14748e+09;-7.31357e+06;-1;0;0;0;-1;0;697023348;700548279;22960278
1117;5.32765e-15;-215;1684;11744;11730;1;263;-2.14748e+09;-7.29204e+06;0;0;0;0;0;0;697589334;701135120;23054196
1117;5.27367e-15;-224;1638;11730;11651;1;276;-2.14748e+09;-7.29204e+06;-1;0;0;0;-1;0;697589334;701135120;23054196
1118;5.32765e-15;-215;1684;11744;11730;1;263;-2.14748e+09;-7.2706e+06;-1;0;0;0;-1;0;698153814;701720512;23148159
1118;5.27367e-15;-225;1638;11730;11651;1;276;-2.14748e+09;-7.2706e+06;0;0;0;0;0;0;698153814;701720512;23148159
1119;5.32765e-15;-215;1684;11744;11730;1;263;-2.14748e+09;-7.24926e+06;-1;0;0;0;-1;0;698716795;702304462;23242164
1119;5.27367e-15;-225;1638;11730;11651;1;276;-2.14748e+09;-7.24926e+06;-1;0;0;0;-1;0;698716795;702304462;23242164
1120;5.32765e-15;-215;1684;11744;11730;1;263;-2.14748e+09;-7.22802e+06;-1;0;0;0;-1;0;699278282;702886973;23336211
1120;5.27367e-15;-225;1638;11730;11651;1;276;-2.14748e+09;-7.22802e+06;-1;0;0;0;-1;0;699278282;702886973;23336211
1121;5.32765e-15;-216;1684;11744;11730;1;263;-2.14748e+09;-7.20687e+06;0;0;0;0;0;0;699838279;703468052;23430300
1121;5.27367e-15;-226;1638;11730;11651;1;276;-2.14748e+09;-7.20687e+06;0;0;0;0;0;0;699838279;703468052;23430300
1122;5.32765e-15;-216;1684;11744;11730;1;263;-2.14748e+09;-7.18581e+06;-1;0;0;0;-1;0;700396793;704047704;23524428
1122;5.27367e-15;-227;1638;11730;11651;1;276;-2.14748e+09;-7.18582e+06;0;0;0;0;0;0;700396793;704047704;23524428
1123;5.32765e-15;-216;1684;11744;11730;1;263;-2.14748e+09;-7.16485e+06;-1;0;0;0;-1;0;700953828;704625933;23618596
1123;5.27367e-15;-227;1638;11730;11651;1;276;-2.14748e+09;-7.16485e+06;-1;0;0;0;-1;0;700953828;704625933;23618596
1124;5.32765e-15;-217;1684;11744;11730;1;263;-2.14748e+09;-7.14398e+06;0;0;0;0;0;0;701509390;705202745;23712803
1124;5.27367e-15;-228;1638;11730;11651;1;276;-2.14748e+09;-7.14398e+06;0;0;0;0;0;0;701509390;705202745;23712803
1125;5.32765e-15;-218;1684;11744;11730;1;263;-2.14748e+09;-7.12321e+06;0;0;0;0;0;0;702063484;705778145;23807047
1125;5.27367e-15;-228;1638;11730;11651;1;276;-2.14748e+09;-7.12321e+06;-1;0;0;0;-1;0;702063484;705778145;23807047
1126;5.32765e-15;-219;1684;11744;11730;1;263;-2.14748e+09;-7.10252e+06;0;0;0;0;0;0;702616116;706352139;23901328
1126;5.27367e-15;-229;1638;11730;11651;1;276;-2.14748e+09;-7.10252e+06;0;0;0;0;0;0;702616116;706352139;23901328
1127;5.32765e-15;-220;1684;11744;11730;1;263;-2.14748e+09;-7.08193e+06;0;0;0;0;0;0;703167290;706924730;23995645
1127;5.27367e-15;-229;1638;11730;11651;1;276;-2.14748e+09;-7.08193e+06;-1;0;0;0;-1;0;703167290;706924730;23995645
1128;5.32765e-15;-220;1684;11744;11730;1;263;-2.14748e+09;-7.06142e+06;-1;0;0;0;-1;0;703717012;707495924;24089997
1128;5.27367e-15;-230;1638;11730;11651;1;276;-2.14748e+09;-7.06142e+06;0;0;0;0;0;0;703717012;707495924;24089997
1129;5.32765e-15;-220;1684;11744;11730;1;263;-2.14748e+09;-7.04101e+06;-1;0;0;0;-1;0;704265286;708065727;24184383
1129;5.27367e-15;-231;1638;11730;11651;1;276;-2.14748e+09;-7.04101e+06;0;0;0;0;0;0;704265286;708065727;24184383
1130;5.32765e-15;-220;1684;11744;11730;1;263;-2.14748e+09;-7.02068e+06;-1;0;0;0;-1;0;704812119;708634142;24278803
1130;5.27367e-15;-231;1638;11730;11651;1;276;-2.14748e+09;-7.02068e+06;-1;0;0;0;-1;0;704812119;708634142;24278803
1131;5.32765e-15;-221;1684;11744;11730;1;263;-2.14748e+09;-7.00044e+06;0;0;0;0;0;0;705357515;709201176;24373256
1131;5.27367e-15;-232;1638;11730;11651;1;276;-2.14748e+09;-7.00044e+06;0;0;0;0;0;0;705357515;709201176;24373256
1132;5.32765e-15;-222;1684;11744;11730;1;263;-2.14748e+09;-6.98029e+06;0;0;0;0;0;0;705901479;709766832;24467740
1132;5.27367e-15;-233;1638;11730;11651;1;276;-2.14748e+09;-6.98029e+06;0;0;0;0;0;0;705901479;709766832;24467740
1133;5.32765e-15;-223;1684;11744;11730;1;263;-2.14748e+09;-6.96023e+06;0;0;0;0;0;0;706444016;710331117;24562255
1133;5.27367e-15;-234;1638;11730;11651;1;276;-2.14748e+09;-6.96023e+06;0;0;0;0;0;0;706444016;710331117;24562255
1134;5.32765e-15;-223;1684;11744;11730;1;263;-2.14748e+09;-6.94026e+06;-1;0;0;0;-1;0;706985132;710894033;24656801
1134;5.27367e-15;-235;1638;11730;11651;1;276;-2.14748e+09;-6.94026e+06;0;0;0;0;0;0;706985132;710894033;24656801
1135;5.32765e-15;-223;1684;11744;11730;1;263;-2.14748e+09;-6.92037e+06;-1;0;0;0;-1;0;707524831;711455588;24751375
1135;5.27367e-15;-235;1638;11730;11651;1;276;-2.14748e+09;-6.92037e+06;-1;0;0;0;-1;0;707524831;711455588;24751375
1136;5.32765e-15;-223;1684;11744;11730;1;263;-2.14748e+09;-6.90056e+06;-1;0;0;0;-1;0;708063118;712015785;24845979
1136;5.27367e-15;-235;1638;11730;11651;1;276;-2.14748e+09;-6.90056e+06;-1;0;0;0;-1;0;708063118;712015785;24845979
1137;5.32765e-15;-223;1684;11744;11730;1;263;-2.14748e+09;-6.88085e+06;-1;0;0;0;-1;0;708599998;712574629;24940610
1137;5.27367e-15;-236;1638;11730;11651;1;276;-2.14748e+09;-6.88085e+06;0;0;0;0;0;0;708599998;712574629;24940610
1138;5.32765e-15;-224;1684;11744;11730;1;263;-2.14748e+09;-6.86121e+06;0;0;0;0;0;0;709135477;713132124;25035268
1138;5.27367e-15;-236;1638;11730;11651;1;276;-2.14748e+09;-6.86121e+06;-1;0;0;0;-1;0;709135477;713132124;25035268
1139;5.32765e-15;-225;1684;11744;11730;1;263;-2.14748e+09;-6.84166e+06;0;0;0;0;0;0;709669559;713688277;25129952
1139;5.27367e-15;-236;1638;11730;11651;1;276;-2.14748e+09;-6.84166e+06;-1;0;0;0;-1;0;709669559;713688277;25129952
1140;5.32765e-15;-226;1684;11744;11730;1;263;-2.14748e+09;-6.8222e+06;0;0;0;0;0;0;710202248;714243091;25224661
1140;5.27367e-15;-237;1638;11730;11651;1;276;-2.14748e+09;-6.8222e+06;0;0;0;0;0;0;710202248;714243091;25224661
1141;5.32765e-15;-227;1684;11744;11730;1;263;-2.14748e+09;-6.80282e+06;0;0;0;0;0;0;710733550;714796570;25319395
1141;5.27367e-15;-237;1638;11730;11651;1;276;-2.14748e+09;-6.80282e+06;-1;0;0;0;-1;0;710733550;714796570;25319395
1142;5.32765e-15;-228;1684;11744;11730;1;263;-2.14748e+09;-6.78362e+06;0;0;0;0;0;0;711263470;715348721;25414153
1142;5.27367e-15;-238;1638;11730;11651;1;276;-2.14748e+09;-6.78362e+06;0;0;0;0;0;0;711263470;715348721;25414153
1143;5.32765e-15;-228;1684;11744;11730;1;263;-2.14748e+09;-6.7643e+06;-1;0;0;0;-1;0;711792013;715899547;25508934
1143;5.27367e-15;-238;1638;11730;11651;1;276;-2.14748e+09;-6.7643e+06;-1;0;0;0;-1;0;711792013;715899547;25508934
1144;5.32765e-15;-229;1684;11744;11730;1;263;-2.14748e+09;-6.74516e+06;0;0;0;0;0;0;712319182;716449053;25603737
1144;5.27367e-15;-238;1638;11730;11651;1;276;-2.14748e+09;-6.74516e+06;-1;0;0;0;-1;0;712319182;716449053;25603737
1145;5.32765e-15;-229;1684;11744;11730;1;263;-2.14748e+09;-6.72611e+06;-1;0;0;0;-1;0;712844984;716997243;25698561
1145;5.27367e-15;-238;1638;11730;11651;1;276;-2.14748e+09;-6.72611e+06;-1;0;0;0;-1;0;712844984;716997243;25698561
1146;5.32765e-15;-230;1684;11744;11730;1;263;-2.14748e+09;-6.70713e+06;0;0;0;0;0;0;713369423;717544123;25793406
1146;5.27367e-15;-239;1638;11730;11651;1;276;-2.14748e+09;-6.70713e+06;0;0;0;0;0;0;713369423;717544123;25793406
1147;5.32765e-15;-230;1684;11744;11730;1;263;-2.14748e+09;-6.68824e+06;-1;0;0;0;-1;0;713892502;718089696;25888271
1147;5.27367e-15;-239;1638;11730;11651;1;276;-2.14748e+09;-6.68824e+06;-1;0;0;0;-1;0;713892502;718089696;25888271
1148;5.32765e-15;-230;1684;11744;11730;1;263;-2.14748e+09;-6.66942e+06;-1;0;0;0;-1;0;714414229;718633967;25983155
1148;5.27367e-15;-240;1638;11730;11651;1;276;-2.14748e+09;-6.66942e+06;0;0;0;0;0;0;714414229;718633967;25983155
1149;5.32765e-15;-230;1684;11744;11730;1;263;-2.14748e+09;-6.65069e+06;-1;0;0;0;-1;0;714934605;719176941;26078057
1149;5.27367e-15;-241;1638;11730;11651;1;276;-2.14748e+09;-6.65069e+06;0;0;0;0;0;0;714934605;719176941;26078057
1150;5.32765e-15;-231;1684;11744;11730;1;263;-2.14748e+09;-6.63213e+06;0;0;0;0;0;0;715453638;719718623;26172977
1150;5.27367e-15;-242;1638;11730;11651;1;276;-2.14748e+09;-6.63213e+06;0;0;0;0;0;0;715453638;719718623;26172977
1151;5.32765e-15;-232;1684;11744;11730;1;263;-2.14748e+09;-6.61345e+06;0;0;0;0;0;0;715971330;720259016;26267914
1151;5.27367e-15;-242;1638;11730;11651;1;276;-2.14748e+09;-6.61345e+06;-1;0;0;0;-1;0;715971330;720259016;26267914
1152;5.32765e-15;-233;1684;11744;11730;1;263;-2.14748e+09;-6.59505e+06;0;0;0;0;0;0;716487687;720798125;26362867
1152;5.27367e-15;-242;1638;11730;11651;1;276;-2.14748e+09;-6.59505e+06;-1;0;0;0;-1;0;716487687;720798125;26362867
1153;5.32765e-15;-234;1684;11744;11730;1;263;-2.14748e+09;-6.57652e+06;0;0;0;0;0;0;717002714;721335954;26457835
1153;5.27367e-15;-242;1638;11730;11651;1;276;-2.14748e+09;-6.57652e+06;-1;0;0;0;-1;0;717002714;721335954;26457835
1154;5.32765e-15;-234;1684;11744;11730;1;263;-2.14748e+09;-6.55817e+06;-1;0;0;0;-1;0;717516414;721872508;26552818
1154;5.27367e-15;-243;1638;11730;11651;1;276;-2.14748e+09;-6.55818e+06;0;0;0;0;0;0;717516414;721872508;26552818
1155;5.32765e-15;-234;1684;11744;11730;1;263;-2.14748e+09;-6.54e+06;-1;0;0;0;-1;0;718028793;722407792;26647814
1155;5.27367e-15;-243;1638;11730;11651;1;276;-2.14748e+09;-6.54e+06;-1;0;0;0;-1;0;718028793;722407792;26647814
1156;5.32765e-15;-234;1684;11744;11730;1;263;-2.14748e+09;-6.52171e+06;-1;0;0;0;-1;0;718539855;722941809;26742824
1156;5.27367e-15;-244;1638;11730;11651;1;276;-2.14748e+09;-6.52171e+06;0;0;0;0;0;0;718539855;722941809;26742824
1157;5.32765e-15;-235;1684;11744;11730;1;263;-2.14748e+09;-6.50359e+06;0;0;0;0;0;0;719049604;723474564;26837846
1157;5.27367e-15;-245;1638;11730;11651;1;276;-2.14748e+09;-6.50359e+06;0;0;0;0;0;0;719049604;723474564;26837846
1158;5.32765e-15;-236;1684;11744;11730;1;263;-2.14748e+09;-6.48554e+06;0;0;0;0;0;0;719558045;724006061;26932880
1158;5.27367e-15;-245;1638;11730;11651;1;276;-2.14748e+09;-6.48554e+06;-1;0;0;0;-1;0;719558045;724006061;26932880
1159;5.32765e-15;-236;1684;11744;11730;1;263;-2.14748e+09;-6.46757e+06;-1;0;0;0;-1;0;720065182;724536305;27027924
1159;5.27367e-15;-246;1638;11730;11651;1;276;-2.14748e+09;-6.46757e+06;0;0;0;0;0;0;720065182;724536305;27027924
1160;5.32765e-15;-237;1684;11744;11730;1;263;-2.14748e+09;-6.44967e+06;0;0;0;0;0;0;720571020;725065300;27122979
1160;5.27367e-15;-247;1638;11730;11651;1;276;-2.14748e+09;-6.44967e+06;0;0;0;0;0;0;720571020;725065300;27122979
1161;5.32765e-15;-237;1684;11744;11730;1;263;-2.14748e+09;-6.43194e+06;-1;0;0;0;-1;0;721075563;725593049;27218044
1161;5.27367e-15;-247;1638;11730;11651;1;276;-2.14748e+09;-6.43195e+06;-1;0;0;0;-1;0;721075563;725593049;27218044
1162;5.32765e-15;-237;1684;11744;11730;1;263;-2.14748e+09;-6.41409e+06;-1;0;0;0;-1;0;721578816;726119558;27313117
1162;5.27367e-15;-248;1638;11730;11651;1;276;-2.14748e+09;-6.41409e+06;0;0;0;0;0;0;721578816;726119558;27313117
1163;5.32765e-15;-238;1684;11744;11730;1;263;-2.14748e+09;-6.39652e+06;0;0;0;0;0;0;722080783;726644830;27408198
1163;5.27367e-15;-248;1638;11730;11651;1;276;-2.14748e+09;-6.39652e+06;-1;0;0;0;-1;0;722080783;726644830;27408198
1164;5.32765e-15;-238;1684;11744;11730;1;263;-2.14748e+09;-6.37881e+06;-1;0;0;0;-1;0;722581468;727168869;27503287
1164;5.27367e-15;-249;1638;11730;11651;1;276;-2.14748e+09;-6.37881e+06;0;0;0;0;0;0;722581468;727168869;27503287
1165;5.32765e-15;-239;1684;11744;11730;1;263;-2.14748e+09;-6.36127e+06;0;0;0;0;0;0;723080876;727691680;27598382
1165;5.27367e-15;-249;1638;11730;11651;1;276;-2.14748e+09;-6.36127e+06;-1;0;0;0;-1;0;723080876;727691680;27598382
1166;5.32765e-15;-239;1684;11744;11730;1;263;-2.14748e+09;-6.34381e+06;-1;0;0;0;-1;0;723579010;728213267;27693484
1166;5.27367e-15;-250;1638;11730;11651;1;276;-2.14748e+09;-6.34381e+06;0;0;0;0;0;0;723579010;728213267;27693484
1167;5.32765e-15;-240;1684;11744;11730;1;263;-2.14748e+09;-6.32642e+06;0;0;0;0;0;0;724075876;728733634;27788590
1167;5.27367e-15;-251;1638;11730;11651;1;276;-2.14748e+09;-6.32642e+06;0;0;0;0;0;0;724075876;728733634;27788590
1168;5.32765e-15;-240;1684;11744;11730;1;263;-2.14748e+09;-6.30909e+06;-1;0;0;0;-1;0;724571478;729252786;27883701
1168;5.27367e-15;-252;1638;11730;11651;1;276;-2.14748e+09;-6.30909e+06;0;0;0;0;0;0;724571478;729252786;27883701
1169;5.32765e-15;-241;1684;11744;11730;1;263;-2.14748e+09;-6.29184e+06;0;0;0;0;0;0;725065819;729770725;27978817
1169;5.27367e-15;-252;1638;11730;11651;1;276;-2.14748e+09;-6.29184e+06;-1;0;0;0;-1;0;725065819;729770725;27978817
1170;5.32765e-15;-242;1684;11744;11730;1;263;-2.14748e+09;-6.27466e+06;0;0;0;0;0;0;725558904;730287456;28073935
1170;5.27367e-15;-252;1638;11730;11651;1;276;-2.14748e+09;-6.27466e+06;-1;0;0;0;-1;0;725558904;730287456;28073935
1171;5.32765e-15;-243;1684;11744;11730;1;263;-2.14748e+09;-6.25764e+06;0;0;0;0;0;0;726050738;730802984;28169056
1171;5.27367e-15;-253;1638;11730;11651;1;276;-2.14748e+09;-6.25764e+06;0;0;0;0;0;0;726050738;730802984;28169056
1172;5.32765e-15;-243;1684;11744;11730;1;263;-2.14748e+09;-6.2405e+06;-1;0;0;0;-1;0;726541324;731317311;28264178
1172;5.27367e-15;-254;1638;11730;11651;1;276;-2.14748e+09;-6.2405e+06;0;0;0;0;0;0;726541324;731317311;28264178
1173;5.32765e-15;-244;1684;11744;11730;1;263;-2.14748e+09;-6.22352e+06;0;0;0;0;0;0;727030666;731830443;28359302
1173;5.27367e-15;-254;1638;11730;11651;1;276;-2.14748e+09;-6.22352e+06;-1;0;0;0;-1;0;727030666;731830443;28359302
1174;5.32765e-15;-245;1684;11744;11730;1;263;-2.14748e+09;-6.20661e+06;0;0;0;0;0;0;727518769;732342383;28454426
1174;5.27367e-15;-254;1638;11730;11651;1;276;-2.14748e+09;-6.20661e+06;-1;0;0;0;-1;0;727518769;732342383;28454426
1175;5.32765e-15;-245;1684;11744;11730;1;263;-2.14748e+09;-6.18977e+06;-1;0;0;0;-1;0;728005637;732853135;28549551
1175;5.27367e-15;-254;1638;11730;11651;1;276;-2.14748e+09;-6.18977e+06;-1;0;0;0;-1;0;728005637;732853135;28549551
1176;5.32765e-15;-245;1684;11744;11730;1;263;-2.14748e+09;-6.173e+06;-1;0;0;0;-1;0;728491274;733362703;28644674
1176;5.27367e-15;-255;1638;11730;11651;1;276;-2.14748e+09;-6.173e+06;0;0;0;0;0;0;728491274;733362703;28644674
1177;5.32765e-15;-246;1684;11744;11730;1;263;-2.14748e+09;-6.15629e+06;0;0;0;0;0;0;728975684;733871091;28739796
1177;5.27367e-15;-256;1638;11730;11651;1;276;-2.14748e+09;-6.15629e+06;0;0;0;0;0;0;728975684;733871091;28739796
1178;5.32765e-15;-247;1684;11744;11730;1;263;-2.14748e+09;-6.13965e+06;0;0;0;0;0;0;729458871;734378303;28834916
1178;5.27367e-15;-256;1638;11730;11651;1;276;-2.14748e+09;-6.13965e+06;-1;0;0;0;-1;0;729458871;734378303;28834916
1179;5.32765e-15;-247;1684;11744;11730;1;263;-2.14748e+09;-6.12307e+06;-1;0;0;0;-1;0;729940839;734884343;28930033
1179;5.27367e-15;-256;1638;11730;11651;1;276;-2.14748e+09;-6.12307e+06;-1;0;0;0;-1;0;729940839;734884343;28930033
1180;5.32765e-15;-248;1684;11744;11730;1;263;-2.14748e+09;-6.10656e+06;0;0;0;0;0;0;730421593;735389214;29025146
1180;5.27367e-15;-256;1638;11730;11651;1;276;-2.14748e+09;-6.10656e+06;-1;0;0;0;-1;0;730421593;735389214;29025146
1181;5.32765e-15;-248;1684;11744;11730;1;263;-2.14748e+09;-6.09012e+06;-1;0;0;0;-1;0;730901136;735892921;29120256
1181;5.27367e-15;-256;1638;11730;11651;1;276;-2.14748e+09;-6.09012e+06;-1;0;0;0;-1;0;730901136;735892921;29120256
1182;5.32765e-15;-248;1684;11744;11730;1;263;-2.14748e+09;-6.07374e+06;-1;0;0;0;-1;0;731379471;736395466;29215360
1182;5.27367e-15;-256;1638;11730;11651;1;276;-2.14748e+09;-6.07374e+06;-1;0;0;0;-1;0;731379471;736395466;29215360
1183;5.32765e-15;-248;1684;11744;11730;1;263;-2.14748e+09;-6.05743e+06;-1;0;0;0;-1;0;731856605;736896855;29310460
1183;5.27367e-15;-257;1638;11730;11651;1;276;-2.14748e+09;-6.05743e+06;0;0;0;0;0;0;731856605;736896855;29310460
1184;5.32765e-15;-248;1684;11744;11730;1;263;-2.14748e+09;-6.04118e+06;-1;0;0;0;-1;0;732332539;737397091;29405553
1184;5.27367e-15;-257;1638;11730;11651;1;276;-2.14748e+09;-6.04118e+06;-1;0;0;0;-1;0;732332539;737397091;29405553
1185;5.32765e-15;-248;1684;11744;11730;1;263;-2.14748e+09;-6.02499e+06;-1;0;0;0;-1;0;732807279;737896177;29500640
1185;5.27367e-15;-257;1638;11730;11651;1;276;-2.14748e+09;-6.02499e+06;-1;0;0;0;-1;0;732807279;737896177;29500640
1186;5.32765e-15;-249;1684;11744;11730;1;263;-2.14748e+09;-6.00886e+06;0;0;0;0;0;0;733280827;738394117;29595719
1186;5.27367e-15;-257;1638;11730;11651;1;276;-2.14748e+09;-6.00886e+06;-1;0;0;0;-1;0;733280827;738394117;29595719
1187;5.32765e-15;-249;1684;11744;11730;1;263;-2.14748e+09;-5.9928e+06;-1;0;0;0;-1;0;733753189;738890916;29690791
1187;5.27367e-15;-257;1638;11730;11651;1;276;-2.14748e+09;-5.9928e+06;-1;0;0;0;-1;0;733753189;738890916;29690791
1188;5.32765e-15;-249;1684;11744;11730;1;263;-2.14748e+09;-5.97681e+06;-1;0;0;0;-1;0;734224367;739386576;29785854
1188;5.27367e-15;-257;1638;11730;11651;1;276;-2.14748e+09;-5.97681e+06;-1;0;0;0;-1;0;734224367;739386576;29785854
1189;5.32765e-15;-250;1684;11744;11730;1;263;-2.14748e+09;-5.96087e+06;0;0;0;0;0;0;734694366;739881101;29880908
1189;5.27367e-15;-258;1638;11730;11651;1;276;-2.14748e+09;-5.96087e+06;0;0;0;0;0;0;734694366;739881101;29880908
1190;5.32765e-15;-250;1684;11744;11730;1;263;-2.14748e+09;-5.9451e+06;-1;0;0;0;-1;0;735163190;740374496;29975952
1190;5.27367e-15;-258;1638;11730;11651;1;276;-2.14748e+09;-5.9451e+06;-1;0;0;0;-1;0;735163190;740374496;29975952
1191;5.32765e-15;-250;1684;11744;11730;1;263;-2.14748e+09;-5.92928e+06;-1;0;0;0;-1;0;735630842;740866764;30070986
1191;5.27367e-15;-259;1638;11730;11651;1;276;-2.14748e+09;-5.92928e+06;0;0;0;0;0;0;735630842;740866764;30070986
1192;5.32765e-15;-251;1684;11744;11730;1;263;-2.14748e+09;-5.91343e+06;0;0;0;0;0;0;736097327;741357907;30166009
1192;5.27367e-15;-260;1638;11730;11651;1;276;-2.14748e+09;-5.91343e+06;0;0;0;0;0;0;736097327;741357907;30166009
1193;5.32765e-15;-251;1684;11744;11730;1;263;-2.14748e+09;-5.89784e+06;-1;0;0;0;-1;0;736562647;741847931;30261021
1193;5.27367e-15;-260;1638;11730;11651;1;276;-2.14748e+09;-5.89784e+06;-1;0;0;0;-1;0;736562647;741847931;30261021
1194;5.32765e-15;-251;1684;11744;11730;1;263;-2.14748e+09;-5.88211e+06;-1;0;0;0;-1;0;737026808;742336838;30356020
1194;5.27367e-15;-261;1638;11730;11651;1;276;-2.14748e+09;-5.88211e+06;0;0;0;0;0;0;737026808;742336838;30356020
1195;5.32765e-15;-251;1684;11744;11730;1;263;-2.14748e+09;-5.86654e+06;-1;0;0;0;-1;0;737489812;742824633;30451006
1195;5.27367e-15;-261;1638;11730;11651;1;276;-2.14748e+09;-5.86654e+06;-1;0;0;0;-1;0;737489812;742824633;30451006
1196;5.32765e-15;-252;1684;11744;11730;1;263;-2.14748e+09;-5.85103e+06;0;0;0;0;0;0;737951663;743311318;30545979
1196;5.27367e-15;-262;1638;11730;11651;1;276;-2.14748e+09;-5.85103e+06;0;0;0;0;0;0;737951663;743311318;30545979
1197;5.32765e-15;-253;1684;11744;11730;1;263;-2.14748e+09;-5.83558e+06;0;0;0;0;0;0;738412366;743796898;30640939
1197;5.27367e-15;-262;1638;11730;11651;1;276;-2.14748e+09;-5.83558e+06;-1;0;0;0;-1;0;738412366;743796898;30640939
1198;5.32765e-15;-254;1684;11744;11730;1;263;-2.14748e+09;-5.82019e+06;0;0;0;0;0;0;738871923;744281375;30735883
1198;5.27367e-15;-263;1638;11730;11651;1;276;-2.14748e+09;-5.82019e+06;0;0;0;0;0;0;738871923;744281375;30735883
1199;5.32765e-15;-254;1684;11744;11730;1;263;-2.14748e+09;-5.80496e+06;-1;0;0;0;-1;0;739330339;744764754;30830813
1199;5.27367e-15;-263;1638;11730;11651;1;276;-2.14748e+09;-5.80496e+06;-1;0;0;0;-1;0;739330339;744764754;30830813
1200;5.32765e-15;-255;1684;11744;11730;1;263;-2.14748e+09;-5.78959e+06;0;0;0;0;0;0;739787617;745247037;30925726
1200;5.27367e-15;-263;1638;11730;11651;1;276;-2.14748e+09;-5.78959e+06;-1;0;0;0;-1;0;739787617;745247037;30925726
1201;5.32765e-15;-255;1684;11744;11730;1;263;-2.14748e+09;-5.77437e+06;-1;0;0;0;-1;0;740243761;745728229;31020624
1201;5.27367e-15;-264;1638;11730;11651;1;276;-2.14748e+09;-5.77437e+06;0;0;0;0;0;0;740243761;745728229;31020624
1202;5.32765e-15;-256;1684;11744;11730;1;263;-2.14748e+09;-5.75921e+06;0;0;0;0;0;0;740698775;746208333;31115505
1202;5.27367e-15;-265;1638;11730;11651;1;276;-2.14748e+09;-5.75921e+06;0;0;0;0;0;0;740698775;746208333;31115505
1203;5.32765e-15;-256;1684;11744;11730;1;263;-2.14748e+09;-5.74421e+06;-1;0;0;0;-1;0;741152661;746687352;31210368
1203;5.27367e-15;-265;1638;11730;11651;1;276;-2.14748e+09;-5.74421e+06;-1;0;0;0;-1;0;741152661;746687352;31210368
1204;5.32765e-15;-256;1684;11744;11730;1;263;-2.14748e+09;-5.72907e+06;-1;0;0;0;-1;0;741605425;747165289;31305213
1204;5.27367e-15;-266;1638;11730;11651;1;276;-2.14748e+09;-5.72907e+06;0;0;0;0;0;0;741605425;747165289;31305213
1205;5.32765e-15;-256;1684;11744;11730;1;263;-2.14748e+09;-5.71408e+06;-1;0;0;0;-1;0;742057069;747642149;31400040
1205;5.27367e-15;-267;1638;11730;11651;1;276;-2.14748e+09;-5.71408e+06;0;0;0;0;0;0;742057069;747642149;31400040
1206;5.32765e-15;-256;1684;11744;11730;1;263;-2.14748e+09;-5.69915e+06;-1;0;0;0;-1;0;742507597;748117934;31494847
1206;5.27367e-15;-267;1638;11730;11651;1;276;-2.14748e+09;-5.69915e+06;-1;0;0;0;-1;0;742507597;748117934;31494847
1207;5.32765e-15;-257;1684;11744;11730;1;263;-2.14748e+09;-5.68428e+06;0;0;0;0;0;0;742957013;748592648;31589635
1207;5.27367e-15;-268;1638;11730;11651;1;276;-2.14748e+09;-5.68428e+06;0;0;0;0;0;0;742957013;748592648;31589635
1208;5.32765e-15;-258;1684;11744;11730;1;263;-2.14748e+09;-5.66946e+06;0;0;0;0;0;0;743405319;749066294;31684403
1208;5.27367e-15;-269;1638;11730;11651;1;276;-2.14748e+09;-5.66946e+06;0;0;0;0;0;0;743405319;749066294;31684403
1209;5.32765e-15;-259;1684;11744;11730;1;263;-2.14748e+09;-5.6548e+06;0;0;0;0;0;0;743852521;749538876;31779150
1209;5.27367e-15;-269;1638;11730;11651;1;276;-2.14748e+09;-5.6548e+06;-1;0;0;0;-1;0;743852521;749538876;31779150
1210;5.32765e-15;-260;1684;11744;11730;1;263;-2.14748e+09;-5.63999e+06;0;0;0;0;0;0;744298620;750010397;31873875
1210;5.27367e-15;-270;1638;11730;11651;1;276;-2.14748e+09;-5.63999e+06;0;0;0;0;0;0;744298620;750010397;31873875
1211;5.32765e-15;-260;1684;11744;11730;1;263;-2.14748e+09;-5.62534e+06;-1;0;0;0;-1;0;744743622;750480860;31968579
1211;5.27367e-15;-271;1638;11730;11651;1;276;-2.14748e+09;-5.62534e+06;0;0;0;0;0;0;744743622;750480860;31968579
1212;5.32765e-15;-260;1684;11744;11730;1;263;-2.14748e+09;-5.61074e+06;-1;0;0;0;-1;0;745187528;750950268;32063260
1212;5.27367e-15;-271;1638;11730;11651;1;276;-2.14748e+09;-5.61074e+06;-1;0;0;0;-1;0;745187528;750950268;32063260
1213;5.32765e-15;-260;1684;11744;11730;1;263;-2.14748e+09;-5.5962e+06;-1;0;0;0;-1;0;745630344;751418626;32157918
1213;5.27367e-15;-271;1638;11730;11651;1;276;-2.14748e+09;-5.5962e+06;-1;0;0;0;-1;0;745630344;751418626;32157918
1214;5.32765e-15;-260;1684;11744;11730;1;263;-2.14748e+09;-5.58181e+06;-1;0;0;0;-1;0;746072071;751885935;32252553
1214;5.27367e-15;-272;1638;11730;11651;1;276;-2.14748e+09;-5.58181e+06;0;0;0;0;0;0;746072071;751885935;32252553
1215;5.32765e-15;-260;1684;11744;11730;1;263;-2.14748e+09;-5.56728e+06;-1;0;0;0;-1;0;746512714;752352200;32347164
1215;5.27367e-15;-272;1638;11730;11651;1;276;-2.14748e+09;-5.56728e+06;-1;0;0;0;-1;0;746512714;752352200;32347164
1216;5.32765e-15;-260;1684;11744;11730;1;263;-2.14748e+09;-5.553e+06;-1;0;0;0;-1;0;746952276;752817424;32441750
1216;5.27367e-15;-273;1638;11730;11651;1;276;-2.14748e+09;-5.553e+06;0;0;0;0;0;0;746952276;752817424;32441750
1217;5.32765e-15;-261;1684;11744;11730;1;263;-2.14748e+09;-5.53857e+06;0;0;0;0;0;0;747390761;753281609;32536311
1217;5.27367e-15;-273;1638;11730;11651;1;276;-2.14748e+09;-5.53857e+06;-1;0;0;0;-1;0;747390761;753281609;32536311
1218;5.32765e-15;-262;1684;11744;11730;1;263;-2.14748e+09;-5.5243e+06;0;0;0;0;0;0;747828172;753744760;32630846
1218;5.27367e-15;-273;1638;11730;11651;1;276;-2.14748e+09;-5.5243e+06;-1;0;0;0;-1;0;747828172;753744760;32630846
1219;5.32765e-15;-263;1684;11744;11730;1;263;-2.14748e+09;-5.51007e+06;0;0;0;0;0;0;748264511;754206878;32725356
1219;5.27367e-15;-273;1638;11730;11651;1;276;-2.14748e+09;-5.51007e+06;-1;0;0;0;-1;0;748264511;754206878;32725356
1220;5.32765e-15;-264;1684;11744;11730;1;263;-2.14748e+09;-5.4959e+06;0;0;0;0;0;0;748699784;754667969;32819838
1220;5.27367e-15;-274;1638;11730;11651;1;276;-2.14748e+09;-5.4959e+06;0;0;0;0;0;0;748699784;754667969;32819838
1221;5.32765e-15;-265;1684;11744;11730;1;263;-2.14748e+09;-5.48179e+06;0;0;0;0;0;0;749133992;755128034;32914294
1221;5.27367e-15;-275;1638;11730;11651;1;276;-2.14748e+09;-5.48179e+06;0;0;0;0;0;0;749133992;755128034;32914294
1222;5.32765e-15;-265;1684;11744;11730;1;263;-2.14748e+09;-5.46772e+06;-1;0;0;0;-1;0;749567140;755587076;33008721
1222;5.27367e-15;-276;1638;11730;11651;1;276;-2.14748e+09;-5.46772e+06;0;0;0;0;0;0;749567140;755587076;33008721
1223;5.32765e-15;-266;1684;11744;11730;1;263;-2.14748e+09;-5.45371e+06;0;0;0;0;0;0;749999230;756045100;33103121
1223;5.27367e-15;-277;1638;11730;11651;1;276;-2.14748e+09;-5.45371e+06;0;0;0;0;0;0;749999230;756045100;33103121
1224;5.32765e-15;-267;1684;11744;11730;1;263;-2.14748e+09;-5.43974e+06;0;0;0;0;0;0;750430267;756502107;33197492
1224;5.27367e-15;-278;1638;11730;11651;1;276;-2.14748e+09;-5.43974e+06;0;0;0;0;0;0;750430267;756502107;33197492
1225;5.32765e-15;-267;1684;11744;11730;1;263;-2.14748e+09;-5.42583e+06;-1;0;0;0;-1;0;750860253;756958102;33291833
1225;5.27367e-15;-278;1638;11730;11651;1;276;-2.14748e+09;-5.42583e+06;-1;0;0;0;-1;0;750860253;756958102;33291833
1226;5.32765e-15;-268;1684;11744;11730;1;263;-2.14748e+09;-5.41197e+06;0;0;0;0;0;0;751289191;757413087;33386145
1226;5.27367e-15;-278;1638;11730;11651;1;276;-2.14748e+09;-5.41197e+06;-1;0;0;0;-1;0;751289191;757413087;33386145
1227;5.32765e-15;-268;1684;11744;11730;1;263;-2.14748e+09;-5.39826e+06;-1;0;0;0;-1;0;751717085;757867066;33480427
1227;5.27367e-15;-278;1638;11730;11651;1;276;-2.14748e+09;-5.39826e+06;-1;0;0;0;-1;0;751717085;757867066;33480427
1228;5.32765e-15;-268;1684;11744;11730;1;263;-2.14748e+09;-5.3845e+06;-1;0;0;0;-1;0;752143939;758320041;33574678
1228;5.27367e-15;-279;1638;11730;11651;1;276;-2.14748e+09;-5.3845e+06;0;0;0;0;0;0;752143939;758320041;33574678
1229;5.32765e-15;-268;1684;11744;11730;1;263;-2.14748e+09;-5.37079e+06;-1;0;0;0;-1;0;752569755;758772015;33668898
1229;5.27367e-15;-279;1638;11730;11651;1;276;-2.14748e+09;-5.37079e+06;-1;0;0;0;-1;0;752569755;758772015;33668898
1230;5.32765e-15;-268;1684;11744;11730;1;263;-2.14748e+09;-5.35702e+06;-1;0;0;0;-1;0;752994536;759222992;33763086
1230;5.27367e-15;-280;1638;11730;11651;1;276;-2.14748e+09;-5.35702e+06;0;0;0;0;0;0;752994536;759222992;33763086
1231;5.32765e-15;-269;1684;11744;11730;1;263;-2.14748e+09;-5.34341e+06;0;0;0;0;0;0;753418286;759672974;33857242
1231;5.27367e-15;-280;1638;11730;11651;1;276;-2.14748e+09;-5.34341e+06;-1;0;0;0;-1;0;753418286;759672974;33857242
1232;5.32765e-15;-270;1684;11744;11730;1;263;-2.14748e+09;-5.32985e+06;0;0;0;0;0;0;753841008;760121966;33951365
1232;5.27367e-15;-280;1638;11730;11651;1;276;-2.14748e+09;-5.32985e+06;-1;0;0;0;-1;0;753841008;760121966;33951365
1233;5.32765e-15;-270;1684;11744;11730;1;263;-2.14748e+09;-5.31634e+06;-1;0;0;0;-1;0;754262706;760569968;34045455
1233;5.27367e-15;-281;1638;11730;11651;1;276;-2.14748e+09;-5.31634e+06;0;0;0;0;0;0;754262706;760569968;34045455
1234;5.32765e-15;-270;1684;11744;11730;1;263;-2.14748e+09;-5.30297e+06;-1;0;0;0;-1;0;754683382;761016985;34139512
1234;5.27367e-15;-281;1638;11730;11651;1;276;-2.14748e+09;-5.30297e+06;-1;0;0;0;-1;0;754683382;761016985;34139512
1235;5.32765e-15;-270;1684;11744;11730;1;263;-2.14748e+09;-5.28945e+06;-1;0;0;0;-1;0;755103039;761463020;34233534
1235;5.27367e-15;-281;1638;11730;11651;1;276;-2.14748e+09;-5.28945e+06;-1;0;0;0;-1;0;755103039;761463020;34233534
1236;5.32765e-15;-270;1684;11744;11730;1;263;-2.14748e+09;-5.27608e+06;-1;0;0;0;-1;0;755521682;761908075;34327522
1236;5.27367e-15;-282;1638;11730;11651;1;276;-2.14748e+09;-5.27608e+06;0;0;0;0;0;0;755521682;761908075;34327522
1237;5.32765e-15;-271;1684;11744;11730;1;263;-2.14748e+09;-5.26276e+06;0;0;0;0;0;0;755939312;762352154;34421475
1237;5.27367e-15;-283;1638;11730;11651;1;276;-2.14748e+09;-5.26276e+06;0;0;0;0;0;0;755939312;762352154;34421475
1238;5.32765e-15;-271;1684;11744;11730;1;263;-2.14748e+09;-5.24949e+06;-1;0;0;0;-1;0;756355933;762795259;34515393
1238;5.27367e-15;-283;1638;11730;11651;1;276;-2.14748e+09;-5.24949e+06;-1;0;0;0;-1;0;756355933;762795259;34515393
1239;5.32765e-15;-272;1684;11744;11730;1;263;-2.14748e+09;-5.23626e+06;0;0;0;0;0;0;756771548;763237393;34609274
1239;5.27367e-15;-283;1638;11730;11651;1;276;-2.14748e+09;-5.23626e+06;-1;0;0;0;-1;0;756771548;763237393;34609274
1240;5.32765e-15;-273;1684;11744;11730;1;263;-2.14748e+09;-5.22318e+06;0;0;0;0;0;0;757186161;763678560;34703119
1240;5.27367e-15;-284;1638;11730;11651;1;276;-2.14748e+09;-5.22318e+06;0;0;0;0;0;0;757186161;763678560;34703119
1241;5.32765e-15;-274;1684;11744;11730;1;263;-2.14748e+09;-5.20995e+06;0;0;0;0;0;0;757599773;764118761;34796927
1241;5.27367e-15;-285;1638;11730;11651;1;276;-2.14748e+09;-5.20995e+06;0;0;0;0;0;0;757599773;764118761;34796927
1242;5.32765e-15;-274;1684;11744;11730;1;263;-2.14748e+09;-5.19696e+06;-1;0;0;0;-1;0;758012390;764558001;34890698
1242;5.27367e-15;-286;1638;11730;11651;1;276;-2.14748e+09;-5.19696e+06;0;0;0;0;0;0;758012390;764558001;34890698
1243;5.32765e-15;-275;1684;11744;11730;1;263;-2.14748e+09;-5.18392e+06;0;0;0;0;0;0;758424012;764996281;34984431
1243;5.27367e-15;-287;1638;11730;11651;1;276;-2.14748e+09;-5.18392e+06;0;0;0;0;0;0;758424012;764996281;34984431
1244;5.32765e-15;-276;1684;11744;11730;1;263;-2.14748e+09;-5.17083e+06;0;0;0;0;0;0;758834644;765433605;35078126
1244;5.27367e-15;-288;1638;11730;11651;1;276;-2.14748e+09;-5.17083e+06;0;0;0;0;0;0;758834644;765433605;35078126
1245;5.32765e-15;-277;1684;11744;11730;1;263;-2.14748e+09;-5.15788e+06;0;0;0;0;0;0;759244289;765869976;35171783
1245;5.27367e-15;-288;1638;11730;11651;1;276;-2.14748e+09;-5.15788e+06;-1;0;0;0;-1;0;759244289;765869976;35171783
1246;5.32765e-15;-278;1684;11744;11730;1;263;-2.14748e+09;-5.14498e+06;0;0;0;0;0;0;759652949;766305396;35265400
1246;5.27367e-15;-288;1638;11730;11651;1;276;-2.14748e+09;-5.14498e+06;-1;0;0;0;-1;0;759652949;766305396;35265400
1247;5.32765e-15;-278;1684;11744;11730;1;263;-2.14748e+09;-5.13222e+06;-1;0;0;0;-1;0;760060627;766739868;35358977
1247;5.27367e-15;-288;1638;11730;11651;1;276;-2.14748e+09;-5.13222e+06;-1;0;0;0;-1;0;760060627;766739868;35358977
1248;5.32765e-15;-279;1684;11744;11730;1;263;-2.14748e+09;-5.11941e+06;0;0;0;0;0;0;760467328;767173396;35452515
1248;5.27367e-15;-289;1638;11730;11651;1;276;-2.14748e+09;-5.11941e+06;0;0;0;0;0;0;760467328;767173396;35452515
1249;5.32765e-15;-280;1684;11744;11730;1;263;-2.14748e+09;-5.10655e+06;0;0;0;0;0;0;760873052;767605981;35546012
1249;5.27367e-15;-289;1638;11730;11651;1;276;-2.14748e+09;-5.10655e+06;-1;0;0;0;-1;0;760873052;767605981;35546012
1250;5.32765e-15;-280;1684;11744;11730;1;263;-2.14748e+09;-5.09382e+06;-1;0;0;0;-1;0;761277804;768037626;35639468
1250;5.27367e-15;-290;1638;11730;11651;1;276;-2.14748e+09;-5.09382e+06;0;0;0;0;0;0;761277804;768037626;35639468
1251;5.32765e-15;-281;1684;11744;11730;1;263;-2.14748e+09;-5.08115e+06;0;0;0;0;0;0;761681587;768468335;35732884
1251;5.27367e-15;-290;1638;11730;11651;1;276;-2.14748e+09;-5.08115e+06;-1;0;0;0;-1;0;761681587;768468335;35732884
1252;5.32765e-15;-282;1684;11744;11730;1;263;-2.14748e+09;-5.06852e+06;0;0;0;0;0;0;762084403;768898111;35826257
1252;5.27367e-15;-290;1638;11730;11651;1;276;-2.14748e+09;-5.06852e+06;-1;0;0;0;-1;0;762084403;768898111;35826257
1253;5.32765e-15;-283;1684;11744;11730;1;263;-2.14748e+09;-5.05592e+06;0;0;0;0;0;0;762486256;769326955;35919588
1253;5.27367e-15;-290;1638;11730;11651;1;276;-2.14748e+09;-5.05592e+06;-1;0;0;0;-1;0;762486256;769326955;35919588
1254;5.32765e-15;-283;1684;11744;11730;1;263;-2.14748e+09;-5.04348e+06;-1;0;0;0;-1;0;762887147;769754870;36012877
1254;5.27367e-15;-290;1638;11730;11651;1;276;-2.14748e+09;-5.04348e+06;-1;0;0;0;-1;0;762887147;769754870;36012877
1255;5.32765e-15;-284;1684;11744;11730;1;263;-2.14748e+09;-5.03088e+06;0;0;0;0;0;0;763287081;770181860;36106123
1255;5.27367e-15;-290;1638;11730;11651;1;276;-2.14748e+09;-5.03088e+06;-1;0;0;0;-1;0;763287081;770181860;36106123
1256;5.32765e-15;-284;1684;11744;11730;1;263;-2.14748e+09;-5.01842e+06;-1;0;0;0;-1;0;763686060;770607927;36199325
1256;5.27367e-15;-291;1638;11730;11651;1;276;-2.14748e+09;-5.01842e+06;0;0;0;0;0;0;763686060;770607927;36199325
1257;5.32765e-15;-285;1684;11744;11730;1;263;-2.14748e+09;-5.006e+06;0;0;0;0;0;0;764084087;771033073;36292484
1257;5.27367e-15;-292;1638;11730;11651;1;276;-2.14748e+09;-5.006e+06;0;0;0;0;0;0;764084087;771033073;36292484
1258;5.32765e-15;-285;1684;11744;11730;1;263;-2.14748e+09;-4.99363e+06;-1;0;0;0;-1;0;764481165;771457302;36385598
1258;5.27367e-15;-293;1638;11730;11651;1;276;-2.14748e+09;-4.99363e+06;0;0;0;0;0;0;764481165;771457302;36385598
1259;5.32765e-15;-285;1684;11744;11730;1;263;-2.14748e+09;-4.9813e+06;-1;0;0;0;-1;0;764877296;771880616;36478668
1259;5.27367e-15;-294;1638;11730;11651;1;276;-2.14748e+09;-4.9813e+06;0;0;0;0;0;0;764877296;771880616;36478668
1260;5.32765e-15;-285;1684;11744;11730;1;263;-2.14748e+09;-4.96901e+06;-1;0;0;0;-1;0;765272484;772303018;36571692
1260;5.27367e-15;-294;1638;11730;11651;1;276;-2.14748e+09;-4.96901e+06;-1;0;0;0;-1;0;765272484;772303018;36571692
1261;5.32765e-15;-286;1684;11744;11730;1;263;-2.14748e+09;-4.95687e+06;0;0;0;0;0;0;765666731;772724510;36664672
1261;5.27367e-15;-294;1638;11730;11651;1;276;-2.14748e+09;-4.95687e+06;-1;0;0;0;-1;0;765666731;772724510;36664672
1262;5.32765e-15;-287;1684;11744;11730;1;263;-2.14748e+09;-4.94456e+06;0;0;0;0;0;0;766060041;773145096;36757605
1262;5.27367e-15;-294;1638;11730;11651;1;276;-2.14748e+09;-4.94456e+06;-1;0;0;0;-1;0;766060041;773145096;36757605
1263;5.32765e-15;-288;1684;11744;11730;1;263;-2.14748e+09;-4.9325e+06;0;0;0;0;0;0;766452415;773564777;36850492
1263;5.27367e-15;-295;1638;11730;11651;1;276;-2.14748e+09;-4.9325e+06;0;0;0;0;0;0;766452415;773564777;36850492
1264;5.32765e-15;-288;1684;11744;11730;1;263;-2.14748e+09;-4.92028e+06;-1;0;0;0;-1;0;766843858;773983556;36943333
1264;5.27367e-15;-296;1638;11730;11651;1;276;-2.14748e+09;-4.92028e+06;0;0;0;0;0;0;766843858;773983556;36943333
1265;5.32765e-15;-288;1684;11744;11730;1;263;-2.14748e+09;-4.90821e+06;-1;0;0;0;-1;0;767234371;774401436;37036127
1265;5.27367e-15;-296;1638;11730;11651;1;276;-2.14748e+09;-4.90821e+06;-1;0;0;0;-1;0;767234371;774401436;37036127
1266;5.32765e-15;-289;1684;11744;11730;1;263;-2.14748e+09;-4.89617e+06;0;0;0;0;0;0;767623957;774818419;37128873
1266;5.27367e-15;-297;1638;11730;11651;1;276;-2.14748e+09;-4.89617e+06;0;0;0;0;0;0;767623957;774818419;37128873
1267;5.32765e-15;-290;1684;11744;11730;1;263;-2.14748e+09;-4.88417e+06;0;0;0;0;0;0;768012620;775234509;37221571
1267;5.27367e-15;-298;1638;11730;11651;1;276;-2.14748e+09;-4.88417e+06;0;0;0;0;0;0;768012620;775234509;37221571
1268;5.32765e-15;-290;1684;11744;11730;1;263;-2.14748e+09;-4.87232e+06;-1;0;0;0;-1;0;768400361;775649707;37314221
1268;5.27367e-15;-299;1638;11730;11651;1;276;-2.14748e+09;-4.87232e+06;0;0;0;0;0;0;768400361;775649707;37314221
1269;5.32765e-15;-291;1684;11744;11730;1;263;-2.14748e+09;-4.8604e+06;0;0;0;0;0;0;768787185;776064016;37406823
1269;5.27367e-15;-299;1638;11730;11651;1;276;-2.14748e+09;-4.8604e+06;-1;0;0;0;-1;0;768787185;776064016;37406823
1270;5.32765e-15;-292;1684;11744;11730;1;263;-2.14748e+09;-4.84843e+06;0;0;0;0;0;0;769173092;776477439;37499376
1270;5.27367e-15;-300;1638;11730;11651;1;276;-2.14748e+09;-4.84843e+06;0;0;0;0;0;0;769173092;776477439;37499376
1271;5.32765e-15;-293;1684;11744;11730;1;263;-2.14748e+09;-4.83669e+06;0;0;0;0;0;0;769558087;776889978;37591879
1271;5.27367e-15;-300;1638;11730;11651;1;276;-2.14748e+09;-4.83669e+06;-1;0;0;0;-1;0;769558087;776889978;37591879
1272;5.32765e-15;-293;1684;11744;11730;1;263;-2.14748e+09;-4.8248e+06;-1;0;0;0;-1;0;769942172;777301636;37684333
1272;5.27367e-15;-301;1638;11730;11651;1;276;-2.14748e+09;-4.8248e+06;0;0;0;0;0;0;769942172;777301636;37684333
1273;5.32765e-15;-294;1684;11744;11730;1;263;-2.14748e+09;-4.81304e+06;0;0;0;0;0;0;770325349;777712415;37776737
1273;5.27367e-15;-301;1638;11730;11651;1;276;-2.14748e+09;-4.81304e+06;-1;0;0;0;-1;0;770325349;777712415;37776737
1274;5.32765e-15;-295;1684;11744;11730;1;263;-2.14748e+09;-4.80133e+06;0;0;0;0;0;0;770707622;778122319;37869090
1274;5.27367e-15;-301;1638;11730;11651;1;276;-2.14748e+09;-4.80133e+06;-1;0;0;0;-1;0;770707622;778122319;37869090
1275;5.32765e-15;-295;1684;11744;11730;1;263;-2.14748e+09;-4.78965e+06;-1;0;0;0;-1;0;771088992;778531348;37961393
1275;5.27367e-15;-301;1638;11730;11651;1;276;-2.14748e+09;-4.78965e+06;-1;0;0;0;-1;0;771088992;778531348;37961393
1276;5.32765e-15;-296;1684;11744;11730;1;263;-2.14748e+09;-4.77802e+06;0;0;0;0;0;0;771469464;778939506;38053644
1276;5.27367e-15;-301;1638;11730;11651;1;276;-2.14748e+09;-4.77802e+06;-1;0;0;0;-1;0;771469464;778939506;38053644
1277;5.32765e-15;-297;1684;11744;11730;1;263;-2.14748e+09;-4.76642e+06;0;0;0;0;0;0;771849038;779346796;38145844
1277;5.27367e-15;-301;1638;11730;11651;1;276;-2.14748e+09;-4.76642e+06;-1;0;0;0;-1;0;771849038;779346796;38145844
1278;5.32765e-15;-297;1684;11744;11730;1;263;-2.14748e+09;-4.75486e+06;-1;0;0;0;-1;0;772227718;779753219;38237992
1278;5.27367e-15;-301;1638;11730;11651;1;276;-2.14748e+09;-4.75486e+06;-1;0;0;0;-1;0;772227718;779753219;38237992
1279;5.32765e-15;-297;1684;11744;11730;1;263;-2.14748e+09;-4.74334e+06;-1;0;0;0;-1;0;772605507;780158778;38330088
1279;5.27367e-15;-301;1638;11730;11651;1;276;-2.14748e+09;-4.74334e+06;-1;0;0;0;-1;0;772605507;780158778;38330088
1280;5.32765e-15;-297;1684;11744;11730;1;263;-2.14748e+09;-4.73186e+06;-1;0;0;0;-1;0;772982407;780563476;38422131
1280;5.27367e-15;-302;1638;11730;11651;1;276;-2.14748e+09;-4.73186e+06;0;0;0;0;0;0;772982407;780563476;38422131
1281;5.32765e-15;-297;1684;11744;11730;1;263;-2.14748e+09;-4.72042e+06;-1;0;0;0;-1;0;773358422;780967315;38514121
1281;5.27367e-15;-303;1638;11730;11651;1;276;-2.14748e+09;-4.72042e+06;0;0;0;0;0;0;773358422;780967315;38514121
1282;5.32765e-15;-297;1684;11744;11730;1;263;-2.14748e+09;-4.70901e+06;-1;0;0;0;-1;0;773733552;781370298;38606058
1282;5.27367e-15;-304;1638;11730;11651;1;276;-2.14748e+09;-4.70901e+06;0;0;0;0;0;0;773733552;781370298;38606058
1283;5.32765e-15;-297;1684;11744;11730;1;263;-2.14748e+09;-4.69774e+06;-1;0;0;0;-1;0;774107802;781772426;38697941
1283;5.27367e-15;-305;1638;11730;11651;1;276;-2.14748e+09;-4.69774e+06;0;0;0;0;0;0;774107802;781772426;38697941
1284;5.32765e-15;-297;1684;11744;11730;1;263;-2.14748e+09;-4.68632e+06;-1;0;0;0;-1;0;774481173;782173703;38789771
1284;5.27367e-15;-306;1638;11730;11651;1;276;-2.14748e+09;-4.68632e+06;0;0;0;0;0;0;774481173;782173703;38789771
1285;5.32765e-15;-297;1684;11744;11730;1;263;-2.14748e+09;-4.67502e+06;-1;0;0;0;-1;0;774853668;782574131;38881545
1285;5.27367e-15;-306;1638;11730;11651;1;276;-2.14748e+09;-4.67502e+06;-1;0;0;0;-1;0;774853668;782574131;38881545
1286;5.32765e-15;-298;1684;11744;11730;1;263;-2.14748e+09;-4.66377e+06;0;0;0;0;0;0;775225290;782973711;38973266
1286;5.27367e-15;-306;1638;11730;11651;1;276;-2.14748e+09;-4.66377e+06;-1;0;0;0;-1;0;775225290;782973711;38973266
1287;5.32765e-15;-298;1684;11744;11730;1;263;-2.14748e+09;-4.65265e+06;-1;0;0;0;-1;0;775596042;783372447;39064931
1287;5.27367e-15;-307;1638;11730;11651;1;276;-2.14748e+09;-4.65265e+06;0;0;0;0;0;0;775596042;783372447;39064931
1288;5.32765e-15;-299;1684;11744;11730;1;263;-2.14748e+09;-4.64137e+06;0;0;0;0;0;0;775965925;783770341;39156541
1288;5.27367e-15;-308;1638;11730;11651;1;276;-2.14748e+09;-4.64137e+06;0;0;0;0;0;0;775965925;783770341;39156541
1289;5.32765e-15;-300;1684;11744;11730;1;263;-2.14748e+09;-4.63022e+06;0;0;0;0;0;0;776334942;784167395;39248095
1289;5.27367e-15;-308;1638;11730;11651;1;276;-2.14748e+09;-4.63022e+06;-1;0;0;0;-1;0;776334942;784167395;39248095
1290;5.32765e-15;-300;1684;11744;11730;1;263;-2.14748e+09;-4.61912e+06;-1;0;0;0;-1;0;776703097;784563611;39339593
1290;5.27367e-15;-308;1638;11730;11651;1;276;-2.14748e+09;-4.61912e+06;-1;0;0;0;-1;0;776703097;784563611;39339593
1291;5.32765e-15;-300;1684;11744;11730;1;263;-2.14748e+09;-4.60805e+06;-1;0;0;0;-1;0;777070391;784958992;39431035
1291;5.27367e-15;-308;1638;11730;11651;1;276;-2.14748e+09;-4.60805e+06;-1;0;0;0;-1;0;777070391;784958992;39431035
1292;5.32765e-15;-301;1684;11744;11730;1;263;-2.14748e+09;-4.59701e+06;0;0;0;0;0;0;777436827;785353541;39522420
1292;5.27367e-15;-308;1638;11730;11651;1;276;-2.14748e+09;-4.59701e+06;-1;0;0;0;-1;0;777436827;785353541;39522420
1293;5.32765e-15;-301;1684;11744;11730;1;263;-2.14748e+09;-4.58601e+06;-1;0;0;0;-1;0;777802408;785747258;39613749
1293;5.27367e-15;-309;1638;11730;11651;1;276;-2.14748e+09;-4.58601e+06;0;0;0;0;0;0;777802408;785747258;39613749
1294;5.32765e-15;-302;1684;11744;11730;1;263;-2.14748e+09;-4.57515e+06;0;0;0;0;0;0;778167135;786140148;39705019
1294;5.27367e-15;-310;1638;11730;11651;1;276;-2.14748e+09;-4.57515e+06;0;0;0;0;0;0;778167135;786140148;39705019
1295;5.32765e-15;-303;1684;11744;11730;1;263;-2.14748e+09;-4.56422e+06;0;0;0;0;0;0;778531012;786532212;39796233
1295;5.27367e-15;-311;1638;11730;11651;1;276;-2.14748e+09;-4.56422e+06;0;0;0;0;0;0;778531012;786532212;39796233
1296;5.32765e-15;-303;1684;11744;11730;1;263;-2.14748e+09;-4.55323e+06;-1;0;0;0;-1;0;778894041;786923452;39887388
1296;5.27367e-15;-311;1638;11730;11651;1;276;-2.14748e+09;-4.55323e+06;-1;0;0;0;-1;0;778894041;786923452;39887388
1297;5.32765e-15;-303;1684;11744;11730;1;263;-2.14748e+09;-4.54248e+06;-1;0;0;0;-1;0;779256224;787313870;39978485
1297;5.27367e-15;-312;1638;11730;11651;1;276;-2.14748e+09;-4.54248e+06;0;0;0;0;0;0;779256224;787313870;39978485
1298;5.32765e-15;-303;1684;11744;11730;1;263;-2.14748e+09;-4.53166e+06;-1;0;0;0;-1;0;779617564;787703470;40069523
1298;5.27367e-15;-312;1638;11730;11651;1;276;-2.14748e+09;-4.53166e+06;-1;0;0;0;-1;0;779617564;787703470;40069523
1299;5.32765e-15;-304;1684;11744;11730;1;263;-2.14748e+09;-4.52087e+06;0;0;0;0;0;0;779978064;788092252;40160503
1299;5.27367e-15;-313;1638;11730;11651;1;276;-2.14748e+09;-4.52087e+06;0;0;0;0;0;0;779978064;788092252;40160503
1300;5.32765e-15;-305;1684;11744;11730;1;263;-2.14748e+09;-4.51002e+06;0;0;0;0;0;0;780337724;788480220;40251423
1300;5.27367e-15;-314;1638;11730;11651;1;276;-2.14748e+09;-4.51002e+06;0;0;0;0;0;0;780337724;788480220;40251423
1301;5.32765e-15;-305;1684;11744;11730;1;263;-2.14748e+09;-4.4994e+06;-1;0;0;0;-1;0;780696550;788867376;40342284
1301;5.27367e-15;-314;1638;11730;11651;1;276;-2.14748e+09;-4.4994e+06;-1;0;0;0;-1;0;780696550;788867376;40342284
1302;5.32765e-15;-305;1684;11744;11730;1;263;-2.14748e+09;-4.48862e+06;-1;0;0;0;-1;0;781054541;789253721;40433085
1302;5.27367e-15;-315;1638;11730;11651;1;276;-2.14748e+09;-4.48862e+06;0;0;0;0;0;0;781054541;789253721;40433085
1303;5.32765e-15;-306;1684;11744;11730;1;263;-2.14748e+09;-4.47808e+06;0;0;0;0;0;0;781411702;789639259;40523826
1303;5.27367e-15;-315;1638;11730;11651;1;276;-2.14748e+09;-4.47808e+06;-1;0;0;0;-1;0;781411702;789639259;40523826
1304;5.32765e-15;-306;1684;11744;11730;1;263;-2.14748e+09;-4.46746e+06;-1;0;0;0;-1;0;781768033;790023991;40614507
1304;5.27367e-15;-315;1638;11730;11651;1;276;-2.14748e+09;-4.46746e+06;-1;0;0;0;-1;0;781768033;790023991;40614507
1305;5.32765e-15;-306;1684;11744;11730;1;263;-2.14748e+09;-4.45678e+06;-1;0;0;0;-1;0;782123539;790407919;40705126
1305;5.27367e-15;-315;1638;11730;11651;1;276;-2.14748e+09;-4.45678e+06;-1;0;0;0;-1;0;782123539;790407919;40705126
1306;5.32765e-15;-307;1684;11744;11730;1;263;-2.14748e+09;-4.44624e+06;0;0;0;0;0;0;782478220;790791046;40795685
1306;5.27367e-15;-316;1638;11730;11651;1;276;-2.14748e+09;-4.44624e+06;0;0;0;0;0;0;782478220;790791046;40795685
1307;5.32765e-15;-307;1684;11744;11730;1;263;-2.14748e+09;-4.43573e+06;-1;0;0;0;-1;0;782832080;791173374;40886183
1307;5.27367e-15;-316;1638;11730;11651;1;276;-2.14748e+09;-4.43573e+06;-1;0;0;0;-1;0;782832080;791173374;40886183
1308;5.32765e-15;-307;1684;11744;11730;1;263;-2.14748e+09;-4.42535e+06;-1;0;0;0;-1;0;783185121;791554905;40976618
1308;5.27367e-15;-317;1638;11730;11651;1;276;-2.14748e+09;-4.42535e+06;0;0;0;0;0;0;783185121;791554905;40976618
1309;5.32765e-15;-307;1684;11744;11730;1;263;-2.14748e+09;-4.41481e+06;-1;0;0;0;-1;0;783537345;791935641;41066992
1309;5.27367e-15;-317;1638;11730;11651;1;276;-2.14748e+09;-4.41481e+06;-1;0;0;0;-1;0;783537345;791935641;41066992
1310;5.32765e-15;-308;1684;11744;11730;1;263;-2.14748e+09;-4.4044e+06;0;0;0;0;0;0;783888754;792315585;41157304
1310;5.27367e-15;-317;1638;11730;11651;1;276;-2.14748e+09;-4.4044e+06;-1;0;0;0;-1;0;783888754;792315585;41157304
1311;5.32765e-15;-309;1684;11744;11730;1;263;-2.14748e+09;-4.39402e+06;0;0;0;0;0;0;784239351;792694738;41247553
1311;5.27367e-15;-317;1638;11730;11651;1;276;-2.14748e+09;-4.39402e+06;-1;0;0;0;-1;0;784239351;792694738;41247553
1312;5.32765e-15;-309;1684;11744;11730;1;263;-2.14748e+09;-4.38368e+06;-1;0;0;0;-1;0;784589139;793073102;41337740
1312;5.27367e-15;-317;1638;11730;11651;1;276;-2.14748e+09;-4.38368e+06;-1;0;0;0;-1;0;784589139;793073102;41337740
1313;5.32765e-15;-310;1684;11744;11730;1;263;-2.14748e+09;-4.37346e+06;0;0;0;0;0;0;784938119;793450681;41427864
1313;5.27367e-15;-318;1638;11730;11651;1;276;-2.14748e+09;-4.37346e+06;0;0;0;0;0;0;784938119;793450681;41427864
1314;5.32765e-15;-310;1684;11744;11730;1;263;-2.14748e+09;-4.36308e+06;-1;0;0;0;-1;0;785286293;793827475;41517924
1314;5.27367e-15;-318;1638;11730;11651;1;276;-2.14748e+09;-4.36308e+06;-1;0;0;0;-1;0;785286293;793827475;41517924
1315;5.32765e-15;-311;1684;11744;11730;1;263;-2.14748e+09;-4.35294e+06;0;0;0;0;0;0;785633665;794203487;41607920
1315;5.27367e-15;-318;1638;11730;11651;1;276;-2.14748e+09;-4.35294e+06;-1;0;0;0;-1;0;785633665;794203487;41607920
1316;5.32765e-15;-312;1684;11744;11730;1;263;-2.14748e+09;-4.34262e+06;0;0;0;0;0;0;785980235;794578720;41697853
1316;5.27367e-15;-318;1638;11730;11651;1;276;-2.14748e+09;-4.34262e+06;-1;0;0;0;-1;0;785980235;794578720;41697853
1317;5.32765e-15;-313;1684;11744;11730;1;263;-2.14748e+09;-4.33254e+06;0;0;0;0;0;0;786326008;794953175;41787722
1317;5.27367e-15;-319;1638;11730;11651;1;276;-2.14748e+09;-4.33254e+06;0;0;0;0;0;0;786326008;794953175;41787722
1318;5.32765e-15;-313;1684;11744;11730;1;263;-2.14748e+09;-4.32229e+06;-1;0;0;0;-1;0;786670984;795326854;41877526
1318;5.27367e-15;-319;1638;11730;11651;1;276;-2.14748e+09;-4.32229e+06;0;0;-1;0;0;-1;786670984;795326854;41877526
1319;5.32765e-15;-314;1684;11744;11730;1;263;-2.14748e+09;-4.31218e+06;0;0;0;0;0;0;787015166;795699759;41967266
1319;5.27367e-15;-319;1638;11730;11651;1;276;-2.14748e+09;-4.31218e+06;-1;0;0;0;-1;0;787015166;795699759;41967266
1320;5.32765e-15;-315;1684;11744;11730;1;263;-2.14748e+09;-4.30219e+06;0;0;0;0;0;0;787358557;796071893;42056940
1320;5.27367e-15;-319;1638;11730;11651;1;276;-2.14748e+09;-4.30219e+06;-1;0;0;0;-1;0;787358557;796071893;42056940
1321;5.32765e-15;-316;1684;11744;11730;1;263;-2.14748e+09;-4.29204e+06;0;0;0;0;0;0;787701158;796443257;42146550
1321;5.27367e-15;-320;1638;11730;11651;1;276;-2.14748e+09;-4.29204e+06;0;0;0;0;0;0;787701158;796443257;42146550
1322;5.32765e-15;-316;1684;11744;11730;1;263;-2.14748e+09;-4.28201e+06;-1;0;0;0;-1;0;788042973;796813854;42236094
1322;5.27367e-15;-320;1638;11730;11651;1;276;-2.14748e+09;-4.28201e+06;-1;0;0;0;-1;0;788042973;796813854;42236094
1323;5.32765e-15;-317;1684;11744;11730;1;263;-2.14748e+09;-4.27202e+06;0;0;0;0;0;0;788384002;797183686;42325572
1323;5.27367e-15;-320;1638;11730;11651;1;276;-2.14748e+09;-4.27202e+06;-1;0;0;0;-1;0;788384002;797183686;42325572
1324;5.32765e-15;-317;1684;11744;11730;1;263;-2.14748e+09;-4.26206e+06;-1;0;0;0;-1;0;788724249;797552754;42414984
1324;5.27367e-15;-321;1638;11730;11651;1;276;-2.14748e+09;-4.26206e+06;0;0;0;0;0;0;788724249;797552754;42414984
1325;5.32765e-15;-317;1684;11744;11730;1;263;-2.14748e+09;-4.25213e+06;-1;0;0;0;-1;0;789063715;797921061;42504330
1325;5.27367e-15;-321;1638;11730;11651;1;276;-2.14748e+09;-4.25213e+06;-1;0;0;0;-1;0;789063715;797921061;42504330
1326;5.32765e-15;-318;1684;11744;11730;1;263;-2.14748e+09;-4.24224e+06;0;0;0;0;0;0;789402403;798288609;42593610
1326;5.27367e-15;-322;1638;11730;11651;1;276;-2.14748e+09;-4.24224e+06;0;0;0;0;0;0;789402403;798288609;42593610
1327;5.32765e-15;-319;1684;11744;11730;1;263;-2.14748e+09;-4.23237e+06;0;0;0;0;0;0;789740314;798655400;42682823
1327;5.27367e-15;-323;1638;11730;11651;1;276;-2.14748e+09;-4.23237e+06;0;0;0;0;0;0;789740314;798655400;42682823
1328;5.32765e-15;-319;1684;11744;11730;1;263;-2.14748e+09;-4.22253e+06;-1;0;0;0;-1;0;790077452;799021435;42771969
1328;5.27367e-15;-323;1638;11730;11651;1;276;-2.14748e+09;-4.22253e+06;-1;0;0;0;-1;0;790077452;799021435;42771969
1329;5.32765e-15;-319;1684;11744;11730;1;263;-2.14748e+09;-4.21272e+06;-1;0;0;0;-1;0;790413818;799386717;42861047
1329;5.27367e-15;-324;1638;11730;11651;1;276;-2.14748e+09;-4.21272e+06;0;0;0;0;0;0;790413818;799386717;42861047
1330;5.32765e-15;-319;1684;11744;11730;1;263;-2.14748e+09;-4.20295e+06;-1;0;0;0;-1;0;790749415;799751248;42950058
1330;5.27367e-15;-324;1638;11730;11651;1;276;-2.14748e+09;-4.20295e+06;-1;0;0;0;-1;0;790749415;799751248;42950058
1331;5.32765e-15;-319;1684;11744;11730;1;263;-2.14748e+09;-4.1933e+06;-1;0;0;0;-1;0;791084244;800115029;43039001
1331;5.27367e-15;-325;1638;11730;11651;1;276;-2.14748e+09;-4.1933e+06;0;0;0;0;0;0;791084244;800115029;43039001
1332;5.32765e-15;-320;1684;11744;11730;1;263;-2.14748e+09;-4.18359e+06;0;0;0;0;0;0;791418307;800478064;43127877
1332;5.27367e-15;-326;1638;11730;11651;1;276;-2.14748e+09;-4.18359e+06;0;0;0;0;0;0;791418307;800478064;43127877
1333;5.32765e-15;-321;1684;11744;11730;1;263;-2.14748e+09;-4.1738e+06;0;0;0;0;0;0;791751608;800840353;43216684
1333;5.27367e-15;-326;1638;11730;11651;1;276;-2.14748e+09;-4.1738e+06;-1;0;0;0;-1;0;791751608;800840353;43216684
1334;5.32765e-15;-322;1684;11744;11730;1;263;-2.14748e+09;-4.16425e+06;0;0;0;0;0;0;792084148;801201898;43305422
1334;5.27367e-15;-326;1638;11730;11651;1;276;-2.14748e+09;-4.16425e+06;-1;0;0;0;-1;0;792084148;801201898;43305422
1335;5.32765e-15;-322;1684;11744;11730;1;263;-2.14748e+09;-4.15452e+06;-1;0;0;0;-1;0;792415928;801562702;43394092
1335;5.27367e-15;-327;1638;11730;11651;1;276;-2.14748e+09;-4.15452e+06;0;0;0;0;0;0;792415928;801562702;43394092
1336;5.32765e-15;-323;1684;11744;11730;1;263;-2.14748e+09;-4.14493e+06;0;0;0;0;0;0;792746952;801922767;43482693
1336;5.27367e-15;-328;1638;11730;11651;1;276;-2.14748e+09;-4.14493e+06;0;0;0;0;0;0;792746952;801922767;43482693
1337;5.32765e-15;-323;1684;11744;11730;1;263;-2.14748e+09;-4.13536e+06;-1;0;0;0;-1;0;793077222;802282094;43571225
1337;5.27367e-15;-328;1638;11730;11651;1;276;-2.14748e+09;-4.13536e+06;-1;0;0;0;-1;0;793077222;802282094;43571225
1338;5.32765e-15;-324;1684;11744;11730;1;263;-2.14748e+09;-4.12582e+06;0;0;0;0;0;0;793406739;802640686;43659687
1338;5.27367e-15;-329;1638;11730;11651;1;276;-2.14748e+09;-4.12582e+06;0;0;0;0;0;0;793406739;802640686;43659687
1339;5.32765e-15;-325;1684;11744;11730;1;263;-2.14748e+09;-4.11631e+06;0;0;0;0;0;0;793735505;802998544;43748080
1339;5.27367e-15;-330;1638;11730;11651;1;276;-2.14748e+09;-4.11631e+06;0;0;0;0;0;0;793735505;802998544;43748080
1340;5.32765e-15;-325;1684;11744;11730;1;263;-2.14748e+09;-4.10683e+06;-1;0;0;0;-1;0;794063524;803355670;43836403
1340;5.27367e-15;-331;1638;11730;11651;1;276;-2.14748e+09;-4.10683e+06;0;0;0;0;0;0;794063524;803355670;43836403
1341;5.32765e-15;-326;1684;11744;11730;1;263;-2.14748e+09;-4.09748e+06;0;0;0;0;0;0;794390795;803712066;43924656
1341;5.27367e-15;-331;1638;11730;11651;1;276;-2.14748e+09;-4.09748e+06;-1;0;0;0;-1;0;794390795;803712066;43924656
1342;5.32765e-15;-326;1684;11744;11730;1;263;-2.14748e+09;-4.08806e+06;-1;0;0;0;-1;0;794717323;804067735;44012838
1342;5.27367e-15;-332;1638;11730;11651;1;276;-2.14748e+09;-4.08806e+06;0;0;0;0;0;0;794717323;804067735;44012838
1343;5.32765e-15;-326;1684;11744;11730;1;263;-2.14748e+09;-4.07857e+06;-1;0;0;0;-1;0;795043109;804422677;44100950
1343;5.27367e-15;-332;1638;11730;11651;1;276;-2.14748e+09;-4.07857e+06;-1;0;0;0;-1;0;795043109;804422677;44100950
1344;5.32765e-15;-327;1684;11744;11730;1;263;-2.14748e+09;-4.0692e+06;0;0;0;0;0;0;795368154;804776895;44188991
1344;5.27367e-15;-333;1638;11730;11651;1;276;-2.14748e+09;-4.0692e+06;0;0;0;0;0;0;795368154;804776895;44188991
1345;5.32765e-15;-328;1684;11744;11730;1;263;-2.14748e+09;-4.05987e+06;0;0;0;0;0;0;795692462;805130391;44276961
1345;5.27367e-15;-333;1638;11730;11651;1;276;-2.14748e+09;-4.05987e+06;-1;0;0;0;-1;0;795692462;805130391;44276961
1346;5.32765e-15;-329;1684;11744;11730;1;263;-2.14748e+09;-4.05056e+06;0;0;0;0;0;0;796016033;805483167;44364860
1346;5.27367e-15;-333;1638;11730;11651;1;276;-2.14748e+09;-4.05056e+06;-1;0;0;0;-1;0;796016033;805483167;44364860
1347;5.32765e-15;-330;1684;11744;11730;1;263;-2.14748e+09;-4.04128e+06;0;0;0;0;0;0;796338871;805835224;44452688
1347;5.27367e-15;-334;1638;11730;11651;1;276;-2.14748e+09;-4.04128e+06;0;0;0;0;0;0;796338871;805835224;44452688
1348;5.32765e-15;-330;1684;11744;11730;1;263;-2.14748e+09;-4.03203e+06;-1;0;0;0;-1;0;796660977;806186564;44540444
1348;5.27367e-15;-334;1638;11730;11651;1;276;-2.14748e+09;-4.03203e+06;-1;0;0;0;-1;0;796660977;806186564;44540444
1349;5.32765e-15;-330;1684;11744;11730;1;263;-2.14748e+09;-4.02281e+06;-1;0;0;0;-1;0;796982353;806537190;44628128
1349;5.27367e-15;-335;1638;11730;11651;1;276;-2.14748e+09;-4.02281e+06;0;0;0;0;0;0;796982353;806537190;44628128
1350;5.32765e-15;-331;1684;11744;11730;1;263;-2.14748e+09;-4.01361e+06;0;0;0;0;0;0;797303001;806887102;44715740
1350;5.27367e-15;-335;1638;11730;11651;1;276;-2.14748e+09;-4.01361e+06;-1;0;0;0;-1;0;797303001;806887102;44715740
1351;5.32765e-15;-332;1684;11744;11730;1;263;-2.14748e+09;-4.00444e+06;0;0;0;0;0;0;797622923;807236304;44803279
1351;5.27367e-15;-335;1638;11730;11651;1;276;-2.14748e+09;-4.00444e+06;-1;0;0;0;-1;0;797622923;807236304;44803279
1352;5.32765e-15;-332;1684;11744;11730;1;263;-2.14748e+09;-3.9953e+06;-1;0;0;0;-1;0;797942121;807584796;44890746
1352;5.27367e-15;-336;1638;11730;11651;1;276;-2.14748e+09;-3.9953e+06;0;0;0;0;0;0;797942121;807584796;44890746
1353;5.32765e-15;-333;1684;11744;11730;1;263;-2.14748e+09;-3.98619e+06;0;0;0;0;0;0;798260598;807932580;44978141
1353;5.27367e-15;-337;1638;11730;11651;1;276;-2.14748e+09;-3.98619e+06;0;0;0;0;0;0;798260598;807932580;44978141
1354;5.32765e-15;-333;1684;11744;11730;1;263;-2.14748e+09;-3.97711e+06;-1;0;0;0;-1;0;798578354;808279659;45065463
1354;5.27367e-15;-338;1638;11730;11651;1;276;-2.14748e+09;-3.9771e+06;0;0;0;0;0;0;798578354;808279659;45065463
1355;5.32765e-15;-334;1684;11744;11730;1;263;-2.14748e+09;-3.96805e+06;0;0;0;0;0;0;798895393;808626034;45152711
1355;5.27367e-15;-338;1638;11730;11651;1;276;-2.14748e+09;-3.96805e+06;-1;0;0;0;-1;0;798895393;808626034;45152711
1356;5.32765e-15;-335;1684;11744;11730;1;263;-2.14748e+09;-3.95902e+06;0;0;0;0;0;0;799211715;808971707;45239887
1356;5.27367e-15;-338;1638;11730;11651;1;276;-2.14748e+09;-3.95902e+06;-1;0;0;0;-1;0;799211715;808971707;45239887
1357;5.32765e-15;-336;1684;11744;11730;1;263;-2.14748e+09;-3.95001e+06;0;0;0;0;0;0;799527324;809316680;45326988
1357;5.27367e-15;-338;1638;11730;11651;1;276;-2.14748e+09;-3.95001e+06;-1;0;0;0;-1;0;799527324;809316680;45326988
1358;5.32765e-15;-336;1684;11744;11730;1;263;-2.14748e+09;-3.94113e+06;-1;0;0;0;-1;0;799842221;809660954;45414017
1358;5.27367e-15;-338;1638;11730;11651;1;276;-2.14748e+09;-3.94113e+06;-1;0;0;0;-1;0;799842221;809660954;45414017
1359;5.32765e-15;-336;1684;11744;11730;1;263;-2.14748e+09;-3.93208e+06;-1;0;0;0;-1;0;800156407;810004532;45500971
1359;5.27367e-15;-338;1638;11730;11651;1;276;-2.14748e+09;-3.93208e+06;-1;0;0;0;-1;0;800156407;810004532;45500971
1360;5.32765e-15;-337;1684;11744;11730;1;263;-2.14748e+09;-3.92316e+06;0;0;0;0;0;0;800469886;810347415;45587851
1360;5.27367e-15;-338;1638;11730;11651;1;276;-2.14748e+09;-3.92316e+06;-1;0;0;0;-1;0;800469886;810347415;45587851
1361;5.32765e-15;-337;1684;11744;11730;1;263;-2.14748e+09;-3.91426e+06;-1;0;0;0;-1;0;800782658;810689604;45674657
1361;5.27367e-15;-338;1638;11730;11651;1;276;-2.14748e+09;-3.91426e+06;-1;0;0;0;-1;0;800782658;810689604;45674657
1362;5.32765e-15;-338;1684;11744;11730;1;263;-2.14748e+09;-3.90539e+06;0;0;0;0;0;0;801094726;811031102;45761388
1362;5.27367e-15;-339;1638;11730;11651;1;276;-2.14748e+09;-3.90539e+06;0;0;0;0;0;0;801094726;811031102;45761388
1363;5.32765e-15;-339;1684;11744;11730;1;263;-2.14748e+09;-3.89665e+06;0;0;0;0;0;0;801406092;811371911;45848045
1363;5.27367e-15;-340;1638;11730;11651;1;276;-2.14748e+09;-3.89665e+06;0;0;0;0;0;0;801406092;811371911;45848045
1364;5.32765e-15;-340;1684;11744;11730;1;263;-2.14748e+09;-3.88783e+06;0;0;0;0;0;0;801716757;811712031;45934627
1364;5.27367e-15;-341;1638;11730;11651;1;276;-2.14748e+09;-3.88783e+06;0;0;0;0;0;0;801716757;811712031;45934627
1365;5.32765e-15;-340;1684;11744;11730;1;263;-2.14748e+09;-3.87894e+06;-1;0;0;0;-1;0;802026724;812051466;46021134
1365;5.27367e-15;-342;1638;11730;11651;1;276;-2.14748e+09;-3.87894e+06;0;0;0;0;0;0;802026724;812051466;46021134
1366;5.32765e-15;-340;1684;11744;11730;1;263;-2.14748e+09;-3.87017e+06;-1;0;0;0;-1;0;802335994;812390216;46107566
1366;5.27367e-15;-342;1638;11730;11651;1;276;-2.14748e+09;-3.87017e+06;-1;0;0;0;-1;0;802335994;812390216;46107566
1367;5.32765e-15;-340;1684;11744;11730;1;263;-2.14748e+09;-3.86143e+06;-1;0;0;0;-1;0;802644569;812728283;46193923
1367;5.27367e-15;-342;1638;11730;11651;1;276;-2.14748e+09;-3.86143e+06;-1;0;0;0;-1;0;802644569;812728283;46193923
1368;5.32765e-15;-340;1684;11744;11730;1;263;-2.14748e+09;-3.85271e+06;-1;0;0;0;-1;0;802952452;813065670;46280203
1368;5.27367e-15;-342;1638;11730;11651;1;276;-2.14748e+09;-3.85271e+06;-1;0;0;0;-1;0;802952452;813065670;46280203
1369;5.32765e-15;-340;1684;11744;11730;1;263;-2.14748e+09;-3.84402e+06;-1;0;0;0;-1;0;803259644;813402377;46366409
1369;5.27367e-15;-343;1638;11730;11651;1;276;-2.14748e+09;-3.84402e+06;0;0;0;0;0;0;803259644;813402377;46366409
1370;5.32765e-15;-340;1684;11744;11730;1;263;-2.14748e+09;-3.83546e+06;-1;0;0;0;-1;0;803566146;813738407;46452538
1370;5.27367e-15;-344;1638;11730;11651;1;276;-2.14748e+09;-3.83546e+06;0;0;0;0;0;0;803566146;813738407;46452538
1371;5.32765e-15;-341;1684;11744;11730;1;263;-2.14748e+09;-3.82672e+06;0;0;0;0;0;0;803871961;814073761;46538591
1371;5.27367e-15;-345;1638;11730;11651;1;276;-2.14748e+09;-3.82672e+06;0;0;0;0;0;0;803871961;814073761;46538591
1372;5.32765e-15;-341;1684;11744;11730;1;263;-2.14748e+09;-3.81821e+06;-1;0;0;0;-1;0;804177091;814408441;46624568
1372;5.27367e-15;-346;1638;11730;11651;1;276;-2.14748e+09;-3.81821e+06;0;0;0;0;0;0;804177091;814408441;46624568
1373;5.32765e-15;-342;1684;11744;11730;1;263;-2.14748e+09;-3.80952e+06;0;0;0;0;0;0;804481538;814742448;46710468
1373;5.27367e-15;-347;1638;11730;11651;1;276;-2.14748e+09;-3.80952e+06;0;0;0;0;0;0;804481538;814742448;46710468
1374;5.32765e-15;-343;1684;11744;11730;1;263;-2.14748e+09;-3.80106e+06;0;0;0;0;0;0;804785302;815075785;46796292
1374;5.27367e-15;-347;1638;11730;11651;1;276;-2.14748e+09;-3.80106e+06;-1;0;0;0;-1;0;804785302;815075785;46796292
1375;5.32765e-15;-344;1684;11744;11730;1;263;-2.14748e+09;-3.79242e+06;0;0;0;0;0;0;805088387;815408452;46882039
1375;5.27367e-15;-348;1638;11730;11651;1;276;-2.14748e+09;-3.79242e+06;0;0;0;0;0;0;805088387;815408452;46882039
1376;5.32765e-15;-345;1684;11744;11730;1;263;-2.14748e+09;-3.784e+06;0;0;0;0;0;0;805390794;815740452;46967709
1376;5.27367e-15;-349;1638;11730;11651;1;276;-2.14748e+09;-3.78401e+06;0;0;0;0;0;0;805390794;815740452;46967709
1377;5.32765e-15;-346;1684;11744;11730;1;263;-2.14748e+09;-3.77542e+06;0;0;0;0;0;0;805692525;816071787;47053302
1377;5.27367e-15;-349;1638;11730;11651;1;276;-2.14748e+09;-3.77542e+06;-1;0;0;0;-1;0;805692525;816071787;47053302
1378;5.32765e-15;-347;1684;11744;11730;1;263;-2.14748e+09;-3.76695e+06;0;0;0;0;0;0;805993581;816402457;47138818
1378;5.27367e-15;-350;1638;11730;11651;1;276;-2.14748e+09;-3.76695e+06;0;0;0;0;0;0;805993581;816402457;47138818
1379;5.32765e-15;-347;1684;11744;11730;1;263;-2.14748e+09;-3.75851e+06;-1;0;0;0;-1;0;806293965;816732465;47224256
1379;5.27367e-15;-350;1638;11730;11651;1;276;-2.14748e+09;-3.75851e+06;-1;0;0;0;-1;0;806293965;816732465;47224256
1380;5.32765e-15;-348;1684;11744;11730;1;263;-2.14748e+09;-3.7501e+06;0;0;0;0;0;0;806593678;817061813;47309617
1380;5.27367e-15;-350;1638;11730;11651;1;276;-2.14748e+09;-3.7501e+06;-1;0;0;0;-1;0;806593678;817061813;47309617
1381;5.32765e-15;-349;1684;11744;11730;1;263;-2.14748e+09;-3.74171e+06;0;0;0;0;0;0;806892723;817390501;47394900
1381;5.27367e-15;-351;1638;11730;11651;1;276;-2.14748e+09;-3.74171e+06;0;0;0;0;0;0;806892723;817390501;47394900
1382;5.32765e-15;-350;1684;11744;11730;1;263;-2.14748e+09;-3.73334e+06;0;0;0;0;0;0;807191100;817718532;47480104
1382;5.27367e-15;-352;1638;11730;11651;1;276;-2.14748e+09;-3.73334e+06;0;0;0;0;0;0;807191100;817718532;47480104
1383;5.32765e-15;-350;1684;11744;11730;1;263;-2.14748e+09;-3.725e+06;-1;0;0;0;-1;0;807488812;818045907;47565231
1383;5.27367e-15;-353;1638;11730;11651;1;276;-2.14748e+09;-3.725e+06;0;0;0;0;0;0;807488812;818045907;47565231
1384;5.32765e-15;-351;1684;11744;11730;1;263;-2.14748e+09;-3.71668e+06;0;0;0;0;0;0;807785860;818372627;47650280
1384;5.27367e-15;-353;1638;11730;11651;1;276;-2.14748e+09;-3.71668e+06;-1;0;0;0;-1;0;807785860;818372627;47650280
1385;5.32765e-15;-351;1684;11744;11730;1;263;-2.14748e+09;-3.70839e+06;-1;0;0;0;-1;0;808082247;818698695;47735250
1385;5.27367e-15;-353;1638;11730;11651;1;276;-2.14748e+09;-3.70839e+06;-1;0;0;0;-1;0;808082247;818698695;47735250
1386;5.32765e-15;-352;1684;11744;11730;1;263;-2.14748e+09;-3.70012e+06;0;0;0;0;0;0;808377973;819024112;47820142
1386;5.27367e-15;-353;1638;11730;11651;1;276;-2.14748e+09;-3.70012e+06;-1;0;0;0;-1;0;808377973;819024112;47820142
1387;5.32765e-15;-352;1684;11744;11730;1;263;-2.14748e+09;-3.69187e+06;-1;0;0;0;-1;0;808673042;819348880;47904955
1387;5.27367e-15;-353;1638;11730;11651;1;276;-2.14748e+09;-3.69187e+06;-1;0;0;0;-1;0;808673042;819348880;47904955
1388;5.32765e-15;-352;1684;11744;11730;1;263;-2.14748e+09;-3.68365e+06;-1;0;0;0;-1;0;808967453;819673000;47989689
1388;5.27367e-15;-354;1638;11730;11651;1;276;-2.14748e+09;-3.68365e+06;0;0;0;0;0;0;808967453;819673000;47989689
1389;5.32765e-15;-352;1684;11744;11730;1;263;-2.14748e+09;-3.67545e+06;-1;0;0;0;-1;0;809261211;819996474;48074344
1389;5.27367e-15;-354;1638;11730;11651;1;276;-2.14748e+09;-3.67545e+06;-1;0;0;0;-1;0;809261211;819996474;48074344
1390;5.32765e-15;-352;1684;11744;11730;1;263;-2.14748e+09;-3.66728e+06;-1;0;0;0;-1;0;809554315;820319303;48158920
1390;5.27367e-15;-355;1638;11730;11651;1;276;-2.14748e+09;-3.66728e+06;0;0;0;0;0;0;809554315;820319303;48158920
1391;5.32765e-15;-353;1684;11744;11730;1;263;-2.14748e+09;-3.65922e+06;0;0;0;0;0;0;809846768;820641490;48243417
1391;5.27367e-15;-355;1638;11730;11651;1;276;-2.14748e+09;-3.65922e+06;-1;0;0;0;-1;0;809846768;820641490;48243417
1392;5.32765e-15;-354;1684;11744;11730;1;263;-2.14748e+09;-3.651e+06;0;0;0;0;0;0;810138571;820963034;48327834
1392;5.27367e-15;-355;1638;11730;11651;1;276;-2.14748e+09;-3.651e+06;-1;0;0;0;-1;0;810138571;820963034;48327834
1393;5.32765e-15;-355;1684;11744;11730;1;263;-2.14748e+09;-3.64299e+06;0;0;0;0;0;0;810429727;821283940;48412172
1393;5.27367e-15;-356;1638;11730;11651;1;276;-2.14748e+09;-3.64299e+06;0;0;0;0;0;0;810429727;821283940;48412172
1394;5.32765e-15;-356;1684;11744;11730;1;263;-2.14748e+09;-3.63481e+06;0;0;0;0;0;0;810720236;821604206;48496430
1394;5.27367e-15;-356;1638;11730;11651;1;276;-2.14748e+09;-3.63481e+06;-1;0;0;0;-1;0;810720236;821604206;48496430
1395;5.32765e-15;-356;1684;11744;11730;1;263;-2.14748e+09;-3.62675e+06;-1;0;0;0;-1;0;811010102;821923836;48580608
1395;5.27367e-15;-356;1638;11730;11651;1;276;-2.14748e+09;-3.62675e+06;-1;0;0;0;-1;0;811010102;821923836;48580608
1396;5.32765e-15;-356;1684;11744;11730;1;263;-2.14748e+09;-3.61871e+06;-1;0;0;0;-1;0;811299324;822242831;48664706
1396;5.27367e-15;-357;1638;11730;11651;1;276;-2.14748e+09;-3.61871e+06;0;0;0;0;0;0;811299324;822242831;48664706
1397;5.32765e-15;-357;1684;11744;11730;1;263;-2.14748e+09;-3.6107e+06;0;0;0;0;0;0;811587906;822561193;48748724
1397;5.27367e-15;-358;1638;11730;11651;1;276;-2.14748e+09;-3.6107e+06;0;0;0;0;0;0;811587906;822561193;48748724
1398;5.32765e-15;-358;1684;11744;11730;1;263;-2.14748e+09;-3.60271e+06;0;0;0;0;0;0;811875849;822878922;48832662
1398;5.27367e-15;-358;1638;11730;11651;1;276;-2.14748e+09;-3.60271e+06;-1;0;0;0;-1;0;811875849;822878922;48832662
1399;5.32765e-15;-358;1684;11744;11730;1;263;-2.14748e+09;-3.59474e+06;-1;0;0;0;-1;0;812163154;823196021;48916519
1399;5.27367e-15;-358;1638;11730;11651;1;276;-2.14748e+09;-3.59474e+06;-1;0;0;0;-1;0;812163154;823196021;48916519
1400;5.32765e-15;-359;1684;11744;11730;1;263;-2.14748e+09;-3.58679e+06;0;0;0;0;0;0;812449823;823512491;49000296
1400;5.27367e-15;-358;1638;11730;11651;1;276;-2.14748e+09;-3.58679e+06;-1;0;0;0;-1;0;812449823;823512491;49000296
1401;5.32765e-15;-360;1684;11744;11730;1;263;-2.14748e+09;-3.57897e+06;0;0;0;0;0;0;812735858;823828333;49083992
1401;5.27367e-15;-359;1638;11730;11651;1;276;-2.14748e+09;-3.57897e+06;0;0;0;0;0;0;812735858;823828333;49083992
1402;5.32765e-15;-361;1684;11744;11730;1;263;-2.14748e+09;-3.57097e+06;0;0;0;0;0;0;813021260;824143549;49167607
1402;5.27367e-15;-360;1638;11730;11651;1;276;-2.14748e+09;-3.57097e+06;0;0;0;0;0;0;813021260;824143549;49167607
1403;5.32765e-15;-362;1684;11744;11730;1;263;-2.14748e+09;-3.56309e+06;0;0;0;0;0;0;813306032;824458141;49251142
1403;5.27367e-15;-360;1638;11730;11651;1;276;-2.14748e+09;-3.56309e+06;-1;0;0;0;-1;0;813306032;824458141;49251142
1404;5.32765e-15;-363;1684;11744;11730;1;263;-2.14748e+09;-3.55523e+06;0;0;0;0;0;0;813590175;824772111;49334595
1404;5.27367e-15;-361;1638;11730;11651;1;276;-2.14748e+09;-3.55523e+06;0;0;0;0;0;0;813590175;824772111;49334595
1405;5.32765e-15;-363;1684;11744;11730;1;263;-2.14748e+09;-3.5474e+06;-1;0;0;0;-1;0;813873690;825085459;49417967
1405;5.27367e-15;-361;1638;11730;11651;1;276;-2.14748e+09;-3.5474e+06;-1;0;0;0;-1;0;813873690;825085459;49417967
1406;5.32765e-15;-363;1684;11744;11730;1;263;-2.14748e+09;-3.53959e+06;-1;0;0;0;-1;0;814156579;825398187;49501258
1406;5.27367e-15;-361;1638;11730;11651;1;276;-2.14748e+09;-3.53959e+06;-1;0;0;0;-1;0;814156579;825398187;49501258
1407;5.32765e-15;-363;1684;11744;11730;1;263;-2.14748e+09;-3.5318e+06;-1;0;0;0;-1;0;814438844;825710296;49584467
1407;5.27367e-15;-361;1638;11730;11651;1;276;-2.14748e+09;-3.5318e+06;-1;0;0;0;-1;0;814438844;825710296;49584467
1408;5.32765e-15;-363;1684;11744;11730;1;263;-2.14748e+09;-3.52403e+06;-1;0;0;0;-1;0;814720486;826021789;49667595
1408;5.27367e-15;-361;1638;11730;11651;1;276;-2.14748e+09;-3.52403e+06;-1;0;0;0;-1;0;814720486;826021789;49667595
1409;5.32765e-15;-364;1684;11744;11730;1;263;-2.14748e+09;-3.51628e+06;0;0;0;0;0;0;815001508;826332666;49750641
1409;5.27367e-15;-361;1638;11730;11651;1;276;-2.14748e+09;-3.51628e+06;-1;0;0;0;-1;0;815001508;826332666;49750641
1410;5.32765e-15;-365;1684;11744;11730;1;263;-2.14748e+09;-3.50856e+06;0;0;0;0;0;0;815281910;826642930;49833606
1410;5.27367e-15;-361;1638;11730;11651;1;276;-2.14748e+09;-3.50856e+06;-1;0;0;0;-1;0;815281910;826642930;49833606
1411;5.32765e-15;-366;1684;11744;11730;1;263;-2.14748e+09;-3.50085e+06;0;0;0;0;0;0;815561695;826952581;49916488
1411;5.27367e-15;-362;1638;11730;11651;1;276;-2.14748e+09;-3.50085e+06;0;0;0;0;0;0;815561695;826952581;49916488
1412;5.32765e-15;-367;1684;11744;11730;1;263;-2.14748e+09;-3.49327e+06;0;0;0;0;0;0;815840863;827261621;49999288
1412;5.27367e-15;-362;1638;11730;11651;1;276;-2.14748e+09;-3.49327e+06;-1;0;0;0;-1;0;815840863;827261621;49999288
1413;5.32765e-15;-368;1684;11744;11730;1;263;-2.14748e+09;-3.48551e+06;0;0;0;0;0;0;816119418;827570051;50082007
1413;5.27367e-15;-362;1638;11730;11651;1;276;-2.14748e+09;-3.48551e+06;-1;0;0;0;-1;0;816119418;827570051;50082007
1414;5.32765e-15;-368;1684;11744;11730;1;263;-2.14748e+09;-3.47787e+06;-1;0;0;0;-1;0;816397359;827877874;50164643
1414;5.27367e-15;-362;1638;11730;11651;1;276;-2.14748e+09;-3.47787e+06;-1;0;0;0;-1;0;816397359;827877874;50164643
1415;5.32765e-15;-369;1684;11744;11730;1;263;-2.14748e+09;-3.47025e+06;0;0;0;0;0;0;816674689;828185090;50247196
1415;5.27367e-15;-362;1638;11730;11651;1;276;-2.14748e+09;-3.47025e+06;-1;0;0;0;-1;0;816674689;828185090;50247196
1416;5.32765e-15;-369;1684;11744;11730;1;263;-2.14748e+09;-3.46275e+06;-1;0;0;0;-1;0;816951410;828491701;50329667
1416;5.27367e-15;-363;1638;11730;11651;1;276;-2.14748e+09;-3.46275e+06;0;0;0;0;0;0;816951410;828491701;50329667
1417;5.32765e-15;-369;1684;11744;11730;1;263;-2.14748e+09;-3.45508e+06;-1;0;0;0;-1;0;817227522;828797708;50412056
1417;5.27367e-15;-364;1638;11730;11651;1;276;-2.14748e+09;-3.45508e+06;0;0;0;0;0;0;817227522;828797708;50412056
1418;5.32765e-15;-369;1684;11744;11730;1;263;-2.14748e+09;-3.44762e+06;-1;0;0;0;-1;0;817503028;829103113;50494362
1418;5.27367e-15;-364;1638;11730;11651;1;276;-2.14748e+09;-3.44762e+06;-1;0;0;0;-1;0;817503028;829103113;50494362
1419;5.32765e-15;-370;1684;11744;11730;1;263;-2.14748e+09;-3.43999e+06;0;0;0;0;0;0;817777929;829407917;50576585
1419;5.27367e-15;-364;1638;11730;11651;1;276;-2.14748e+09;-3.43999e+06;-1;0;0;0;-1;0;817777929;829407917;50576585
1420;5.32765e-15;-370;1684;11744;11730;1;263;-2.14748e+09;-3.43248e+06;-1;0;0;0;-1;0;818052227;829712122;50658725
1420;5.27367e-15;-364;1638;11730;11651;1;276;-2.14748e+09;-3.43248e+06;-1;0;0;0;-1;0;818052227;829712122;50658725
1421;5.32765e-15;-371;1684;11744;11730;1;263;-2.14748e+09;-3.42498e+06;0;0;0;0;0;0;818325923;830015729;50740782
1421;5.27367e-15;-365;1638;11730;11651;1;276;-2.14748e+09;-3.42498e+06;0;0;0;0;0;0;818325923;830015729;50740782
1422;5.32765e-15;-371;1684;11744;11730;1;263;-2.14748e+09;-3.41761e+06;-1;0;0;0;-1;0;818599019;830318739;50822755
1422;5.27367e-15;-365;1638;11730;11651;1;276;-2.14748e+09;-3.41761e+06;-1;0;0;0;-1;0;818599019;830318739;50822755
1423;5.32765e-15;-372;1684;11744;11730;1;263;-2.14748e+09;-3.41016e+06;0;0;0;0;0;0;818871517;830621154;50904646
1423;5.27367e-15;-366;1638;11730;11651;1;276;-2.14748e+09;-3.41016e+06;0;0;0;0;0;0;818871517;830621154;50904646
1424;5.32765e-15;-372;1684;11744;11730;1;263;-2.14748e+09;-3.40263e+06;-1;0;0;0;-1;0;819143417;830922976;50986453
1424;5.27367e-15;-367;1638;11730;11651;1;276;-2.14748e+09;-3.40263e+06;0;0;0;0;0;0;819143417;830922976;50986453
1425;5.32765e-15;-372;1684;11744;11730;1;263;-2.14748e+09;-3.39532e+06;-1;0;0;0;-1;0;819414722;831224205;51068177
1425;5.27367e-15;-367;1638;11730;11651;1;276;-2.14748e+09;-3.39532e+06;-1;0;0;0;-1;0;819414722;831224205;51068177
1426;5.32765e-15;-373;1684;11744;11730;1;263;-2.14748e+09;-3.38793e+06;0;0;0;0;0;0;819685433;831524844;51149817
1426;5.27367e-15;-368;1638;11730;11651;1;276;-2.14748e+09;-3.38793e+06;0;0;0;0;0;0;819685433;831524844;51149817
1427;5.32765e-15;-374;1684;11744;11730;1;263;-2.14748e+09;-3.38046e+06;0;0;0;0;0;0;819955552;831824893;51231374
1427;5.27367e-15;-368;1638;11730;11651;1;276;-2.14748e+09;-3.38046e+06;-1;0;0;0;-1;0;819955552;831824893;51231374
1428;5.32765e-15;-375;1684;11744;11730;1;263;-2.14748e+09;-3.37311e+06;0;0;0;0;0;0;820225079;832124354;51312847
1428;5.27367e-15;-369;1638;11730;11651;1;276;-2.14748e+09;-3.37311e+06;0;0;0;0;0;0;820225079;832124354;51312847
1429;5.32765e-15;-376;1684;11744;11730;1;263;-2.14748e+09;-3.36578e+06;0;0;0;0;0;0;820494018;832423228;51394236
1429;5.27367e-15;-369;1638;11730;11651;1;276;-2.14748e+09;-3.36578e+06;-1;0;0;0;-1;0;820494018;832423228;51394236
1430;5.32765e-15;-377;1684;11744;11730;1;263;-2.14748e+09;-3.35847e+06;0;0;0;0;0;0;820762368;832721517;51475541
1430;5.27367e-15;-369;1638;11730;11651;1;276;-2.14748e+09;-3.35847e+06;-1;0;0;0;-1;0;820762368;832721517;51475541
1431;5.32765e-15;-378;1684;11744;11730;1;263;-2.14748e+09;-3.35128e+06;0;0;0;0;0;0;821030133;833019222;51556762
1431;5.27367e-15;-369;1638;11730;11651;1;276;-2.14748e+09;-3.35128e+06;-1;0;0;0;-1;0;821030133;833019222;51556762
1432;5.32765e-15;-378;1684;11744;11730;1;263;-2.14748e+09;-3.34391e+06;-1;0;0;0;-1;0;821297312;833316345;51637899
1432;5.27367e-15;-370;1638;11730;11651;1;276;-2.14748e+09;-3.34391e+06;0;0;0;0;0;0;821297312;833316345;51637899
1433;5.32765e-15;-378;1684;11744;11730;1;263;-2.14748e+09;-3.33666e+06;-1;0;0;0;-1;0;821563909;833612886;51718952
1433;5.27367e-15;-371;1638;11730;11651;1;276;-2.14748e+09;-3.33666e+06;0;0;0;0;0;0;821563909;833612886;51718952
1434;5.32765e-15;-379;1684;11744;11730;1;263;-2.14748e+09;-3.32953e+06;0;0;0;0;0;0;821829923;833908847;51799920
1434;5.27367e-15;-371;1638;11730;11651;1;276;-2.14748e+09;-3.32953e+06;-1;0;0;0;-1;0;821829923;833908847;51799920
1435;5.32765e-15;-379;1684;11744;11730;1;263;-2.14748e+09;-3.32222e+06;-1;0;0;0;-1;0;822095357;834204231;51880804
1435;5.27367e-15;-372;1638;11730;11651;1;276;-2.14748e+09;-3.32222e+06;0;0;0;0;0;0;822095357;834204231;51880804
1436;5.32765e-15;-380;1684;11744;11730;1;263;-2.14748e+09;-3.31503e+06;0;0;0;0;0;0;822360213;834499037;51961604
1436;5.27367e-15;-373;1638;11730;11651;1;276;-2.14748e+09;-3.31503e+06;0;0;0;0;0;0;822360213;834499037;51961604
1437;5.32765e-15;-381;1684;11744;11730;1;263;-2.14748e+09;-3.30786e+06;0;0;0;0;0;0;822624491;834793267;52042319
1437;5.27367e-15;-374;1638;11730;11651;1;276;-2.14748e+09;-3.30786e+06;0;0;0;0;0;0;822624491;834793267;52042319
1438;5.32765e-15;-382;1684;11744;11730;1;263;-2.14748e+09;-3.3007e+06;0;0;0;0;0;0;822888193;835086923;52122949
1438;5.27367e-15;-374;1638;11730;11651;1;276;-2.14748e+09;-3.3007e+06;-1;0;0;0;-1;0;822888193;835086923;52122949
1439;5.32765e-15;-383;1684;11744;11730;1;263;-2.14748e+09;-3.29367e+06;0;0;0;0;0;0;823151322;835380006;52203495
1439;5.27367e-15;-375;1638;11730;11651;1;276;-2.14748e+09;-3.29367e+06;0;0;0;0;0;0;823151322;835380006;52203495
1440;5.32765e-15;-383;1684;11744;11730;1;263;-2.14748e+09;-3.28646e+06;-1;0;0;0;-1;0;823413877;835672517;52283955
1440;5.27367e-15;-376;1638;11730;11651;1;276;-2.14748e+09;-3.28646e+06;0;0;0;0;0;0;823413877;835672517;52283955
1441;5.32765e-15;-384;1684;11744;11730;1;263;-2.14748e+09;-3.27936e+06;0;0;0;0;0;0;823675861;835964458;52364331
1441;5.27367e-15;-377;1638;11730;11651;1;276;-2.14748e+09;-3.27936e+06;0;0;0;0;0;0;823675861;835964458;52364331
1442;5.32765e-15;-384;1684;11744;11730;1;263;-2.14748e+09;-3.27229e+06;-1;0;0;0;-1;0;823937275;836255830;52444622
1442;5.27367e-15;-378;1638;11730;11651;1;276;-2.14748e+09;-3.27229e+06;0;0;0;0;0;0;823937275;836255830;52444622
1443;5.32765e-15;-385;1684;11744;11730;1;263;-2.14748e+09;-3.26533e+06;0;0;0;0;0;0;824198120;836546634;52524828
1443;5.27367e-15;-378;1638;11730;11651;1;276;-2.14748e+09;-3.26533e+06;-1;0;0;0;-1;0;824198120;836546634;52524828
1444;5.32765e-15;-385;1684;11744;11730;1;263;-2.14748e+09;-3.2582e+06;-1;0;0;0;-1;0;824458399;836836871;52604949
1444;5.27367e-15;-379;1638;11730;11651;1;276;-2.14748e+09;-3.2582e+06;0;0;0;0;0;0;824458399;836836871;52604949
1445;5.32765e-15;-385;1684;11744;11730;1;263;-2.14748e+09;-3.25128e+06;-1;0;0;0;-1;0;824718112;837126544;52684984
1445;5.27367e-15;-380;1638;11730;11651;1;276;-2.14748e+09;-3.25128e+06;0;0;0;0;0;0;824718112;837126544;52684984
1446;5.32765e-15;-386;1684;11744;11730;1;263;-2.14748e+09;-3.24418e+06;0;0;0;0;0;0;824977261;837415653;52764934
1446;5.27367e-15;-380;1638;11730;11651;1;276;-2.14748e+09;-3.24418e+06;-1;0;0;0;-1;0;824977261;837415653;52764934
1447;5.32765e-15;-387;1684;11744;11730;1;263;-2.14748e+09;-3.2372e+06;0;0;0;0;0;0;825235847;837704199;52844799
1447;5.27367e-15;-381;1638;11730;11651;1;276;-2.14748e+09;-3.2372e+06;0;0;0;0;0;0;825235847;837704199;52844799
1448;5.32765e-15;-388;1684;11744;11730;1;263;-2.14748e+09;-3.23023e+06;0;0;0;0;0;0;825493872;837992184;52924578
1448;5.27367e-15;-381;1638;11730;11651;1;276;-2.14748e+09;-3.23024e+06;-1;0;0;0;-1;0;825493872;837992184;52924578
1449;5.32765e-15;-389;1684;11744;11730;1;263;-2.14748e+09;-3.22329e+06;0;0;0;0;0;0;825751337;838279610;53004272
1449;5.27367e-15;-381;1638;11730;11651;1;276;-2.14748e+09;-3.22329e+06;-1;0;0;0;-1;0;825751337;838279610;53004272
1450;5.32765e-15;-390;1684;11744;11730;1;263;-2.14748e+09;-3.21637e+06;0;0;0;0;0;0;826008244;838566477;53083880
1450;5.27367e-15;-381;1638;11730;11651;1;276;-2.14748e+09;-3.21637e+06;-1;0;0;0;-1;0;826008244;838566477;53083880
1451;5.32765e-15;-391;1684;11744;11730;1;263;-2.14748e+09;-3.20946e+06;0;0;0;0;0;0;826264594;838852786;53163402
1451;5.27367e-15;-381;1638;11730;11651;1;276;-2.14748e+09;-3.20946e+06;-1;0;0;0;-1;0;826264594;838852786;53163402
1452;5.32765e-15;-392;1684;11744;11730;1;263;-2.14748e+09;-3.20257e+06;0;0;0;0;0;0;826520388;839138540;53242839
1452;5.27367e-15;-381;1638;11730;11651;1;276;-2.14748e+09;-3.20257e+06;-1;0;0;0;-1;0;826520388;839138540;53242839
1453;5.32765e-15;-393;1684;11744;11730;1;263;-2.14748e+09;-3.1957e+06;0;0;0;0;0;0;826775629;839423739;53322190
1453;5.27367e-15;-381;1638;11730;11651;1;276;-2.14748e+09;-3.1957e+06;-1;0;0;0;-1;0;826775629;839423739;53322190
1454;5.32765e-15;-393;1684;11744;11730;1;263;-2.14748e+09;-3.18895e+06;-1;0;0;0;-1;0;827030317;839708385;53401455
1454;5.27367e-15;-382;1638;11730;11651;1;276;-2.14748e+09;-3.18895e+06;0;0;0;0;0;0;827030317;839708385;53401455
1455;5.32765e-15;-393;1684;11744;11730;1;263;-2.14748e+09;-3.18212e+06;-1;0;0;0;-1;0;827284453;839992478;53480634
1455;5.27367e-15;-382;1638;11730;11651;1;276;-2.14748e+09;-3.18212e+06;-1;0;0;0;-1;0;827284453;839992478;53480634
1456;5.32765e-15;-393;1684;11744;11730;1;263;-2.14748e+09;-3.1752e+06;-1;0;0;0;-1;0;827538039;840276020;53559726
1456;5.27367e-15;-382;1638;11730;11651;1;276;-2.14748e+09;-3.1752e+06;-1;0;0;0;-1;0;827538039;840276020;53559726
1457;5.32765e-15;-393;1684;11744;11730;1;263;-2.14748e+09;-3.16841e+06;-1;0;0;0;-1;0;827791077;840559013;53638733
1457;5.27367e-15;-382;1638;11730;11651;1;276;-2.14748e+09;-3.16841e+06;-1;0;0;0;-1;0;827791077;840559013;53638733
1458;5.32765e-15;-394;1684;11744;11730;1;263;-2.14748e+09;-3.16163e+06;0;0;0;0;0;0;828043568;840841458;53717654
1458;5.27367e-15;-383;1638;11730;11651;1;276;-2.14748e+09;-3.16163e+06;0;0;0;0;0;0;828043568;840841458;53717654
1459;5.32765e-15;-395;1684;11744;11730;1;263;-2.14748e+09;-3.15487e+06;0;0;0;0;0;0;828295513;841123356;53796489
1459;5.27367e-15;-384;1638;11730;11651;1;276;-2.14748e+09;-3.15487e+06;0;0;0;0;0;0;828295513;841123356;53796489
1460;5.32765e-15;-396;1684;11744;11730;1;263;-2.14748e+09;-3.14813e+06;0;0;0;0;0;0;828546914;841404707;53875237
1460;5.27367e-15;-384;1638;11730;11651;1;276;-2.14748e+09;-3.14812e+06;-1;0;0;0;-1;0;828546914;841404707;53875237
1461;5.32765e-15;-396;1684;11744;11730;1;263;-2.14748e+09;-3.1414e+06;-1;0;0;0;-1;0;828797772;841685515;53953899
1461;5.27367e-15;-385;1638;11730;11651;1;276;-2.14748e+09;-3.1414e+06;0;0;0;0;0;0;828797772;841685515;53953899
1462;5.32765e-15;-396;1684;11744;11730;1;263;-2.14748e+09;-3.13469e+06;-1;0;0;0;-1;0;829048088;841965778;54032474
1462;5.27367e-15;-385;1638;11730;11651;1;276;-2.14748e+09;-3.13469e+06;-1;0;0;0;-1;0;829048088;841965778;54032474
1463;5.32765e-15;-397;1684;11744;11730;1;263;-2.14748e+09;-3.128e+06;0;0;0;0;0;0;829297864;842245500;54110963
1463;5.27367e-15;-386;1638;11730;11651;1;276;-2.14748e+09;-3.128e+06;0;0;0;0;0;0;829297864;842245500;54110963
1464;5.32765e-15;-397;1684;11744;11730;1;263;-2.14748e+09;-3.12133e+06;-1;0;0;0;-1;0;829547101;842524681;54189366
1464;5.27367e-15;-386;1638;11730;11651;1;276;-2.14748e+09;-3.12133e+06;-1;0;0;0;-1;0;829547101;842524681;54189366
1465;5.32765e-15;-397;1684;11744;11730;1;263;-2.14748e+09;-3.11478e+06;-1;0;0;0;-1;0;829795801;842803322;54267681
1465;5.27367e-15;-387;1638;11730;11651;1;276;-2.14748e+09;-3.11478e+06;0;0;0;0;0;0;829795801;842803322;54267681
1466;5.32765e-15;-397;1684;11744;11730;1;263;-2.14748e+09;-3.10814e+06;-1;0;0;0;-1;0;830043965;843081425;54345911
1466;5.27367e-15;-387;1638;11730;11651;1;276;-2.14748e+09;-3.10814e+06;-1;0;0;0;-1;0;830043965;843081425;54345911
1467;5.32765e-15;-398;1684;11744;11730;1;263;-2.14748e+09;-3.10142e+06;0;0;0;0;0;0;830291593;843358991;54424053
1467;5.27367e-15;-388;1638;11730;11651;1;276;-2.14748e+09;-3.10142e+06;0;0;0;0;0;0;830291593;843358991;54424053
1468;5.32765e-15;-398;1684;11744;11730;1;263;-2.14748e+09;-3.09482e+06;-1;0;0;0;-1;0;830538689;843636021;54502109
1468;5.27367e-15;-388;1638;11730;11651;1;276;-2.14748e+09;-3.09482e+06;-1;0;0;0;-1;0;830538689;843636021;54502109
1469;5.32765e-15;-398;1684;11744;11730;1;263;-2.14748e+09;-3.08823e+06;-1;0;0;0;-1;0;830785252;843912516;54580078
1469;5.27367e-15;-388;1638;11730;11651;1;276;-2.14748e+09;-3.08823e+06;-1;0;0;0;-1;0;830785252;843912516;54580078
1470;5.32765e-15;-398;1684;11744;11730;1;263;-2.14748e+09;-3.08176e+06;-1;0;0;0;-1;0;831031284;844188478;54657960
1470;5.27367e-15;-389;1638;11730;11651;1;276;-2.14748e+09;-3.08176e+06;0;0;0;0;0;0;831031284;844188478;54657960
1471;5.32765e-15;-399;1684;11744;11730;1;263;-2.14748e+09;-3.07511e+06;0;0;0;0;0;0;831276788;844463907;54735755
1471;5.27367e-15;-389;1638;11730;11651;1;276;-2.14748e+09;-3.07511e+06;-1;0;0;0;-1;0;831276788;844463907;54735755
1472;5.32765e-15;-400;1684;11744;11730;1;263;-2.14748e+09;-3.06858e+06;0;0;0;0;0;0;831521763;844738805;54813463
1472;5.27367e-15;-389;1638;11730;11651;1;276;-2.14748e+09;-3.06858e+06;-1;0;0;0;-1;0;831521763;844738805;54813463
1473;5.32765e-15;-400;1684;11744;11730;1;263;-2.14748e+09;-3.06206e+06;-1;0;0;0;-1;0;831766211;845013174;54891085
1473;5.27367e-15;-390;1638;11730;11651;1;276;-2.14748e+09;-3.06206e+06;0;0;0;0;0;0;831766211;845013174;54891085
1474;5.32765e-15;-401;1684;11744;11730;1;263;-2.14748e+09;-3.05556e+06;0;0;0;0;0;0;832010133;845287013;54968619
1474;5.27367e-15;-390;1638;11730;11651;1;276;-2.14748e+09;-3.05556e+06;-1;0;0;0;-1;0;832010133;845287013;54968619
1475;5.32765e-15;-401;1684;11744;11730;1;263;-2.14748e+09;-3.04908e+06;-1;0;0;0;-1;0;832253532;845560326;55046066
1475;5.27367e-15;-390;1638;11730;11651;1;276;-2.14748e+09;-3.04908e+06;-1;0;0;0;-1;0;832253532;845560326;55046066
1476;5.32765e-15;-402;1684;11744;11730;1;263;-2.14748e+09;-3.04262e+06;0;0;0;0;0;0;832496408;845833111;55123426
1476;5.27367e-15;-390;1638;11730;11651;1;276;-2.14748e+09;-3.04262e+06;-1;0;0;0;-1;0;832496408;845833111;55123426
1477;5.32765e-15;-402;1684;11744;11730;1;263;-2.14748e+09;-3.03617e+06;-1;0;0;0;-1;0;832738762;846105372;55200698
1477;5.27367e-15;-390;1638;11730;11651;1;276;-2.14748e+09;-3.03617e+06;-1;0;0;0;-1;0;832738762;846105372;55200698
1478;5.32765e-15;-403;1684;11744;11730;1;263;-2.14748e+09;-3.02974e+06;0;0;0;0;0;0;832980596;846377109;55277884
1478;5.27367e-15;-390;1638;11730;11651;1;276;-2.14748e+09;-3.02974e+06;-1;0;0;0;-1;0;832980596;846377109;55277884
1479;5.32765e-15;-404;1684;11744;11730;1;263;-2.14748e+09;-3.02332e+06;0;0;0;0;0;0;833221911;846648324;55354982
1479;5.27367e-15;-390;1638;11730;11651;1;276;-2.14748e+09;-3.02332e+06;-1;0;0;0;-1;0;833221911;846648324;55354982
1480;5.32765e-15;-405;1684;11744;11730;1;263;-2.14748e+09;-3.01692e+06;0;0;0;0;0;0;833462709;846919016;55431993
1480;5.27367e-15;-390;1638;11730;11651;1;276;-2.14748e+09;-3.01692e+06;-1;0;0;0;-1;0;833462709;846919016;55431993
1481;5.32765e-15;-405;1684;11744;11730;1;263;-2.14748e+09;-3.01054e+06;-1;0;0;0;-1;0;833702990;847189188;55508916
1481;5.27367e-15;-391;1638;11730;11651;1;276;-2.14748e+09;-3.01054e+06;0;0;0;0;0;0;833702990;847189188;55508916
1482;5.32765e-15;-405;1684;11744;11730;1;263;-2.14748e+09;-3.00417e+06;-1;0;0;0;-1;0;833942756;847458841;55585752
1482;5.27367e-15;-391;1638;11730;11651;1;276;-2.14748e+09;-3.00417e+06;-1;0;0;0;-1;0;833942756;847458841;55585752
1483;5.32765e-15;-406;1684;11744;11730;1;263;-2.14748e+09;-2.99782e+06;0;0;0;0;0;0;834182009;847727976;55662501
1483;5.27367e-15;-392;1638;11730;11651;1;276;-2.14748e+09;-2.99782e+06;0;0;0;0;0;0;834182009;847727976;55662501
1484;5.32765e-15;-407;1684;11744;11730;1;263;-2.14748e+09;-2.99149e+06;0;0;0;0;0;0;834420749;847996595;55739161
1484;5.27367e-15;-392;1638;11730;11651;1;276;-2.14748e+09;-2.99149e+06;-1;0;0;0;-1;0;834420749;847996595;55739161
1485;5.32765e-15;-407;1684;11744;11730;1;263;-2.14748e+09;-2.98518e+06;-1;0;0;0;-1;0;834658978;848264697;55815735
1485;5.27367e-15;-393;1638;11730;11651;1;276;-2.14748e+09;-2.98518e+06;0;0;0;0;0;0;834658978;848264697;55815735
1486;5.32765e-15;-407;1684;11744;11730;1;263;-2.14748e+09;-2.97898e+06;-1;0;0;0;-1;0;834896696;848532285;55892221
1486;5.27367e-15;-393;1638;11730;11651;1;276;-2.14748e+09;-2.97898e+06;-1;0;0;0;-1;0;834896696;848532285;55892221
1487;5.32765e-15;-407;1684;11744;11730;1;263;-2.14748e+09;-2.97259e+06;-1;0;0;0;-1;0;835133907;848799359;55968619
1487;5.27367e-15;-394;1638;11730;11651;1;276;-2.14748e+09;-2.97259e+06;0;0;0;0;0;0;835133907;848799359;55968619
1488;5.32765e-15;-408;1684;11744;11730;1;263;-2.14748e+09;-2.96632e+06;0;0;0;0;0;0;835370610;849065921;56044929
1488;5.27367e-15;-394;1638;11730;11651;1;276;-2.14748e+09;-2.96632e+06;-1;0;0;0;-1;0;835370610;849065921;56044929
1489;5.32765e-15;-408;1684;11744;11730;1;263;-2.14748e+09;-2.96007e+06;-1;0;0;0;-1;0;835606806;849331972;56121152
1489;5.27367e-15;-394;1638;11730;11651;1;276;-2.14748e+09;-2.96007e+06;-1;0;0;0;-1;0;835606806;849331972;56121152
1490;5.32765e-15;-408;1684;11744;11730;1;263;-2.14748e+09;-2.95384e+06;-1;0;0;0;-1;0;835842498;849597513;56197287
1490;5.27367e-15;-395;1638;11730;11651;1;276;-2.14748e+09;-2.95384e+06;0;0;0;0;0;0;835842498;849597513;56197287
1491;5.32765e-15;-408;1684;11744;11730;1;263;-2.14748e+09;-2.94762e+06;-1;0;0;0;-1;0;836077686;849862545;56273335
1491;5.27367e-15;-396;1638;11730;11651;1;276;-2.14748e+09;-2.94762e+06;0;0;0;0;0;0;836077686;849862545;56273335
1492;5.32765e-15;-409;1684;11744;11730;1;263;-2.14748e+09;-2.94141e+06;0;0;0;0;0;0;836312372;850127070;56349294
1492;5.27367e-15;-396;1638;11730;11651;1;276;-2.14748e+09;-2.94141e+06;-1;0;0;0;-1;0;836312372;850127070;56349294
1493;5.32765e-15;-409;1684;11744;11730;1;263;-2.14748e+09;-2.93522e+06;-1;0;0;0;-1;0;836546557;850391088;56425166
1493;5.27367e-15;-397;1638;11730;11651;1;276;-2.14748e+09;-2.93522e+06;0;0;0;0;0;0;836546557;850391088;56425166
1494;5.32765e-15;-410;1684;11744;11730;1;263;-2.14748e+09;-2.92915e+06;0;0;0;0;0;0;836780242;850654600;56500950
1494;5.27367e-15;-398;1638;11730;11651;1;276;-2.14748e+09;-2.92915e+06;0;0;0;0;0;0;836780242;850654600;56500950
1495;5.32765e-15;-410;1684;11744;11730;1;263;-2.14748e+09;-2.9229e+06;-1;0;0;0;-1;0;837013428;850917608;56576646
1495;5.27367e-15;-399;1638;11730;11651;1;276;-2.14748e+09;-2.9229e+06;0;0;0;0;0;0;837013428;850917608;56576646
1496;5.32765e-15;-411;1684;11744;11730;1;263;-2.14748e+09;-2.91676e+06;0;0;0;0;0;0;837246117;851180113;56652254
1496;5.27367e-15;-399;1638;11730;11651;1;276;-2.14748e+09;-2.91676e+06;-1;0;0;0;-1;0;837246117;851180113;56652254
1497;5.32765e-15;-411;1684;11744;11730;1;263;-2.14748e+09;-2.91063e+06;-1;0;0;0;-1;0;837478310;851442116;56727774
1497;5.27367e-15;-399;1638;11730;11651;1;276;-2.14748e+09;-2.91063e+06;-1;0;0;0;-1;0;837478310;851442116;56727774
1498;5.32765e-15;-412;1684;11744;11730;1;263;-2.14748e+09;-2.90452e+06;0;0;0;0;0;0;837710007;851703617;56803206
1498;5.27367e-15;-400;1638;11730;11651;1;276;-2.14748e+09;-2.90452e+06;0;0;0;0;0;0;837710007;851703617;56803206
1499;5.32765e-15;-413;1684;11744;11730;1;263;-2.14748e+09;-2.89843e+06;0;0;0;0;0;0;837941211;851964619;56878550
1499;5.27367e-15;-401;1638;11730;11651;1;276;-2.14748e+09;-2.89843e+06;0;0;0;0;0;0;837941211;851964619;56878550
1500;5.32765e-15;-414;1684;11744;11730;1;263;-2.14748e+09;-2.89235e+06;0;0;0;0;0;0;838171923;852225122;56953806
1500;5.27367e-15;-402;1638;11730;11651;1;276;-2.14748e+09;-2.89235e+06;0;0;0;0;0;0;838171923;852225122;56953806
1501;5.32765e-15;-414;1684;11744;11730;1;263;-2.14748e+09;-2.88629e+06;-1;0;0;0;-1;0;838402143;852485128;57028973
1501;5.27367e-15;-403;1638;11730;11651;1;276;-2.14748e+09;-2.88629e+06;0;0;0;0;0;0;838402143;852485128;57028973
1502;5.32765e-15;-414;1684;11744;11730;1;263;-2.14748e+09;-2.88024e+06;-1;0;0;0;-1;0;838631873;852744637;57104053
1502;5.27367e-15;-403;1638;11730;11651;1;276;-2.14748e+09;-2.88024e+06;-1;0;0;0;-1;0;838631873;852744637;57104053
1503;5.32765e-15;-414;1684;11744;11730;1;263;-2.14748e+09;-2.87421e+06;-1;0;0;0;-1;0;838861114;853003650;57179045
1503;5.27367e-15;-403;1638;11730;11651;1;276;-2.14748e+09;-2.87421e+06;-1;0;0;0;-1;0;838861114;853003650;57179045
1504;5.32765e-15;-414;1684;11744;11730;1;263;-2.14748e+09;-2.86819e+06;-1;0;0;0;-1;0;839089868;853262169;57253948
1504;5.27367e-15;-403;1638;11730;11651;1;276;-2.14748e+09;-2.86819e+06;-1;0;0;0;-1;0;839089868;853262169;57253948
1505;5.32765e-15;-414;1684;11744;11730;1;263;-2.14748e+09;-2.86219e+06;-1;0;0;0;-1;0;839318135;853520195;57328764
1505;5.27367e-15;-404;1638;11730;11651;1;276;-2.14748e+09;-2.86219e+06;0;0;0;0;0;0;839318135;853520195;57328764
1506;5.32765e-15;-414;1684;11744;11730;1;263;-2.14748e+09;-2.8563e+06;-1;0;0;0;-1;0;839545916;853777729;57403491
1506;5.27367e-15;-404;1638;11730;11651;1;276;-2.14748e+09;-2.8563e+06;-1;0;0;0;-1;0;839545916;853777729;57403491
1507;5.32765e-15;-415;1684;11744;11730;1;263;-2.14748e+09;-2.85023e+06;0;0;0;0;0;0;839773214;854034771;57478130
1507;5.27367e-15;-405;1638;11730;11651;1;276;-2.14748e+09;-2.85023e+06;0;0;0;0;0;0;839773214;854034771;57478130
1508;5.32765e-15;-415;1684;11744;11730;1;263;-2.14748e+09;-2.84427e+06;-1;0;0;0;-1;0;840000028;854291323;57552681
1508;5.27367e-15;-405;1638;11730;11651;1;276;-2.14748e+09;-2.84427e+06;-1;0;0;0;-1;0;840000028;854291323;57552681
1509;5.32765e-15;-415;1684;11744;11730;1;263;-2.14748e+09;-2.83843e+06;-1;0;0;0;-1;0;840226361;854547387;57627143
1509;5.27367e-15;-405;1638;11730;11651;1;276;-2.14748e+09;-2.83843e+06;-1;0;0;0;-1;0;840226361;854547387;57627143
1510;5.32765e-15;-415;1684;11744;11730;1;263;-2.14748e+09;-2.8324e+06;-1;0;0;0;-1;0;840452214;854802963;57701517
1510;5.27367e-15;-406;1638;11730;11651;1;276;-2.14748e+09;-2.8324e+06;0;0;0;0;0;0;840452214;854802963;57701517
1511;5.32765e-15;-415;1684;11744;11730;1;263;-2.14748e+09;-2.82649e+06;-1;0;0;0;-1;0;840677587;855058051;57775803
1511;5.27367e-15;-407;1638;11730;11651;1;276;-2.14748e+09;-2.82649e+06;0;0;0;0;0;0;840677587;855058051;57775803
1512;5.32765e-15;-415;1684;11744;11730;1;263;-2.14748e+09;-2.8206e+06;-1;0;0;0;-1;0;840902482;855312654;57850000
1512;5.27367e-15;-408;1638;11730;11651;1;276;-2.14748e+09;-2.8206e+06;0;0;0;0;0;0;840902482;855312654;57850000
1513;5.32765e-15;-415;1684;11744;11730;1;263;-2.14748e+09;-2.81472e+06;-1;0;0;0;-1;0;841126900;855566773;57924110
1513;5.27367e-15;-408;1638;11730;11651;1;276;-2.14748e+09;-2.81472e+06;-1;0;0;0;-1;0;841126900;855566773;57924110
1514;5.32765e-15;-415;1684;11744;11730;1;263;-2.14748e+09;-2.80885e+06;-1;0;0;0;-1;0;841350842;855820407;57998131
1514;5.27367e-15;-409;1638;11730;11651;1;276;-2.14748e+09;-2.80885e+06;0;0;0;0;0;0;841350842;855820407;57998131
1515;5.32765e-15;-415;1684;11744;11730;1;263;-2.14748e+09;-2.803e+06;-1;0;0;0;-1;0;841574309;856073560;58072063
1515;5.27367e-15;-410;1638;11730;11651;1;276;-2.14748e+09;-2.803e+06;0;0;0;0;0;0;841574309;856073560;58072063
1516;5.32765e-15;-416;1684;11744;11730;1;263;-2.14748e+09;-2.79716e+06;0;0;0;0;0;0;841797303;856326230;58145907
1516;5.27367e-15;-411;1638;11730;11651;1;276;-2.14748e+09;-2.79716e+06;0;0;0;0;0;0;841797303;856326230;58145907
1517;5.32765e-15;-417;1684;11744;11730;1;263;-2.14748e+09;-2.79134e+06;0;0;0;0;0;0;842019824;856578420;58219663
1517;5.27367e-15;-411;1638;11730;11651;1;276;-2.14748e+09;-2.79134e+06;-1;0;0;0;-1;0;842019824;856578420;58219663
1518;5.32765e-15;-418;1684;11744;11730;1;263;-2.14748e+09;-2.78553e+06;0;0;0;0;0;0;842241874;856830131;58293330
1518;5.27367e-15;-412;1638;11730;11651;1;276;-2.14748e+09;-2.78553e+06;0;0;0;0;0;0;842241874;856830131;58293330
1519;5.32765e-15;-418;1684;11744;11730;1;263;-2.14748e+09;-2.77973e+06;-1;0;0;0;-1;0;842463454;857081363;58366909
1519;5.27367e-15;-412;1638;11730;11651;1;276;-2.14748e+09;-2.77973e+06;-1;0;0;0;-1;0;842463454;857081363;58366909
1520;5.32765e-15;-418;1684;11744;11730;1;263;-2.14748e+09;-2.77395e+06;-1;0;0;0;-1;0;842684565;857332119;58440400
1520;5.27367e-15;-412;1638;11730;11651;1;276;-2.14748e+09;-2.77395e+06;-1;0;0;0;-1;0;842684565;857332119;58440400
1521;5.32765e-15;-419;1684;11744;11730;1;263;-2.14748e+09;-2.76819e+06;0;0;0;0;0;0;842905209;857582397;58513802
1521;5.27367e-15;-413;1638;11730;11651;1;276;-2.14748e+09;-2.76819e+06;0;0;0;0;0;0;842905209;857582397;58513802
1522;5.32765e-15;-420;1684;11744;11730;1;263;-2.14748e+09;-2.76244e+06;0;0;0;0;0;0;843125385;857832201;58587115
1522;5.27367e-15;-413;1638;11730;11651;1;276;-2.14748e+09;-2.76244e+06;-1;0;0;0;-1;0;843125385;857832201;58587115
1523;5.32765e-15;-421;1684;11744;11730;1;263;-2.14748e+09;-2.7567e+06;0;0;0;0;0;0;843345096;858081530;58660340
1523;5.27367e-15;-413;1638;11730;11651;1;276;-2.14748e+09;-2.7567e+06;-1;0;0;0;-1;0;843345096;858081530;58660340
1524;5.32765e-15;-421;1684;11744;11730;1;263;-2.14748e+09;-2.75108e+06;-1;0;0;0;-1;0;843564343;858330386;58733477
1524;5.27367e-15;-413;1638;11730;11651;1;276;-2.14748e+09;-2.75108e+06;-1;0;0;0;-1;0;843564343;858330386;58733477
1525;5.32765e-15;-422;1684;11744;11730;1;263;-2.14748e+09;-2.74537e+06;0;0;0;0;0;0;843783127;858578770;58806525
1525;5.27367e-15;-413;1638;11730;11651;1;276;-2.14748e+09;-2.74537e+06;-1;0;0;0;-1;0;843783127;858578770;58806525
1526;5.32765e-15;-422;1684;11744;11730;1;263;-2.14748e+09;-2.73958e+06;-1;0;0;0;-1;0;844001448;858826683;58879485
1526;5.27367e-15;-414;1638;11730;11651;1;276;-2.14748e+09;-2.73958e+06;0;0;0;0;0;0;844001448;858826683;58879485
1527;5.32765e-15;-422;1684;11744;11730;1;263;-2.14748e+09;-2.734e+06;-1;0;0;0;-1;0;844219309;859074126;58952356
1527;5.27367e-15;-414;1638;11730;11651;1;276;-2.14748e+09;-2.734e+06;-1;0;0;0;-1;0;844219309;859074126;58952356
1528;5.32765e-15;-423;1684;11744;11730;1;263;-2.14748e+09;-2.72823e+06;0;0;0;0;0;0;844436709;859321100;59025138
1528;5.27367e-15;-415;1638;11730;11651;1;276;-2.14748e+09;-2.72823e+06;0;0;0;0;0;0;844436709;859321100;59025138
1529;5.32765e-15;-423;1684;11744;11730;1;263;-2.14748e+09;-2.72258e+06;-1;0;0;0;-1;0;844653651;859567605;59097833
1529;5.27367e-15;-416;1638;11730;11651;1;276;-2.14748e+09;-2.72258e+06;0;0;0;0;0;0;844653651;859567605;59097833
1530;5.32765e-15;-423;1684;11744;11730;1;263;-2.14748e+09;-2.71694e+06;-1;0;0;0;-1;0;844870135;859813644;59170438
1530;5.27367e-15;-417;1638;11730;11651;1;276;-2.14748e+09;-2.71694e+06;0;0;0;0;0;0;844870135;859813644;59170438
1531;5.32765e-15;-423;1684;11744;11730;1;263;-2.14748e+09;-2.71132e+06;-1;0;0;0;-1;0;845086162;860059216;59242955
1531;5.27367e-15;-417;1638;11730;11651;1;276;-2.14748e+09;-2.71132e+06;-1;0;0;0;-1;0;845086162;860059216;59242955
1532;5.32765e-15;-424;1684;11744;11730;1;263;-2.14748e+09;-2.70571e+06;0;0;0;0;0;0;845301734;860304324;59315384
1532;5.27367e-15;-418;1638;11730;11651;1;276;-2.14748e+09;-2.70571e+06;0;0;0;0;0;0;845301734;860304324;59315384
1533;5.32765e-15;-425;1684;11744;11730;1;263;-2.14748e+09;-2.70011e+06;0;0;0;0;0;0;845516852;860548967;59387724
1533;5.27367e-15;-419;1638;11730;11651;1;276;-2.14748e+09;-2.70011e+06;0;0;0;0;0;0;845516852;860548967;59387724
1534;5.32765e-15;-426;1684;11744;11730;1;263;-2.14748e+09;-2.69453e+06;0;0;0;0;0;0;845731517;860793147;59459975
1534;5.27367e-15;-419;1638;11730;11651;1;276;-2.14748e+09;-2.69453e+06;-1;0;0;0;-1;0;845731517;860793147;59459975
1535;5.32765e-15;-426;1684;11744;11730;1;263;-2.14748e+09;-2.68906e+06;-1;0;0;0;-1;0;845945729;861036865;59532138
1535;5.27367e-15;-420;1638;11730;11651;1;276;-2.14748e+09;-2.68906e+06;0;0;0;0;0;0;845945729;861036865;59532138
1536;5.32765e-15;-426;1684;11744;11730;1;263;-2.14748e+09;-2.68341e+06;-1;0;0;0;-1;0;846159490;861280123;59604213
1536;5.27367e-15;-420;1638;11730;11651;1;276;-2.14748e+09;-2.68341e+06;-1;0;0;0;-1;0;846159490;861280123;59604213
1537;5.32765e-15;-426;1684;11744;11730;1;263;-2.14748e+09;-2.67786e+06;-1;0;0;0;-1;0;846372801;861522920;59676199
1537;5.27367e-15;-420;1638;11730;11651;1;276;-2.14748e+09;-2.67786e+06;-1;0;0;0;-1;0;846372801;861522920;59676199
1538;5.32765e-15;-427;1684;11744;11730;1;263;-2.14748e+09;-2.67234e+06;0;0;0;0;0;0;846585664;861765258;59748096
1538;5.27367e-15;-420;1638;11730;11651;1;276;-2.14748e+09;-2.67234e+06;-1;0;0;0;-1;0;846585664;861765258;59748096
1539;5.32765e-15;-428;1684;11744;11730;1;263;-2.14748e+09;-2.66682e+06;0;0;0;0;0;0;846798078;862007138;59819905
1539;5.27367e-15;-420;1638;11730;11651;1;276;-2.14748e+09;-2.66682e+06;-1;0;0;0;-1;0;846798078;862007138;59819905
1540;5.32765e-15;-428;1684;11744;11730;1;263;-2.14748e+09;-2.66132e+06;-1;0;0;0;-1;0;847010046;862248560;59891625
1540;5.27367e-15;-420;1638;11730;11651;1;276;-2.14748e+09;-2.66132e+06;-1;0;0;0;-1;0;847010046;862248560;59891625
1541;5.32765e-15;-428;1684;11744;11730;1;263;-2.14748e+09;-2.65584e+06;-1;0;0;0;-1;0;847221568;862489527;59963257
1541;5.27367e-15;-420;1638;11730;11651;1;276;-2.14748e+09;-2.65584e+06;-1;0;0;0;-1;0;847221568;862489527;59963257
1542;5.32765e-15;-428;1684;11744;11730;1;263;-2.14748e+09;-2.65036e+06;-1;0;0;0;-1;0;847432646;862730039;60034800
1542;5.27367e-15;-420;1638;11730;11651;1;276;-2.14748e+09;-2.65036e+06;-1;0;0;0;-1;0;847432646;862730039;60034800
1543;5.32765e-15;-428;1684;11744;11730;1;263;-2.14748e+09;-2.6449e+06;-1;0;0;0;-1;0;847643280;862970096;60106255
1543;5.27367e-15;-421;1638;11730;11651;1;276;-2.14748e+09;-2.6449e+06;0;0;0;0;0;0;847643280;862970096;60106255
1544;5.32765e-15;-428;1684;11744;11730;1;263;-2.14748e+09;-2.63946e+06;-1;0;0;0;-1;0;847853471;863209700;60177621
1544;5.27367e-15;-421;1638;11730;11651;1;276;-2.14748e+09;-2.63946e+06;-1;0;0;0;-1;0;847853471;863209700;60177621
1545;5.32765e-15;-429;1684;11744;11730;1;263;-2.14748e+09;-2.63402e+06;0;0;0;0;0;0;848063221;863448852;60248899
1545;5.27367e-15;-422;1638;11730;11651;1;276;-2.14748e+09;-2.63402e+06;0;0;0;0;0;0;848063221;863448852;60248899
1546;5.32765e-15;-430;1684;11744;11730;1;263;-2.14748e+09;-2.6286e+06;0;0;0;0;0;0;848272531;863687553;60320088
1546;5.27367e-15;-422;1638;11730;11651;1;276;-2.14748e+09;-2.6286e+06;-1;0;0;0;-1;0;848272531;863687553;60320088
1547;5.32765e-15;-431;1684;11744;11730;1;263;-2.14748e+09;-2.62329e+06;0;0;0;0;0;0;848481402;863925803;60391188
1547;5.27367e-15;-422;1638;11730;11651;1;276;-2.14748e+09;-2.62329e+06;-1;0;0;0;-1;0;848481402;863925803;60391188
1548;5.32765e-15;-432;1684;11744;11730;1;263;-2.14748e+09;-2.6178e+06;0;0;0;0;0;0;848689834;864163604;60462201
1548;5.27367e-15;-423;1638;11730;11651;1;276;-2.14748e+09;-2.6178e+06;0;0;0;0;0;0;848689834;864163604;60462201
1549;5.32765e-15;-433;1684;11744;11730;1;263;-2.14748e+09;-2.61242e+06;0;0;0;0;0;0;848897829;864400957;60533124
1549;5.27367e-15;-423;1638;11730;11651;1;276;-2.14748e+09;-2.61242e+06;-1;0;0;0;-1;0;848897829;864400957;60533124
1550;5.32765e-15;-433;1684;11744;11730;1;263;-2.14748e+09;-2.60705e+06;-1;0;0;0;-1;0;849105388;864637862;60603959
1550;5.27367e-15;-424;1638;11730;11651;1;276;-2.14748e+09;-2.60705e+06;0;0;0;0;0;0;849105388;864637862;60603959
1551;5.32765e-15;-433;1684;11744;11730;1;263;-2.14748e+09;-2.6017e+06;-1;0;0;0;-1;0;849312512;864874320;60674706
1551;5.27367e-15;-424;1638;11730;11651;1;276;-2.14748e+09;-2.6017e+06;-1;0;0;0;-1;0;849312512;864874320;60674706
1552;5.32765e-15;-433;1684;11744;11730;1;263;-2.14748e+09;-2.59636e+06;-1;0;0;0;-1;0;849519202;865110334;60745364
1552;5.27367e-15;-424;1638;11730;11651;1;276;-2.14748e+09;-2.59636e+06;-1;0;0;0;-1;0;849519202;865110334;60745364
1553;5.32765e-15;-433;1684;11744;11730;1;263;-2.14748e+09;-2.59103e+06;-1;0;0;0;-1;0;849725459;865345902;60815934
1553;5.27367e-15;-425;1638;11730;11651;1;276;-2.14748e+09;-2.59103e+06;0;0;0;0;0;0;849725459;865345902;60815934
1554;5.32765e-15;-434;1684;11744;11730;1;263;-2.14748e+09;-2.58571e+06;0;0;0;0;0;0;849931284;865581027;60886415
1554;5.27367e-15;-425;1638;11730;11651;1;276;-2.14748e+09;-2.58571e+06;-1;0;0;0;-1;0;849931284;865581027;60886415
1555;5.32765e-15;-435;1684;11744;11730;1;263;-2.14748e+09;-2.58041e+06;0;0;0;0;0;0;850136678;865815709;60956808
1555;5.27367e-15;-425;1638;11730;11651;1;276;-2.14748e+09;-2.58041e+06;-1;0;0;0;-1;0;850136678;865815709;60956808
1556;5.32765e-15;-436;1684;11744;11730;1;263;-2.14748e+09;-2.57512e+06;0;0;0;0;0;0;850341642;866049950;61027112
1556;5.27367e-15;-426;1638;11730;11651;1;276;-2.14748e+09;-2.57512e+06;0;0;0;0;0;0;850341642;866049950;61027112
1557;5.32765e-15;-437;1684;11744;11730;1;263;-2.14748e+09;-2.56984e+06;0;0;0;0;0;0;850546177;866283749;61097328
1557;5.27367e-15;-427;1638;11730;11651;1;276;-2.14748e+09;-2.56984e+06;0;0;0;0;0;0;850546177;866283749;61097328
1558;5.32765e-15;-437;1684;11744;11730;1;263;-2.14748e+09;-2.56458e+06;-1;0;0;0;-1;0;850750285;866517109;61167456
1558;5.27367e-15;-428;1638;11730;11651;1;276;-2.14748e+09;-2.56458e+06;0;0;0;0;0;0;850750285;866517109;61167456
1559;5.32765e-15;-438;1684;11744;11730;1;263;-2.14748e+09;-2.55942e+06;0;0;0;0;0;0;850953965;866750030;61237495
1559;5.27367e-15;-428;1638;11730;11651;1;276;-2.14748e+09;-2.55942e+06;-1;0;0;0;-1;0;850953965;866750030;61237495
1560;5.32765e-15;-438;1684;11744;11730;1;263;-2.14748e+09;-2.55408e+06;-1;0;0;0;-1;0;851157220;866982513;61307446
1560;5.27367e-15;-428;1638;11730;11651;1;276;-2.14748e+09;-2.55408e+06;-1;0;0;0;-1;0;851157220;866982513;61307446
1561;5.32765e-15;-438;1684;11744;11730;1;263;-2.14748e+09;-2.54886e+06;-1;0;0;0;-1;0;851360050;867214558;61377308
1561;5.27367e-15;-429;1638;11730;11651;1;276;-2.14748e+09;-2.54886e+06;0;0;0;0;0;0;851360050;867214558;61377308
1562;5.32765e-15;-439;1684;11744;11730;1;263;-2.14748e+09;-2.54364e+06;0;0;0;0;0;0;851562456;867446168;61447082
1562;5.27367e-15;-429;1638;11730;11651;1;276;-2.14748e+09;-2.54364e+06;-1;0;0;0;-1;0;851562456;867446168;61447082
1563;5.32765e-15;-440;1684;11744;11730;1;263;-2.14748e+09;-2.53854e+06;0;0;0;0;0;0;851764439;867677342;61516768
1563;5.27367e-15;-429;1638;11730;11651;1;276;-2.14748e+09;-2.53854e+06;-1;0;0;0;-1;0;851764439;867677342;61516768
1564;5.32765e-15;-441;1684;11744;11730;1;263;-2.14748e+09;-2.53335e+06;0;0;0;0;0;0;851966001;867908082;61586365
1564;5.27367e-15;-430;1638;11730;11651;1;276;-2.14748e+09;-2.53335e+06;0;0;0;0;0;0;851966001;867908082;61586365
1565;5.32765e-15;-441;1684;11744;11730;1;263;-2.14748e+09;-2.52808e+06;-1;0;0;0;-1;0;852167142;868138388;61655875
1565;5.27367e-15;-431;1638;11730;11651;1;276;-2.14748e+09;-2.52808e+06;0;0;0;0;0;0;852167142;868138388;61655875
1566;5.32765e-15;-441;1684;11744;11730;1;263;-2.14748e+09;-2.52291e+06;-1;0;0;0;-1;0;852367863;868368262;61725295
1566;5.27367e-15;-432;1638;11730;11651;1;276;-2.14748e+09;-2.52291e+06;0;0;0;0;0;0;852367863;868368262;61725295
1567;5.32765e-15;-442;1684;11744;11730;1;263;-2.14748e+09;-2.51776e+06;0;0;0;0;0;0;852568165;868597705;61794628
1567;5.27367e-15;-433;1638;11730;11651;1;276;-2.14748e+09;-2.51776e+06;0;0;0;0;0;0;852568165;868597705;61794628
1568;5.32765e-15;-443;1684;11744;11730;1;263;-2.14748e+09;-2.51262e+06;0;0;0;0;0;0;852768049;868826716;61863872
1568;5.27367e-15;-433;1638;11730;11651;1;276;-2.14748e+09;-2.51262e+06;-1;0;0;0;-1;0;852768049;868826716;61863872
1569;5.32765e-15;-444;1684;11744;11730;1;263;-2.14748e+09;-2.5075e+06;0;0;0;0;0;0;852967517;869055298;61933028
1569;5.27367e-15;-433;1638;11730;11651;1;276;-2.14748e+09;-2.5075e+06;-1;0;0;0;-1;0;852967517;869055298;61933028
1570;5.32765e-15;-445;1684;11744;11730;1;263;-2.14748e+09;-2.50238e+06;0;0;0;0;0;0;853166569;869283451;62002096
1570;5.27367e-15;-434;1638;11730;11651;1;276;-2.14748e+09;-2.50238e+06;0;0;0;0;0;0;853166569;869283451;62002096
1571;5.32765e-15;-445;1684;11744;11730;1;263;-2.14748e+09;-2.49738e+06;-1;0;0;0;-1;0;853365206;869511176;62071075
1571;5.27367e-15;-434;1638;11730;11651;1;276;-2.14748e+09;-2.49738e+06;-1;0;0;0;-1;0;853365206;869511176;62071075
1572;5.32765e-15;-445;1684;11744;11730;1;263;-2.14748e+09;-2.49219e+06;-1;0;0;0;-1;0;853563429;869738474;62139967
1572;5.27367e-15;-434;1638;11730;11651;1;276;-2.14748e+09;-2.49219e+06;-1;0;0;0;-1;0;853563429;869738474;62139967
1573;5.32765e-15;-446;1684;11744;11730;1;263;-2.14748e+09;-2.48721e+06;0;0;0;0;0;0;853761239;869965346;62208770
1573;5.27367e-15;-434;1638;11730;11651;1;276;-2.14748e+09;-2.48721e+06;-1;0;0;0;-1;0;853761239;869965346;62208770
1574;5.32765e-15;-447;1684;11744;11730;1;263;-2.14748e+09;-2.48214e+06;0;0;0;0;0;0;853958637;870191792;62277485
1574;5.27367e-15;-434;1638;11730;11651;1;276;-2.14748e+09;-2.48214e+06;-1;0;0;0;-1;0;853958637;870191792;62277485
1575;5.32765e-15;-448;1684;11744;11730;1;263;-2.14748e+09;-2.47709e+06;0;0;0;0;0;0;854155624;870417814;62346112
1575;5.27367e-15;-434;1638;11730;11651;1;276;-2.14748e+09;-2.47699e+06;-1;0;0;0;-1;0;854155624;870417814;62346112
1576;5.32765e-15;-448;1684;11744;11730;1;263;-2.14748e+09;-2.47195e+06;-1;0;0;0;-1;0;854352202;870643413;62414651
1576;5.27367e-15;-435;1638;11730;11651;1;276;-2.14748e+09;-2.47195e+06;0;0;0;0;0;0;854352202;870643413;62414651
1577;5.32765e-15;-448;1684;11744;11730;1;263;-2.14748e+09;-2.46692e+06;-1;0;0;0;-1;0;854548370;870868589;62483102
1577;5.27367e-15;-435;1638;11730;11651;1;276;-2.14748e+09;-2.46692e+06;-1;0;0;0;-1;0;854548370;870868589;62483102
1578;5.32765e-15;-449;1684;11744;11730;1;263;-2.14748e+09;-2.462e+06;0;0;0;0;0;0;854744131;871093343;62551465
1578;5.27367e-15;-435;1638;11730;11651;1;276;-2.14748e+09;-2.462e+06;-1;0;0;0;-1;0;854744131;871093343;62551465
1579;5.32765e-15;-450;1684;11744;11730;1;263;-2.14748e+09;-2.45689e+06;0;0;0;0;0;0;854939484;871317676;62619739
1579;5.27367e-15;-435;1638;11730;11651;1;276;-2.14748e+09;-2.45689e+06;-1;0;0;0;-1;0;854939484;871317676;62619739
1580;5.32765e-15;-451;1684;11744;11730;1;263;-2.14748e+09;-2.4519e+06;0;0;0;0;0;0;855134431;871541589;62687926
1580;5.27367e-15;-435;1638;11730;11651;1;276;-2.14748e+09;-2.4519e+06;-1;0;0;0;-1;0;855134431;871541589;62687926
1581;5.32765e-15;-451;1684;11744;11730;1;263;-2.14748e+09;-2.44692e+06;-1;0;0;0;-1;0;855328973;871765084;62756025
1581;5.27367e-15;-435;1638;11730;11651;1;276;-2.14748e+09;-2.44692e+06;-1;0;0;0;-1;0;855328973;871765084;62756025
1582;5.32765e-15;-451;1684;11744;11730;1;263;-2.14748e+09;-2.44204e+06;-1;0;0;0;-1;0;855523111;871988159;62824035
1582;5.27367e-15;-435;1638;11730;11651;1;276;-2.14748e+09;-2.44204e+06;-1;0;0;0;-1;0;855523111;871988159;62824035
1583;5.32765e-15;-452;1684;11744;11730;1;263;-2.14748e+09;-2.43699e+06;0;0;0;0;0;0;855716846;872210818;62891958
1583;5.27367e-15;-436;1638;11730;11651;1;276;-2.14748e+09;-2.43699e+06;0;0;0;0;0;0;855716846;872210818;62891958
1584;5.32765e-15;-453;1684;11744;11730;1;263;-2.14748e+09;-2.43204e+06;0;0;0;0;0;0;855910178;872433060;62959793
1584;5.27367e-15;-437;1638;11730;11651;1;276;-2.14748e+09;-2.43204e+06;0;0;0;0;0;0;855910178;872433060;62959793
1585;5.32765e-15;-454;1684;11744;11730;1;263;-2.14748e+09;-2.4272e+06;0;0;0;0;0;0;856103109;872654887;63027540
1585;5.27367e-15;-438;1638;11730;11651;1;276;-2.14748e+09;-2.4272e+06;0;0;0;0;0;0;856103109;872654887;63027540
1586;5.32765e-15;-455;1684;11744;11730;1;263;-2.14748e+09;-2.42218e+06;0;0;0;0;0;0;856295640;872876298;63095199
1586;5.27367e-15;-438;1638;11730;11651;1;276;-2.14748e+09;-2.42218e+06;-1;0;0;0;-1;0;856295640;872876298;63095199
1587;5.32765e-15;-456;1684;11744;11730;1;263;-2.14748e+09;-2.41727e+06;0;0;0;0;0;0;856487771;873097296;63162771
1587;5.27367e-15;-438;1638;11730;11651;1;276;-2.14748e+09;-2.41727e+06;-1;0;0;0;-1;0;856487771;873097296;63162771
1588;5.32765e-15;-456;1684;11744;11730;1;263;-2.14748e+09;-2.41237e+06;-1;0;0;0;-1;0;856679504;873317881;63230254
1588;5.27367e-15;-439;1638;11730;11651;1;276;-2.14748e+09;-2.41237e+06;0;0;0;0;0;0;856679504;873317881;63230254
1589;5.32765e-15;-456;1684;11744;11730;1;263;-2.14748e+09;-2.40758e+06;-1;0;0;0;-1;0;856870839;873538053;63297650
1589;5.27367e-15;-440;1638;11730;11651;1;276;-2.14748e+09;-2.40758e+06;0;0;0;0;0;0;856870839;873538053;63297650
1590;5.32765e-15;-457;1684;11744;11730;1;263;-2.14748e+09;-2.4026e+06;0;0;0;0;0;0;857061777;873757814;63364958
1590;5.27367e-15;-440;1638;11730;11651;1;276;-2.14748e+09;-2.4026e+06;-1;0;0;0;-1;0;857061777;873757814;63364958
1591;5.32765e-15;-458;1684;11744;11730;1;263;-2.14748e+09;-2.39774e+06;0;0;0;0;0;0;857252320;873977165;63432178
1591;5.27367e-15;-440;1638;11730;11651;1;276;-2.14748e+09;-2.39774e+06;-1;0;0;0;-1;0;857252320;873977165;63432178
1592;5.32765e-15;-458;1684;11744;11730;1;263;-2.14748e+09;-2.39298e+06;-1;0;0;0;-1;0;857442468;874196106;63499311
1592;5.27367e-15;-440;1638;11730;11651;1;276;-2.14748e+09;-2.39298e+06;-1;0;0;0;-1;0;857442468;874196106;63499311
1593;5.32765e-15;-459;1684;11744;11730;1;263;-2.14748e+09;-2.38804e+06;0;0;0;0;0;0;857632222;874414638;63566356
1593;5.27367e-15;-440;1638;11730;11651;1;276;-2.14748e+09;-2.38804e+06;-1;0;0;0;-1;0;857632222;874414638;63566356
1594;5.32765e-15;-460;1684;11744;11730;1;263;-2.14748e+09;-2.38321e+06;0;0;0;0;0;0;857821582;874632763;63633313
1594;5.27367e-15;-440;1638;11730;11651;1;276;-2.14748e+09;-2.38321e+06;-1;0;0;0;-1;0;857821582;874632763;63633313
1595;5.32765e-15;-461;1684;11744;11730;1;263;-2.14748e+09;-2.37839e+06;0;0;0;0;0;0;858010551;874850480;63700183
1595;5.27367e-15;-440;1638;11730;11651;1;276;-2.14748e+09;-2.37839e+06;-1;0;0;0;-1;0;858010551;874850480;63700183
1596;5.32765e-15;-461;1684;11744;11730;1;263;-2.14748e+09;-2.37358e+06;-1;0;0;0;-1;0;858199129;875067791;63766965
1596;5.27367e-15;-440;1638;11730;11651;1;276;-2.14748e+09;-2.37358e+06;-1;0;0;0;-1;0;858199129;875067791;63766965
1597;5.32765e-15;-461;1684;11744;11730;1;263;-2.14748e+09;-2.36878e+06;-1;0;0;0;-1;0;858387317;875284696;63833659
1597;5.27367e-15;-440;1638;11730;11651;1;276;-2.14748e+09;-2.36878e+06;-1;0;0;0;-1;0;858387317;875284696;63833659
1598;5.32765e-15;-462;1684;11744;11730;1;263;-2.14748e+09;-2.36399e+06;0;0;0;0;0;0;858575115;875501197;63900266
1598;5.27367e-15;-441;1638;11730;11651;1;276;-2.14748e+09;-2.36399e+06;0;0;0;0;0;0;858575115;875501197;63900266
1599;5.32765e-15;-462;1684;11744;11730;1;263;-2.14748e+09;-2.35922e+06;-1;0;0;0;-1;0;858762525;875717295;63966786
1599;5.27367e-15;-442;1638;11730;11651;1;276;-2.14748e+09;-2.35922e+06;0;0;0;0;0;0;858762525;875717295;63966786
1600;5.32765e-15;-463;1684;11744;11730;1;263;-2.14748e+09;-2.35445e+06;0;0;0;0;0;0;858949548;875932989;64033218
1600;5.27367e-15;-443;1638;11730;11651;1;276;-2.14748e+09;-2.35445e+06;0;0;0;0;0;0;858949548;875932989;64033218
1601;5.32765e-15;-464;1684;11744;11730;1;263;-2.14748e+09;-2.3497e+06;0;0;0;0;0;0;859136184;876148281;64099563
1601;5.27367e-15;-444;1638;11730;11651;1;276;-2.14748e+09;-2.3497e+06;0;0;0;0;0;0;859136184;876148281;64099563
1602;5.32765e-15;-465;1684;11744;11730;1;263;-2.14748e+09;-2.34506e+06;0;0;0;0;0;0;859322434;876363172;64165820
1602;5.27367e-15;-445;1638;11730;11651;1;276;-2.14748e+09;-2.34506e+06;0;0;0;0;0;0;859322434;876363172;64165820
1603;5.32765e-15;-466;1684;11744;11730;1;263;-2.14748e+09;-2.34023e+06;0;0;0;0;0;0;859508299;876577663;64231990
1603;5.27367e-15;-445;1638;11730;11651;1;276;-2.14748e+09;-2.34023e+06;-1;0;0;0;-1;0;859508299;876577663;64231990
1604;5.32765e-15;-467;1684;11744;11730;1;263;-2.14748e+09;-2.33561e+06;0;0;0;0;0;0;859693781;876791754;64298073
1604;5.27367e-15;-446;1638;11730;11651;1;276;-2.14748e+09;-2.33561e+06;0;0;0;0;0;0;859693781;876791754;64298073
1605;5.32765e-15;-468;1684;11744;11730;1;263;-2.14748e+09;-2.3308e+06;0;0;0;0;0;0;859878879;877005446;64364069
1605;5.27367e-15;-447;1638;11730;11651;1;276;-2.14748e+09;-2.3308e+06;0;0;0;0;0;0;859878879;877005446;64364069
1606;5.32765e-15;-469;1684;11744;11730;1;263;-2.14748e+09;-2.3262e+06;0;0;0;0;0;0;860063596;877218741;64429977
1606;5.27367e-15;-447;1638;11730;11651;1;276;-2.14748e+09;-2.3262e+06;-1;0;0;0;-1;0;860063596;877218741;64429977
1607;5.32765e-15;-470;1684;11744;11730;1;263;-2.14748e+09;-2.32141e+06;0;0;0;0;0;0;860247931;877431638;64495798
1607;5.27367e-15;-447;1638;11730;11651;1;276;-2.14748e+09;-2.32141e+06;-1;0;0;0;-1;0;860247931;877431638;64495798
1608;5.32765e-15;-471;1684;11744;11730;1;263;-2.14748e+09;-2.31674e+06;0;0;0;0;0;0;860431886;877644139;64561532
1608;5.27367e-15;-448;1638;11730;11651;1;276;-2.14748e+09;-2.31674e+06;0;0;0;0;0;0;860431886;877644139;64561532
1609;5.32765e-15;-472;1684;11744;11730;1;263;-2.14748e+09;-2.31207e+06;0;0;0;0;0;0;860615461;877856244;64627179
1609;5.27367e-15;-448;1638;11730;11651;1;276;-2.14748e+09;-2.31207e+06;-1;0;0;0;-1;0;860615461;877856244;64627179
1610;5.32765e-15;-473;1684;11744;11730;1;263;-2.14748e+09;-2.30742e+06;0;0;0;0;0;0;860798658;878067955;64692738
1610;5.27367e-15;-449;1638;11730;11651;1;276;-2.14748e+09;-2.30742e+06;0;0;0;0;0;0;860798658;878067955;64692738
1611;5.32765e-15;-474;1684;11744;11730;1;263;-2.14748e+09;-2.30287e+06;0;0;0;0;0;0;860981477;878279271;64758211
1611;5.27367e-15;-449;1638;11730;11651;1;276;-2.14748e+09;-2.30287e+06;-1;0;0;0;-1;0;860981477;878279271;64758211
1612;5.32765e-15;-475;1684;11744;11730;1;263;-2.14748e+09;-2.29814e+06;0;0;0;0;0;0;861163920;878490195;64823597
1612;5.27367e-15;-450;1638;11730;11651;1;276;-2.14748e+09;-2.29814e+06;0;0;0;0;0;0;861163920;878490195;64823597
1613;5.32765e-15;-476;1684;11744;11730;1;263;-2.14748e+09;-2.29352e+06;0;0;0;0;0;0;861345986;878700726;64888895
1613;5.27367e-15;-451;1638;11730;11651;1;276;-2.14748e+09;-2.29352e+06;0;0;0;0;0;0;861345986;878700726;64888895
1614;5.32765e-15;-476;1684;11744;11730;1;263;-2.14748e+09;-2.28891e+06;-1;0;0;0;-1;0;861527678;878910866;64954107
1614;5.27367e-15;-452;1638;11730;11651;1;276;-2.14748e+09;-2.28891e+06;0;0;0;0;0;0;861527678;878910866;64954107
1615;5.32765e-15;-476;1684;11744;11730;1;263;-2.14748e+09;-2.28431e+06;-1;0;0;0;-1;0;861708995;879120615;65019232
1615;5.27367e-15;-453;1638;11730;11651;1;276;-2.14748e+09;-2.28431e+06;0;0;0;0;0;0;861708995;879120615;65019232
1616;5.32765e-15;-476;1684;11744;11730;1;263;-2.14748e+09;-2.27972e+06;-1;0;0;0;-1;0;861889939;879329974;65084270
1616;5.27367e-15;-453;1638;11730;11651;1;276;-2.14748e+09;-2.27972e+06;-1;0;0;0;-1;0;861889939;879329974;65084270
1617;5.32765e-15;-476;1684;11744;11730;1;263;-2.14748e+09;-2.27514e+06;-1;0;0;0;-1;0;862070510;879538945;65149221
1617;5.27367e-15;-453;1638;11730;11651;1;276;-2.14748e+09;-2.27514e+06;-1;0;0;0;-1;0;862070510;879538945;65149221
1618;5.32765e-15;-476;1684;11744;11730;1;263;-2.14748e+09;-2.27057e+06;-1;0;0;0;-1;0;862250710;879747527;65214086
1618;5.27367e-15;-454;1638;11730;11651;1;276;-2.14748e+09;-2.27057e+06;0;0;0;0;0;0;862250710;879747527;65214086
1619;5.32765e-15;-477;1684;11744;11730;1;263;-2.14748e+09;-2.26601e+06;0;0;0;0;0;0;862430539;879955721;65278863
1619;5.27367e-15;-454;1638;11730;11651;1;276;-2.14748e+09;-2.26601e+06;-1;0;0;0;-1;0;862430539;879955721;65278863
1620;5.32765e-15;-478;1684;11744;11730;1;263;-2.14748e+09;-2.26146e+06;0;0;0;0;0;0;862609998;880163529;65343554
1620;5.27367e-15;-455;1638;11730;11651;1;276;-2.14748e+09;-2.26146e+06;0;0;0;0;0;0;862609998;880163529;65343554
1621;5.32765e-15;-478;1684;11744;11730;1;263;-2.14748e+09;-2.25692e+06;-1;0;0;0;-1;0;862789088;880370950;65408159
1621;5.27367e-15;-455;1638;11730;11651;1;276;-2.14748e+09;-2.25692e+06;-1;0;0;0;-1;0;862789088;880370950;65408159
1622;5.32765e-15;-478;1684;11744;11730;1;263;-2.14748e+09;-2.2525e+06;-1;0;0;0;-1;0;862967810;880577987;65472676
1622;5.27367e-15;-455;1638;11730;11651;1;276;-2.14748e+09;-2.2525e+06;-1;0;0;0;-1;0;862967810;880577987;65472676
1623;5.32765e-15;-479;1684;11744;11730;1;263;-2.14748e+09;-2.24798e+06;0;0;0;0;0;0;863146165;880784639;65537107
1623;5.27367e-15;-456;1638;11730;11651;1;276;-2.14748e+09;-2.24798e+06;0;0;0;0;0;0;863146165;880784639;65537107
1624;5.32765e-15;-480;1684;11744;11730;1;263;-2.14748e+09;-2.24337e+06;0;0;0;0;0;0;863324153;880990908;65601452
1624;5.27367e-15;-457;1638;11730;11651;1;276;-2.14748e+09;-2.24337e+06;0;0;0;0;0;0;863324153;880990908;65601452
1625;5.32765e-15;-481;1684;11744;11730;1;263;-2.14748e+09;-2.23888e+06;0;0;0;0;0;0;863501775;881196794;65665710
1625;5.27367e-15;-457;1638;11730;11651;1;276;-2.14748e+09;-2.23888e+06;-1;0;0;0;-1;0;863501775;881196794;65665710
1626;5.32765e-15;-482;1684;11744;11730;1;263;-2.14748e+09;-2.23439e+06;0;0;0;0;0;0;863679033;881402298;65729882
1626;5.27367e-15;-458;1638;11730;11651;1;276;-2.14748e+09;-2.23439e+06;0;0;0;0;0;0;863679033;881402298;65729882
1627;5.32765e-15;-482;1684;11744;11730;1;263;-2.14748e+09;-2.22992e+06;-1;0;0;0;-1;0;863855927;881607420;65793967
1627;5.27367e-15;-458;1638;11730;11651;1;276;-2.14748e+09;-2.22992e+06;-1;0;0;0;-1;0;863855927;881607420;65793967
1628;5.32765e-15;-483;1684;11744;11730;1;263;-2.14748e+09;-2.22545e+06;0;0;0;0;0;0;864032457;881812163;65857966
1628;5.27367e-15;-459;1638;11730;11651;1;276;-2.14748e+09;-2.22545e+06;0;0;0;0;0;0;864032457;881812163;65857966
1629;5.32765e-15;-484;1684;11744;11730;1;263;-2.14748e+09;-2.221e+06;0;0;0;0;0;0;864208625;882016525;65921879
1629;5.27367e-15;-459;1638;11730;11651;1;276;-2.14748e+09;-2.221e+06;-1;0;0;0;-1;0;864208625;882016525;65921879
1630;5.32765e-15;-484;1684;11744;11730;1;263;-2.14748e+09;-2.21655e+06;-1;0;0;0;-1;0;864384432;882220509;65985705
1630;5.27367e-15;-459;1638;11730;11651;1;276;-2.14748e+09;-2.21655e+06;-1;0;0;0;-1;0;864384432;882220509;65985705
1631;5.32765e-15;-485;1684;11744;11730;1;263;-2.14748e+09;-2.21212e+06;0;0;0;0;0;0;864559878;882424114;66049445
1631;5.27367e-15;-459;1638;11730;11651;1;276;-2.14748e+09;-2.21212e+06;-1;0;0;0;-1;0;864559878;882424114;66049445
1632;5.32765e-15;-486;1684;11744;11730;1;263;-2.14748e+09;-2.2077e+06;0;0;0;0;0;0;864734965;882627342;66113099
1632;5.27367e-15;-459;1638;11730;11651;1;276;-2.14748e+09;-2.2077e+06;-1;0;0;0;-1;0;864734965;882627342;66113099
1633;5.32765e-15;-486;1684;11744;11730;1;263;-2.14748e+09;-2.20328e+06;-1;0;0;0;-1;0;864909692;882830193;66176667
1633;5.27367e-15;-460;1638;11730;11651;1;276;-2.14748e+09;-2.20328e+06;0;0;0;0;0;0;864909692;882830193;66176667
1634;5.32765e-15;-486;1684;11744;11730;1;263;-2.14748e+09;-2.19898e+06;-1;0;0;0;-1;0;865084062;883032669;66240149
1634;5.27367e-15;-460;1638;11730;11651;1;276;-2.14748e+09;-2.19898e+06;-1;0;0;0;-1;0;865084062;883032669;66240149
1635;5.32765e-15;-487;1684;11744;11730;1;263;-2.14748e+09;-2.19458e+06;0;0;0;0;0;0;865258073;883234769;66303545
1635;5.27367e-15;-460;1638;11730;11651;1;276;-2.14748e+09;-2.19458e+06;-1;0;0;0;-1;0;865258073;883234769;66303545
1636;5.32765e-15;-487;1684;11744;11730;1;263;-2.14748e+09;-2.1901e+06;-1;0;0;0;-1;0;865431729;883436495;66366855
1636;5.27367e-15;-460;1638;11730;11651;1;276;-2.14748e+09;-2.1901e+06;-1;0;0;0;-1;0;865431729;883436495;66366855
1637;5.32765e-15;-488;1684;11744;11730;1;263;-2.14748e+09;-2.18572e+06;0;0;0;0;0;0;865605029;883637848;66430079
1637;5.27367e-15;-460;1638;11730;11651;1;276;-2.14748e+09;-2.18572e+06;-1;0;0;0;-1;0;865605029;883637848;66430079
1638;5.32765e-15;-488;1684;11744;11730;1;263;-2.14748e+09;-2.18136e+06;-1;0;0;0;-1;0;865777973;883838827;66493217
1638;5.27367e-15;-461;1638;11730;11651;1;276;-2.14748e+09;-2.18136e+06;0;0;0;0;0;0;865777973;883838827;66493217
1639;5.32765e-15;-488;1684;11744;11730;1;263;-2.14748e+09;-2.17701e+06;-1;0;0;0;-1;0;865950564;884039435;66556269
1639;5.27367e-15;-461;1638;11730;11651;1;276;-2.14748e+09;-2.17701e+06;-1;0;0;0;-1;0;865950564;884039435;66556269
1640;5.32765e-15;-488;1684;11744;11730;1;263;-2.14748e+09;-2.17276e+06;-1;0;0;0;-1;0;866122802;884239671;66619235
1640;5.27367e-15;-462;1638;11730;11651;1;276;-2.14748e+09;-2.17276e+06;0;0;0;0;0;0;866122802;884239671;66619235
1641;5.32765e-15;-489;1684;11744;11730;1;263;-2.14748e+09;-2.16833e+06;0;0;0;0;0;0;866294687;884439537;66682116
1641;5.27367e-15;-462;1638;11730;11651;1;276;-2.14748e+09;-2.16833e+06;-1;0;0;0;-1;0;866294687;884439537;66682116
1642;5.32765e-15;-490;1684;11744;11730;1;263;-2.14748e+09;-2.1641e+06;0;0;0;0;0;0;866466220;884639033;66744911
1642;5.27367e-15;-463;1638;11730;11651;1;276;-2.14748e+09;-2.1641e+06;0;0;0;0;0;0;866466220;884639033;66744911
1643;5.32765e-15;-490;1684;11744;11730;1;263;-2.14748e+09;-2.15979e+06;-1;0;0;0;-1;0;866637403;884838159;66807620
1643;5.27367e-15;-463;1638;11730;11651;1;276;-2.14748e+09;-2.15979e+06;-1;0;0;0;-1;0;866637403;884838159;66807620
1644;5.32765e-15;-490;1684;11744;11730;1;263;-2.14748e+09;-2.15538e+06;-1;0;0;0;-1;0;866808235;885036918;66870243
1644;5.27367e-15;-464;1638;11730;11651;1;276;-2.14748e+09;-2.15538e+06;0;0;0;0;0;0;866808235;885036918;66870243
1645;5.32765e-15;-490;1684;11744;11730;1;263;-2.14748e+09;-2.15109e+06;-1;0;0;0;-1;0;866978719;885235308;66932781
1645;5.27367e-15;-464;1638;11730;11651;1;276;-2.14748e+09;-2.15109e+06;-1;0;0;0;-1;0;866978719;885235308;66932781
1646;5.32765e-15;-490;1684;11744;11730;1;263;-2.14748e+09;-2.1469e+06;-1;0;0;0;-1;0;867148854;885433332;66995234
1646;5.27367e-15;-465;1638;11730;11651;1;276;-2.14748e+09;-2.1469e+06;0;0;0;0;0;0;867148854;885433332;66995234
1647;5.32765e-15;-490;1684;11744;11730;1;263;-2.14748e+09;-2.14253e+06;-1;0;0;0;-1;0;867318641;885630990;67057601
1647;5.27367e-15;-465;1638;11730;11651;1;276;-2.14748e+09;-2.14253e+06;-1;0;0;0;-1;0;867318641;885630990;67057601
1648;5.32765e-15;-491;1684;11744;11730;1;263;-2.14748e+09;-2.13826e+06;0;0;0;0;0;0;867488081;885828282;67119883
1648;5.27367e-15;-465;1638;11730;11651;1;276;-2.14748e+09;-2.13826e+06;-1;0;0;0;-1;0;867488081;885828282;67119883
1649;5.32765e-15;-491;1684;11744;11730;1;263;-2.14748e+09;-2.13401e+06;-1;0;0;0;-1;0;867657176;886025210;67182079
1649;5.27367e-15;-466;1638;11730;11651;1;276;-2.14748e+09;-2.13401e+06;0;0;0;0;0;0;867657176;886025210;67182079
1650;5.32765e-15;-492;1684;11744;11730;1;263;-2.14748e+09;-2.12976e+06;0;0;0;0;0;0;867825925;886221773;67244191
1650;5.27367e-15;-466;1638;11730;11651;1;276;-2.14748e+09;-2.12976e+06;-1;0;0;0;-1;0;867825925;886221773;67244191
1651;5.32765e-15;-493;1684;11744;11730;1;263;-2.14748e+09;-2.12552e+06;0;0;0;0;0;0;867994329;886417974;67306216
1651;5.27367e-15;-466;1638;11730;11651;1;276;-2.14748e+09;-2.12552e+06;-1;0;0;0;-1;0;867994329;886417974;67306216
1652;5.32765e-15;-494;1684;11744;11730;1;263;-2.14748e+09;-2.1213e+06;0;0;0;0;0;0;868162390;886613812;67368157
1652;5.27367e-15;-467;1638;11730;11651;1;276;-2.14748e+09;-2.1213e+06;0;0;0;0;0;0;868162390;886613812;67368157
1653;5.32765e-15;-494;1684;11744;11730;1;263;-2.14748e+09;-2.11708e+06;-1;0;0;0;-1;0;868330108;886809288;67430013
1653;5.27367e-15;-467;1638;11730;11651;1;276;-2.14748e+09;-2.11708e+06;-1;0;0;0;-1;0;868330108;886809288;67430013
1654;5.32765e-15;-494;1684;11744;11730;1;263;-2.14748e+09;-2.11297e+06;-1;0;0;0;-1;0;868497484;887004403;67491783
1654;5.27367e-15;-468;1638;11730;11651;1;276;-2.14748e+09;-2.11297e+06;0;0;0;0;0;0;868497484;887004403;67491783
1655;5.32765e-15;-495;1684;11744;11730;1;263;-2.14748e+09;-2.10867e+06;0;0;0;0;0;0;868664518;887199158;67553468
1655;5.27367e-15;-469;1638;11730;11651;1;276;-2.14748e+09;-2.10867e+06;0;0;0;0;0;0;868664518;887199158;67553468
1656;5.32765e-15;-496;1684;11744;11730;1;263;-2.14748e+09;-2.10448e+06;0;0;0;0;0;0;868831212;887393553;67615069
1656;5.27367e-15;-469;1638;11730;11651;1;276;-2.14748e+09;-2.10448e+06;-1;0;0;0;-1;0;868831212;887393553;67615069
1657;5.32765e-15;-497;1684;11744;11730;1;263;-2.14748e+09;-2.1003e+06;0;0;0;0;0;0;868997566;887587590;67676584
1657;5.27367e-15;-470;1638;11730;11651;1;276;-2.14748e+09;-2.1003e+06;0;0;0;0;0;0;868997566;887587590;67676584
1658;5.32765e-15;-498;1684;11744;11730;1;263;-2.14748e+09;-2.09613e+06;0;0;0;0;0;0;869163581;887781268;67738015
1658;5.27367e-15;-470;1638;11730;11651;1;276;-2.14748e+09;-2.09613e+06;-1;0;0;0;-1;0;869163581;887781268;67738015
1659;5.32765e-15;-499;1684;11744;11730;1;263;-2.14748e+09;-2.09197e+06;0;0;0;0;0;0;869329258;887974589;67799361
1659;5.27367e-15;-470;1638;11730;11651;1;276;-2.14748e+09;-2.09197e+06;-1;0;0;0;-1;0;869329258;887974589;67799361
1660;5.32765e-15;-500;1684;11744;11730;1;263;-2.14748e+09;-2.08782e+06;0;0;0;0;0;0;869494597;888167553;67860622
1660;5.27367e-15;-471;1638;11730;11651;1;276;-2.14748e+09;-2.08782e+06;0;0;0;0;0;0;869494597;888167553;67860622
1661;5.32765e-15;-501;1684;11744;11730;1;263;-2.14748e+09;-2.08367e+06;0;0;0;0;0;0;869659599;888360161;67921798
1661;5.27367e-15;-472;1638;11730;11651;1;276;-2.14748e+09;-2.08367e+06;0;0;0;0;0;0;869659599;888360161;67921798
1662;5.32765e-15;-501;1684;11744;11730;1;263;-2.14748e+09;-2.07954e+06;-1;0;0;0;-1;0;869824266;888552414;67982890
1662;5.27367e-15;-473;1638;11730;11651;1;276;-2.14748e+09;-2.07954e+06;0;0;0;0;0;0;869824266;888552414;67982890
1663;5.32765e-15;-502;1684;11744;11730;1;263;-2.14748e+09;-2.07542e+06;0;0;0;0;0;0;869988597;888744312;68043897
1663;5.27367e-15;-474;1638;11730;11651;1;276;-2.14748e+09;-2.07542e+06;0;0;0;0;0;0;869988597;888744312;68043897
1664;5.32765e-15;-502;1684;11744;11730;1;263;-2.14748e+09;-2.0713e+06;-1;0;0;0;-1;0;870152594;888935857;68104820
1664;5.27367e-15;-474;1638;11730;11651;1;276;-2.14748e+09;-2.0713e+06;-1;0;0;0;-1;0;870152594;888935857;68104820
1665;5.32765e-15;-502;1684;11744;11730;1;263;-2.14748e+09;-2.0673e+06;-1;0;0;0;-1;0;870316257;889127048;68165658
1665;5.27367e-15;-474;1638;11730;11651;1;276;-2.14748e+09;-2.0673e+06;-1;0;0;0;-1;0;870316257;889127048;68165658
1666;5.32765e-15;-502;1684;11744;11730;1;263;-2.14748e+09;-2.0632e+06;-1;0;0;0;-1;0;870479587;889317886;68226412
1666;5.27367e-15;-474;1638;11730;11651;1;276;-2.14748e+09;-2.0632e+06;-1;0;0;0;-1;0;870479587;889317886;68226412
1667;5.32765e-15;-502;1684;11744;11730;1;263;-2.14748e+09;-2.05911e+06;-1;0;0;0;-1;0;870642585;889508373;68287081
1667;5.27367e-15;-474;1638;11730;11651;1;276;-2.14748e+09;-2.05911e+06;-1;0;0;0;-1;0;870642585;889508373;68287081
1668;5.32765e-15;-503;1684;11744;11730;1;263;-2.14748e+09;-2.05493e+06;0;0;0;0;0;0;870805252;889698509;68347666
1668;5.27367e-15;-475;1638;11730;11651;1;276;-2.14748e+09;-2.05493e+06;0;0;0;0;0;0;870805252;889698509;68347666
1669;5.32765e-15;-504;1684;11744;11730;1;263;-2.14748e+09;-2.05086e+06;0;0;0;0;0;0;870967588;889888295;68408166
1669;5.27367e-15;-476;1638;11730;11651;1;276;-2.14748e+09;-2.05086e+06;0;0;0;0;0;0;870967588;889888295;68408166
1670;5.32765e-15;-504;1684;11744;11730;1;263;-2.14748e+09;-2.0468e+06;-1;0;0;0;-1;0;871129594;890077730;68468583
1670;5.27367e-15;-477;1638;11730;11651;1;276;-2.14748e+09;-2.0468e+06;0;0;0;0;0;0;871129594;890077730;68468583
1671;5.32765e-15;-504;1684;11744;11730;1;263;-2.14748e+09;-2.04275e+06;-1;0;0;0;-1;0;871291270;890266817;68528915
1671;5.27367e-15;-477;1638;11730;11651;1;276;-2.14748e+09;-2.04275e+06;-1;0;0;0;-1;0;871291270;890266817;68528915
1672;5.32765e-15;-505;1684;11744;11730;1;263;-2.14748e+09;-2.03871e+06;0;0;0;0;0;0;871452619;890455556;68589164
1672;5.27367e-15;-477;1638;11730;11651;1;276;-2.14748e+09;-2.03871e+06;-1;0;0;0;-1;0;871452619;890455556;68589164
1673;5.32765e-15;-505;1684;11744;11730;1;263;-2.14748e+09;-2.03468e+06;-1;0;0;0;-1;0;871613639;890643946;68649328
1673;5.27367e-15;-477;1638;11730;11651;1;276;-2.14748e+09;-2.03468e+06;-1;0;0;0;-1;0;871613639;890643946;68649328
1674;5.32765e-15;-506;1684;11744;11730;1;263;-2.14748e+09;-2.03066e+06;0;0;0;0;0;0;871774333;890831990;68709408
1674;5.27367e-15;-478;1638;11730;11651;1;276;-2.14748e+09;-2.03066e+06;0;0;0;0;0;0;871774333;890831990;68709408
1675;5.32765e-15;-507;1684;11744;11730;1;263;-2.14748e+09;-2.02664e+06;0;0;0;0;0;0;871934700;891019688;68769404
1675;5.27367e-15;-478;1638;11730;11651;1;276;-2.14748e+09;-2.02664e+06;-1;0;0;0;-1;0;871934700;891019688;68769404
1676;5.32765e-15;-507;1684;11744;11730;1;263;-2.14748e+09;-2.02263e+06;-1;0;0;0;-1;0;872094742;891207040;68829317
1676;5.27367e-15;-479;1638;11730;11651;1;276;-2.14748e+09;-2.02263e+06;0;0;0;0;0;0;872094742;891207040;68829317
1677;5.32765e-15;-507;1684;11744;11730;1;263;-2.14748e+09;-2.01874e+06;-1;0;0;0;-1;0;872254459;891394048;68889146
1677;5.27367e-15;-479;1638;11730;11651;1;276;-2.14748e+09;-2.01874e+06;-1;0;0;0;-1;0;872254459;891394048;68889146
1678;5.32765e-15;-507;1684;11744;11730;1;263;-2.14748e+09;-2.01465e+06;-1;0;0;0;-1;0;872413852;891580711;68948891
1678;5.27367e-15;-479;1638;11730;11651;1;276;-2.14748e+09;-2.01465e+06;-1;0;0;0;-1;0;872413852;891580711;68948891
1679;5.32765e-15;-508;1684;11744;11730;1;263;-2.14748e+09;-2.01067e+06;0;0;0;0;0;0;872572921;891767030;69008552
1679;5.27367e-15;-479;1638;11730;11651;1;276;-2.14748e+09;-2.01067e+06;-1;0;0;0;-1;0;872572921;891767030;69008552
1680;5.32765e-15;-508;1684;11744;11730;1;263;-2.14748e+09;-2.0068e+06;-1;0;0;0;-1;0;872731668;891953007;69068130
1680;5.27367e-15;-480;1638;11730;11651;1;276;-2.14748e+09;-2.0068e+06;0;0;0;0;0;0;872731668;891953007;69068130
1681;5.32765e-15;-509;1684;11744;11730;1;263;-2.14748e+09;-2.00274e+06;0;0;0;0;0;0;872890094;892138642;69127624
1681;5.27367e-15;-480;1638;11730;11651;1;276;-2.14748e+09;-2.00274e+06;-1;0;0;0;-1;0;872890094;892138642;69127624
1682;5.32765e-15;-509;1684;11744;11730;1;263;-2.14748e+09;-1.99878e+06;-1;0;0;0;-1;0;873048198;892323935;69187034
1682;5.27367e-15;-481;1638;11730;11651;1;276;-2.14748e+09;-1.99878e+06;0;0;0;0;0;0;873048198;892323935;69187034
1683;5.32765e-15;-510;1684;11744;11730;1;263;-2.14748e+09;-1.99494e+06;0;0;0;0;0;0;873205981;892508887;69246361
1683;5.27367e-15;-481;1638;11730;11651;1;276;-2.14748e+09;-1.99494e+06;-1;0;0;0;-1;0;873205981;892508887;69246361
1684;5.32765e-15;-511;1684;11744;11730;1;263;-2.14748e+09;-1.9909e+06;0;0;0;0;0;0;873363445;892693500;69305605
1684;5.27367e-15;-482;1638;11730;11651;1;276;-2.14748e+09;-1.99091e+06;0;0;0;0;0;0;873363445;892693500;69305605
1685;5.32765e-15;-512;1684;11744;11730;1;263;-2.14748e+09;-1.98698e+06;0;0;0;0;0;0;873520590;892877772;69364766
1685;5.27367e-15;-482;1638;11730;11651;1;276;-2.14748e+09;-1.98698e+06;-1;0;0;0;-1;0;873520590;892877772;69364766
1686;5.32765e-15;-513;1684;11744;11730;1;263;-2.14748e+09;-1.98306e+06;0;0;0;0;0;0;873677417;893061707;69423843
1686;5.27367e-15;-483;1638;11730;11651;1;276;-2.14748e+09;-1.98306e+06;0;0;0;0;0;0;873677417;893061707;69423843
1687;5.32765e-15;-514;1684;11744;11730;1;263;-2.14748e+09;-1.97915e+06;0;0;0;0;0;0;873833926;893245302;69482837
1687;5.27367e-15;-483;1638;11730;11651;1;276;-2.14748e+09;-1.97915e+06;-1;0;0;0;-1;0;873833926;893245302;69482837
1688;5.32765e-15;-514;1684;11744;11730;1;263;-2.14748e+09;-1.97525e+06;-1;0;0;0;-1;0;873990118;893428561;69541748
1688;5.27367e-15;-483;1638;11730;11651;1;276;-2.14748e+09;-1.97525e+06;-1;0;0;0;-1;0;873990118;893428561;69541748
1689;5.32765e-15;-514;1684;11744;11730;1;263;-2.14748e+09;-1.97136e+06;-1;0;0;0;-1;0;874145995;893611483;69600576
1689;5.27367e-15;-484;1638;11730;11651;1;276;-2.14748e+09;-1.97136e+06;0;0;0;0;0;0;874145995;893611483;69600576
1690;5.32765e-15;-514;1684;11744;11730;1;263;-2.14748e+09;-1.96747e+06;-1;0;0;0;-1;0;874301555;893794068;69659321
1690;5.27367e-15;-485;1638;11730;11651;1;276;-2.14748e+09;-1.96747e+06;0;0;0;0;0;0;874301555;893794068;69659321
1691;5.32765e-15;-514;1684;11744;11730;1;263;-2.14748e+09;-1.9636e+06;-1;0;0;0;-1;0;874456801;893976318;69717983
1691;5.27367e-15;-486;1638;11730;11651;1;276;-2.14748e+09;-1.9636e+06;0;0;0;0;0;0;874456801;893976318;69717983
1692;5.32765e-15;-515;1684;11744;11730;1;263;-2.14748e+09;-1.95973e+06;0;0;0;0;0;0;874611733;894158234;69776562
1692;5.27367e-15;-486;1638;11730;11651;1;276;-2.14748e+09;-1.95973e+06;-1;0;0;0;-1;0;874611733;894158234;69776562
1693;5.32765e-15;-516;1684;11744;11730;1;263;-2.14748e+09;-1.95588e+06;0;0;0;0;0;0;874766352;894339815;69835058
1693;5.27367e-15;-486;1638;11730;11651;1;276;-2.14748e+09;-1.95588e+06;-1;0;0;0;-1;0;874766352;894339815;69835058
1694;5.32765e-15;-517;1684;11744;11730;1;263;-2.14748e+09;-1.95213e+06;0;0;0;0;0;0;874920658;894521063;69893471
1694;5.27367e-15;-487;1638;11730;11651;1;276;-2.14748e+09;-1.95213e+06;0;0;0;0;0;0;874920658;894521063;69893471
1695;5.32765e-15;-517;1684;11744;11730;1;263;-2.14748e+09;-1.94828e+06;-1;0;0;0;-1;0;875074652;894701978;69951802
1695;5.27367e-15;-488;1638;11730;11651;1;276;-2.14748e+09;-1.94828e+06;0;0;0;0;0;0;875074652;894701978;69951802
1696;5.32765e-15;-518;1684;11744;11730;1;263;-2.14748e+09;-1.94435e+06;0;0;0;0;0;0;875228335;894882560;70010050
1696;5.27367e-15;-488;1638;11730;11651;1;276;-2.14748e+09;-1.94435e+06;-1;0;0;0;-1;0;875228335;894882560;70010050
1697;5.32765e-15;-518;1684;11744;11730;1;263;-2.14748e+09;-1.94053e+06;-1;0;0;0;-1;0;875381708;895062812;70068216
1697;5.27367e-15;-489;1638;11730;11651;1;276;-2.14748e+09;-1.94053e+06;0;0;0;0;0;0;875381708;895062812;70068216
1698;5.32765e-15;-518;1684;11744;11730;1;263;-2.14748e+09;-1.93671e+06;-1;0;0;0;-1;0;875534770;895242732;70126299
1698;5.27367e-15;-490;1638;11730;11651;1;276;-2.14748e+09;-1.93671e+06;0;0;0;0;0;0;875534770;895242732;70126299
1699;5.32765e-15;-518;1684;11744;11730;1;263;-2.14748e+09;-1.9329e+06;-1;0;0;0;-1;0;875687524;895422322;70184300
1699;5.27367e-15;-490;1638;11730;11651;1;276;-2.14748e+09;-1.9329e+06;-1;0;0;0;-1;0;875687524;895422322;70184300
1700;5.32765e-15;-519;1684;11744;11730;1;263;-2.14748e+09;-1.92911e+06;0;0;0;0;0;0;875839969;895601583;70242218
1700;5.27367e-15;-490;1638;11730;11651;1;276;-2.14748e+09;-1.92911e+06;-1;0;0;0;-1;0;875839969;895601583;70242218
1701;5.32765e-15;-520;1684;11744;11730;1;263;-2.14748e+09;-1.92532e+06;0;0;0;0;0;0;875992106;895780514;70300054
1701;5.27367e-15;-491;1638;11730;11651;1;276;-2.14748e+09;-1.92532e+06;0;0;0;0;0;0;875992106;895780514;70300054
1702;5.32765e-15;-520;1684;11744;11730;1;263;-2.14748e+09;-1.92153e+06;-1;0;0;0;-1;0;876143936;895959118;70357808
1702;5.27367e-15;-491;1638;11730;11651;1;276;-2.14748e+09;-1.92153e+06;-1;0;0;0;-1;0;876143936;895959118;70357808
1703;5.32765e-15;-521;1684;11744;11730;1;263;-2.14748e+09;-1.91786e+06;0;0;0;0;0;0;876295460;896137394;70415479
1703;5.27367e-15;-492;1638;11730;11651;1;276;-2.14748e+09;-1.91786e+06;0;0;0;0;0;0;876295460;896137394;70415479
1704;5.32765e-15;-522;1684;11744;11730;1;263;-2.14748e+09;-1.91399e+06;0;0;0;0;0;0;876446678;896315342;70473069
1704;5.27367e-15;-493;1638;11730;11651;1;276;-2.14748e+09;-1.91399e+06;0;0;0;0;0;0;876446678;896315342;70473069
1705;5.32765e-15;-523;1684;11744;11730;1;263;-2.14748e+09;-1.91024e+06;0;0;0;0;0;0;876597591;896492965;70530576
1705;5.27367e-15;-493;1638;11730;11651;1;276;-2.14748e+09;-1.91024e+06;-1;0;0;0;-1;0;876597591;896492965;70530576
1706;5.32765e-15;-523;1684;11744;11730;1;263;-2.14748e+09;-1.90649e+06;-1;0;0;0;-1;0;876748200;896670261;70588001
1706;5.27367e-15;-494;1638;11730;11651;1;276;-2.14748e+09;-1.90649e+06;0;0;0;0;0;0;876748200;896670261;70588001
1707;5.32765e-15;-524;1684;11744;11730;1;263;-2.14748e+09;-1.90275e+06;0;0;0;0;0;0;876898505;896847233;70645345
1707;5.27367e-15;-494;1638;11730;11651;1;276;-2.14748e+09;-1.90275e+06;-1;0;0;0;-1;0;876898505;896847233;70645345
1708;5.32765e-15;-525;1684;11744;11730;1;263;-2.14748e+09;-1.89901e+06;0;0;0;0;0;0;877048507;897023880;70702607
1708;5.27367e-15;-494;1638;11730;11651;1;276;-2.14748e+09;-1.89901e+06;-1;0;0;0;-1;0;877048507;897023880;70702607
1709;5.32765e-15;-526;1684;11744;11730;1;263;-2.14748e+09;-1.89529e+06;0;0;0;0;0;0;877198207;897200203;70759787
1709;5.27367e-15;-494;1638;11730;11651;1;276;-2.14748e+09;-1.89529e+06;-1;0;0;0;-1;0;877198207;897200203;70759787
1710;5.32765e-15;-527;1684;11744;11730;1;263;-2.14748e+09;-1.89167e+06;0;0;0;0;0;0;877347605;897376203;70816885
1710;5.27367e-15;-494;1638;11730;11651;1;276;-2.14748e+09;-1.89167e+06;-1;0;0;0;-1;0;877347605;897376203;70816885
1711;5.32765e-15;-528;1684;11744;11730;1;263;-2.14748e+09;-1.88786e+06;0;0;0;0;0;0;877496702;897551881;70873901
1711;5.27367e-15;-495;1638;11730;11651;1;276;-2.14748e+09;-1.88786e+06;0;0;0;0;0;0;877496702;897551881;70873901
1712;5.32765e-15;-529;1684;11744;11730;1;263;-2.14748e+09;-1.88416e+06;0;0;0;0;0;0;877645499;897727237;70930836
1712;5.27367e-15;-495;1638;11730;11651;1;276;-2.14748e+09;-1.88416e+06;-1;0;0;0;-1;0;877645499;897727237;70930836
1713;5.32765e-15;-530;1684;11744;11730;1;263;-2.14748e+09;-1.88047e+06;0;0;0;0;0;0;877793996;897902271;70987690
1713;5.27367e-15;-496;1638;11730;11651;1;276;-2.14748e+09;-1.88047e+06;0;0;0;0;0;0;877793996;897902271;70987690
1714;5.32765e-15;-530;1684;11744;11730;1;263;-2.14748e+09;-1.87679e+06;-1;0;0;0;-1;0;877942194;898076985;71044462
1714;5.27367e-15;-497;1638;11730;11651;1;276;-2.14748e+09;-1.87679e+06;0;0;0;0;0;0;877942194;898076985;71044462
1715;5.32765e-15;-531;1684;11744;11730;1;263;-2.14748e+09;-1.87311e+06;0;0;0;0;0;0;878090094;898251379;71101152
1715;5.27367e-15;-498;1638;11730;11651;1;276;-2.14748e+09;-1.87311e+06;0;0;0;0;0;0;878090094;898251379;71101152
1716;5.32765e-15;-532;1684;11744;11730;1;263;-2.14748e+09;-1.86944e+06;0;0;0;0;0;0;878237696;898425453;71157761
1716;5.27367e-15;-498;1638;11730;11651;1;276;-2.14748e+09;-1.86944e+06;-1;0;0;0;-1;0;878237696;898425453;71157761
1717;5.32765e-15;-532;1684;11744;11730;1;263;-2.14748e+09;-1.86578e+06;-1;0;0;0;-1;0;878385001;898599208;71214289
1717;5.27367e-15;-499;1638;11730;11651;1;276;-2.14748e+09;-1.86578e+06;0;0;0;0;0;0;878385001;898599208;71214289
1718;5.32765e-15;-533;1684;11744;11730;1;263;-2.14748e+09;-1.86213e+06;0;0;0;0;0;0;878532010;898772645;71270736
1718;5.27367e-15;-500;1638;11730;11651;1;276;-2.14748e+09;-1.86213e+06;0;0;0;0;0;0;878532010;898772645;71270736
1719;5.32765e-15;-533;1684;11744;11730;1;263;-2.14748e+09;-1.85848e+06;-1;0;0;0;-1;0;878678723;898945765;71327102
1719;5.27367e-15;-501;1638;11730;11651;1;276;-2.14748e+09;-1.85848e+06;0;0;0;0;0;0;878678723;898945765;71327102
1720;5.32765e-15;-533;1684;11744;11730;1;263;-2.14748e+09;-1.85485e+06;-1;0;0;0;-1;0;878825141;899118568;71383387
1720;5.27367e-15;-502;1638;11730;11651;1;276;-2.14748e+09;-1.85485e+06;0;0;0;0;0;0;878825141;899118568;71383387
1721;5.32765e-15;-533;1684;11744;11730;1;263;-2.14748e+09;-1.85122e+06;-1;0;0;0;-1;0;878971265;899291054;71439591
1721;5.27367e-15;-502;1638;11730;11651;1;276;-2.14748e+09;-1.85122e+06;-1;0;0;0;-1;0;878971265;899291054;71439591
1722;5.32765e-15;-534;1684;11744;11730;1;263;-2.14748e+09;-1.8476e+06;0;0;0;0;0;0;879117095;899463225;71495713
1722;5.27367e-15;-503;1638;11730;11651;1;276;-2.14748e+09;-1.8476e+06;0;0;0;0;0;0;879117095;899463225;71495713
1723;5.32765e-15;-534;1684;11744;11730;1;263;-2.14748e+09;-1.84398e+06;-1;0;0;0;-1;0;879262632;899635080;71551755
1723;5.27367e-15;-504;1638;11730;11651;1;276;-2.14748e+09;-1.84398e+06;0;0;0;0;0;0;879262632;899635080;71551755
1724;5.32765e-15;-535;1684;11744;11730;1;263;-2.14748e+09;-1.84038e+06;0;0;0;0;0;0;879407876;899806622;71607717
1724;5.27367e-15;-505;1638;11730;11651;1;276;-2.14748e+09;-1.84038e+06;0;0;0;0;0;0;879407876;899806622;71607717
1725;5.32765e-15;-535;1684;11744;11730;1;263;-2.14748e+09;-1.83678e+06;-1;0;0;0;-1;0;879552829;899977849;71663597
1725;5.27367e-15;-505;1638;11730;11651;1;276;-2.14748e+09;-1.83678e+06;-1;0;0;0;-1;0;879552829;899977849;71663597
1726;5.32765e-15;-536;1684;11744;11730;1;263;-2.14748e+09;-1.83319e+06;0;0;0;0;0;0;879697490;900148763;71719397
1726;5.27367e-15;-505;1638;11730;11651;1;276;-2.14748e+09;-1.83319e+06;-1;0;0;0;-1;0;879697490;900148763;71719397
1727;5.32765e-15;-536;1684;11744;11730;1;263;-2.14748e+09;-1.82961e+06;-1;0;0;0;-1;0;879841861;900319364;71775117
1727;5.27367e-15;-506;1638;11730;11651;1;276;-2.14748e+09;-1.82961e+06;0;0;0;0;0;0;879841861;900319364;71775117
1728;5.32765e-15;-537;1684;11744;11730;1;263;-2.14748e+09;-1.82614e+06;0;0;0;0;0;0;879985943;900489653;71830755
1728;5.27367e-15;-507;1638;11730;11651;1;276;-2.14748e+09;-1.82614e+06;0;0;0;0;0;0;879985943;900489653;71830755
1729;5.32765e-15;-538;1684;11744;11730;1;263;-2.14748e+09;-1.82247e+06;0;0;0;0;0;0;880129735;900659631;71886314
1729;5.27367e-15;-507;1638;11730;11651;1;276;-2.14748e+09;-1.82247e+06;-1;0;0;0;-1;0;880129735;900659631;71886314
1730;5.32765e-15;-539;1684;11744;11730;1;263;-2.14748e+09;-1.81901e+06;0;0;0;0;0;0;880273238;900829298;71941792
1730;5.27367e-15;-507;1638;11730;11651;1;276;-2.14748e+09;-1.81901e+06;-1;0;0;0;-1;0;880273238;900829298;71941792
1731;5.32765e-15;-540;1684;11744;11730;1;263;-2.14748e+09;-1.81546e+06;0;0;0;0;0;0;880416454;900998655;71997190
1731;5.27367e-15;-507;1638;11730;11651;1;276;-2.14748e+09;-1.81546e+06;-1;0;0;0;-1;0;880416454;900998655;71997190
1732;5.32765e-15;-540;1684;11744;11730;1;263;-2.14748e+09;-1.81192e+06;-1;0;0;0;-1;0;880559382;901167702;72052508
1732;5.27367e-15;-507;1638;11730;11651;1;276;-2.14748e+09;-1.81192e+06;-1;0;0;0;-1;0;880559382;901167702;72052508
1733;5.32765e-15;-540;1684;11744;11730;1;263;-2.14748e+09;-1.80828e+06;-1;0;0;0;-1;0;880702023;901336440;72107745
1733;5.27367e-15;-507;1638;11730;11651;1;276;-2.14748e+09;-1.80828e+06;-1;0;0;0;-1;0;880702023;901336440;72107745
1734;5.32765e-15;-541;1684;11744;11730;1;263;-2.14748e+09;-1.80476e+06;0;0;0;0;0;0;880844379;901504870;72162902
1734;5.27367e-15;-507;1638;11730;11651;1;276;-2.14748e+09;-1.80475e+06;-1;0;0;0;-1;0;880844379;901504870;72162902
1735;5.32765e-15;-541;1684;11744;11730;1;263;-2.14748e+09;-1.80123e+06;-1;0;0;0;-1;0;880986449;901672992;72217980
1735;5.27367e-15;-507;1638;11730;11651;1;276;-2.14748e+09;-1.80123e+06;-1;0;0;0;-1;0;880986449;901672992;72217980
1736;5.32765e-15;-541;1684;11744;11730;1;263;-2.14748e+09;-1.79772e+06;-1;0;0;0;-1;0;881128234;901840806;72272977
1736;5.27367e-15;-508;1638;11730;11651;1;276;-2.14748e+09;-1.79772e+06;0;0;0;0;0;0;881128234;901840806;72272977
1737;5.32765e-15;-541;1684;11744;11730;1;263;-2.14748e+09;-1.79422e+06;-1;0;0;0;-1;0;881269735;902008314;72327895
1737;5.27367e-15;-508;1638;11730;11651;1;276;-2.14748e+09;-1.79422e+06;-1;0;0;0;-1;0;881269735;902008314;72327895
1738;5.32765e-15;-542;1684;11744;11730;1;263;-2.14748e+09;-1.79072e+06;0;0;0;0;0;0;881410953;902175516;72382733
1738;5.27367e-15;-508;1638;11730;11651;1;276;-2.14748e+09;-1.79072e+06;-1;0;0;0;-1;0;881410953;902175516;72382733
1739;5.32765e-15;-542;1684;11744;11730;1;263;-2.14748e+09;-1.78723e+06;-1;0;0;0;-1;0;881551887;902342412;72437491
1739;5.27367e-15;-509;1638;11730;11651;1;276;-2.14748e+09;-1.78723e+06;0;0;0;0;0;0;881551887;902342412;72437491
1740;5.32765e-15;-543;1684;11744;11730;1;263;-2.14748e+09;-1.78385e+06;0;0;0;0;0;0;881692540;902509004;72492170
1740;5.27367e-15;-510;1638;11730;11651;1;276;-2.14748e+09;-1.78385e+06;0;0;0;0;0;0;881692540;902509004;72492170
1741;5.32765e-15;-544;1684;11744;11730;1;263;-2.14748e+09;-1.78027e+06;0;0;0;0;0;0;881832910;902675291;72546769
1741;5.27367e-15;-511;1638;11730;11651;1;276;-2.14748e+09;-1.78027e+06;0;0;0;0;0;0;881832910;902675291;72546769
1742;5.32765e-15;-544;1684;11744;11730;1;263;-2.14748e+09;-1.7768e+06;-1;0;0;0;-1;0;881973000;902841274;72601288
1742;5.27367e-15;-511;1638;11730;11651;1;276;-2.14748e+09;-1.7768e+06;-1;0;0;0;-1;0;881973000;902841274;72601288
1743;5.32765e-15;-544;1683;11744;11730;1;263;-2.14748e+09;-1.77334e+06;0;0;0;0;0;0;882112809;903006954;72655728
1743;5.27367e-15;-512;1638;11730;11651;1;276;-2.14748e+09;-1.77334e+06;0;0;0;0;0;0;882112809;903006954;72655728
1744;5.32765e-15;-545;1683;11744;11730;1;263;-2.14748e+09;-1.76989e+06;0;0;0;0;0;0;882252339;903172332;72710089
1744;5.27367e-15;-513;1638;11730;11651;1;276;-2.14748e+09;-1.76989e+06;0;0;0;0;0;0;882252339;903172332;72710089
1745;5.32765e-15;-545;1683;11744;11730;1;263;-2.14748e+09;-1.76644e+06;-1;0;0;0;-1;0;882391589;903337408;72764370
1745;5.27367e-15;-513;1638;11730;11651;1;276;-2.14748e+09;-1.76644e+06;-1;0;0;0;-1;0;882391589;903337408;72764370
1746;5.32765e-15;-546;1683;11744;11730;1;263;-2.14748e+09;-1.76301e+06;0;0;0;0;0;0;882530560;903502182;72818573
1746;5.27367e-15;-513;1638;11730;11651;1;276;-2.14748e+09;-1.76301e+06;-1;0;0;0;-1;0;882530560;903502182;72818573
1747;5.32765e-15;-546;1683;11744;11730;1;263;-2.14748e+09;-1.75958e+06;-1;0;0;0;-1;0;882669254;903666656;72872696
1747;5.27367e-15;-513;1638;11730;11651;1;276;-2.14748e+09;-1.75958e+06;-1;0;0;0;-1;0;882669254;903666656;72872696
1748;5.32765e-15;-547;1683;11744;11730;1;263;-2.14748e+09;-1.75615e+06;0;0;0;0;0;0;882807670;903830829;72926740
1748;5.27367e-15;-513;1638;11730;11651;1;276;-2.14748e+09;-1.75615e+06;-1;0;0;0;-1;0;882807670;903830829;72926740
1749;5.32765e-15;-547;1683;11744;11730;1;263;-2.14748e+09;-1.75274e+06;-1;0;0;0;-1;0;882945809;903994703;72980705
1749;5.27367e-15;-514;1638;11730;11651;1;276;-2.14748e+09;-1.75274e+06;0;0;0;0;0;0;882945809;903994703;72980705
1750;5.32765e-15;-547;1683;11744;11730;1;263;-2.14748e+09;-1.74943e+06;-1;0;0;0;-1;0;883083673;904158278;73034591
1750;5.27367e-15;-515;1638;11730;11651;1;276;-2.14748e+09;-1.74943e+06;0;0;0;0;0;0;883083673;904158278;73034591
1751;5.32765e-15;-548;1683;11744;11730;1;263;-2.14748e+09;-1.74593e+06;0;0;0;0;0;0;883221260;904321554;73088398
1751;5.27367e-15;-516;1638;11730;11651;1;276;-2.14748e+09;-1.74593e+06;0;0;0;0;0;0;883221260;904321554;73088398
1752;5.32765e-15;-548;1683;11744;11730;1;263;-2.14748e+09;-1.74263e+06;-1;0;0;0;-1;0;883358573;904484532;73142127
1752;5.27367e-15;-517;1638;11730;11651;1;276;-2.14748e+09;-1.74263e+06;0;0;0;0;0;0;883358573;904484532;73142127
1753;5.32765e-15;-549;1683;11744;11730;1;263;-2.14748e+09;-1.73914e+06;0;0;0;0;0;0;883495611;904647213;73195777
1753;5.27367e-15;-517;1638;11730;11651;1;276;-2.14748e+09;-1.73915e+06;-1;0;0;0;-1;0;883495611;904647213;73195777
1754;5.32765e-15;-549;1683;11744;11730;1;263;-2.14748e+09;-1.73586e+06;-1;0;0;0;-1;0;883632376;904809597;73249348
1754;5.27367e-15;-517;1638;11730;11651;1;276;-2.14748e+09;-1.73586e+06;-1;0;0;0;-1;0;883632376;904809597;73249348
1755;5.32765e-15;-549;1683;11744;11730;1;263;-2.14748e+09;-1.73239e+06;-1;0;0;0;-1;0;883768867;904971685;73302841
1755;5.27367e-15;-517;1638;11730;11651;1;276;-2.14748e+09;-1.73239e+06;-1;0;0;0;-1;0;883768867;904971685;73302841
1756;5.32765e-15;-549;1683;11744;11730;1;263;-2.14748e+09;-1.72903e+06;-1;0;0;0;-1;0;883905086;905133478;73356255
1756;5.27367e-15;-518;1638;11730;11651;1;276;-2.14748e+09;-1.72903e+06;0;0;0;0;0;0;883905086;905133478;73356255
1757;5.32765e-15;-549;1683;11744;11730;1;263;-2.14748e+09;-1.72567e+06;-1;0;0;0;-1;0;884041033;905294975;73409591
1757;5.27367e-15;-519;1638;11730;11651;1;276;-2.14748e+09;-1.72567e+06;0;0;0;0;0;0;884041033;905294975;73409591
1758;5.32765e-15;-549;1683;11744;11730;1;263;-2.14748e+09;-1.72232e+06;-1;0;0;0;-1;0;884176709;905456178;73462848
1758;5.27367e-15;-519;1638;11730;11651;1;276;-2.14748e+09;-1.72232e+06;-1;0;0;0;-1;0;884176709;905456178;73462848
1759;5.32765e-15;-549;1683;11744;11730;1;263;-2.14748e+09;-1.71898e+06;-1;0;0;0;-1;0;884312113;905617087;73516028
1759;5.27367e-15;-520;1638;11730;11651;1;276;-2.14748e+09;-1.71898e+06;0;0;0;0;0;0;884312113;905617087;73516028
1760;5.32765e-15;-550;1683;11744;11730;1;263;-2.14748e+09;-1.71564e+06;0;0;0;0;0;0;884447248;905777702;73569129
1760;5.27367e-15;-520;1638;11730;11651;1;276;-2.14748e+09;-1.71564e+06;-1;0;0;0;-1;0;884447248;905777702;73569129
1761;5.32765e-15;-551;1683;11744;11730;1;263;-2.14748e+09;-1.71241e+06;0;0;0;0;0;0;884582113;905938025;73622152
1761;5.27367e-15;-520;1638;11730;11651;1;276;-2.14748e+09;-1.71241e+06;-1;0;0;0;-1;0;884582113;905938025;73622152
1762;5.32765e-15;-552;1683;11744;11730;1;263;-2.14748e+09;-1.70899e+06;0;0;0;0;0;0;884716709;906098055;73675097
1762;5.27367e-15;-520;1638;11730;11651;1;276;-2.14748e+09;-1.70899e+06;-1;0;0;0;-1;0;884716709;906098055;73675097
1763;5.32765e-15;-553;1683;11744;11730;1;263;-2.14748e+09;-1.70577e+06;0;0;0;0;0;0;884851036;906257794;73727964
1763;5.27367e-15;-520;1638;11730;11651;1;276;-2.14748e+09;-1.70577e+06;-1;0;0;0;-1;0;884851036;906257794;73727964
1764;5.32765e-15;-553;1683;11744;11730;1;263;-2.14748e+09;-1.70246e+06;-1;0;0;0;-1;0;884985096;906417242;73780753
1764;5.27367e-15;-520;1638;11730;11651;1;276;-2.14748e+09;-1.70236e+06;-1;0;0;0;-1;0;884985096;906417242;73780753
1765;5.32765e-15;-553;1683;11744;11730;1;263;-2.14748e+09;-1.69906e+06;-1;0;0;0;-1;0;885118888;906576399;73833464
1765;5.27367e-15;-520;1638;11730;11651;1;276;-2.14748e+09;-1.69906e+06;-1;0;0;0;-1;0;885118888;906576399;73833464
1766;5.32765e-15;-553;1683;11744;11730;1;263;-2.14748e+09;-1.69577e+06;-1;0;0;0;-1;0;885252414;906735266;73886098
1766;5.27367e-15;-520;1638;11730;11651;1;276;-2.14748e+09;-1.69577e+06;-1;0;0;0;-1;0;885252414;906735266;73886098
1767;5.32765e-15;-554;1683;11744;11730;1;263;-2.14748e+09;-1.69248e+06;0;0;0;0;0;0;885385674;906893843;73938654
1767;5.27367e-15;-520;1638;11730;11651;1;276;-2.14748e+09;-1.69248e+06;-1;0;0;0;-1;0;885385674;906893843;73938654
1768;5.32765e-15;-554;1683;11744;11730;1;263;-2.14748e+09;-1.6892e+06;-1;0;0;0;-1;0;885518668;907052132;73991132
1768;5.27367e-15;-520;1638;11730;11651;1;276;-2.14748e+09;-1.6892e+06;-1;0;0;0;-1;0;885518668;907052132;73991132
1769;5.32765e-15;-555;1683;11744;11730;1;263;-2.14748e+09;-1.68592e+06;0;0;0;0;0;0;885651397;907210132;74043533
1769;5.27367e-15;-520;1638;11730;11651;1;276;-2.14748e+09;-1.68592e+06;-1;0;0;0;-1;0;885651397;907210132;74043533
1770;5.32765e-15;-555;1683;11744;11730;1;263;-2.14748e+09;-1.68266e+06;-1;0;0;0;-1;0;885783862;907367845;74095856
1770;5.27367e-15;-520;1638;11730;11651;1;276;-2.14748e+09;-1.68266e+06;-1;0;0;0;-1;0;885783862;907367845;74095856
1771;5.32765e-15;-556;1683;11744;11730;1;263;-2.14748e+09;-1.6794e+06;0;0;0;0;0;0;885916063;907525270;74148102
1771;5.27367e-15;-520;1638;11730;11651;1;276;-2.14748e+09;-1.6794e+06;-1;0;0;0;-1;0;885916063;907525270;74148102
1772;5.32765e-15;-557;1683;11744;11730;1;263;-2.14748e+09;-1.67615e+06;0;0;0;0;0;0;886048000;907682408;74200271
1772;5.27367e-15;-520;1638;11730;11651;1;276;-2.14748e+09;-1.67615e+06;-1;0;0;0;-1;0;886048000;907682408;74200271
1773;5.32765e-15;-558;1683;11744;11730;1;263;-2.14748e+09;-1.673e+06;0;0;0;0;0;0;886179676;907839261;74252363
1773;5.27367e-15;-521;1638;11730;11651;1;276;-2.14748e+09;-1.6729e+06;0;0;0;0;0;0;886179675;907839261;74252363
1774;5.32765e-15;-559;1683;11744;11730;1;263;-2.14748e+09;-1.66966e+06;0;0;0;0;0;0;886311088;907995827;74304377
1774;5.27367e-15;-522;1638;11730;11651;1;276;-2.14748e+09;-1.66966e+06;0;0;0;0;0;0;886311088;907995827;74304377
1775;5.32765e-15;-559;1683;11744;11730;1;263;-2.14748e+09;-1.66643e+06;-1;0;0;0;-1;0;886442240;908152109;74356315
1775;5.27367e-15;-523;1638;11730;11651;1;276;-2.14748e+09;-1.66643e+06;0;0;0;0;0;0;886442240;908152109;74356315
1776;5.32765e-15;-559;1683;11744;11730;1;263;-2.14748e+09;-1.6632e+06;-1;0;0;0;-1;0;886573131;908308106;74408175
1776;5.27367e-15;-523;1638;11730;11651;1;276;-2.14748e+09;-1.6632e+06;-1;0;0;0;-1;0;886573131;908308106;74408175
1777;5.32765e-15;-559;1683;11744;11730;1;263;-2.14748e+09;-1.65999e+06;-1;0;0;0;-1;0;886703761;908463819;74459959
1777;5.27367e-15;-524;1638;11730;11651;1;276;-2.14748e+09;-1.65999e+06;0;0;0;0;0;0;886703761;908463819;74459959
1778;5.32765e-15;-559;1683;11744;11730;1;263;-2.14748e+09;-1.65677e+06;-1;0;0;0;-1;0;886834131;908619249;74511666
1778;5.27367e-15;-525;1638;11730;11651;1;276;-2.14748e+09;-1.65677e+06;0;0;0;0;0;0;886834131;908619249;74511666
1779;5.32765e-15;-560;1683;11744;11730;1;263;-2.14748e+09;-1.65357e+06;0;0;0;0;0;0;886964242;908774396;74563296
1779;5.27367e-15;-525;1638;11730;11651;1;276;-2.14748e+09;-1.65357e+06;-1;0;0;0;-1;0;886964242;908774396;74563296
1780;5.32765e-15;-560;1683;11744;11730;1;263;-2.14748e+09;-1.65037e+06;-1;0;0;0;-1;0;887094095;908929260;74614849
1780;5.27367e-15;-526;1638;11730;11651;1;276;-2.14748e+09;-1.65037e+06;0;0;0;0;0;0;887094095;908929260;74614849
1781;5.32765e-15;-560;1683;11744;11730;1;263;-2.14748e+09;-1.64728e+06;-1;0;0;0;-1;0;887223689;909083843;74666326
1781;5.27367e-15;-527;1638;11730;11651;1;276;-2.14748e+09;-1.64728e+06;0;0;0;0;0;0;887223689;909083843;74666326
1782;5.32765e-15;-561;1683;11744;11730;1;263;-2.14748e+09;-1.644e+06;0;0;0;0;0;0;887353026;909238144;74717727
1782;5.27367e-15;-528;1638;11730;11651;1;276;-2.14748e+09;-1.644e+06;0;0;0;0;0;0;887353026;909238144;74717727
1783;5.32765e-15;-561;1683;11744;11730;1;263;-2.14748e+09;-1.64082e+06;-1;0;0;0;-1;0;887482105;909392165;74769050
1783;5.27367e-15;-528;1638;11730;11651;1;276;-2.14748e+09;-1.64082e+06;-1;0;0;0;-1;0;887482105;909392165;74769050
1784;5.32765e-15;-561;1683;11744;11730;1;263;-2.14748e+09;-1.63765e+06;-1;0;0;0;-1;0;887610928;909545905;74820298
1784;5.27367e-15;-529;1638;11730;11651;1;276;-2.14748e+09;-1.63765e+06;0;0;0;0;0;0;887610928;909545905;74820298
1785;5.32765e-15;-561;1683;11744;11730;1;263;-2.14748e+09;-1.63448e+06;-1;0;0;0;-1;0;887739496;909699366;74871469
1785;5.27367e-15;-529;1638;11730;11651;1;276;-2.14748e+09;-1.63448e+06;-1;0;0;0;-1;0;887739496;909699366;74871469
1786;5.32765e-15;-561;1683;11744;11730;1;263;-2.14748e+09;-1.63132e+06;-1;0;0;0;-1;0;887867808;909852547;74922564
1786;5.27367e-15;-530;1638;11730;11651;1;276;-2.14748e+09;-1.63132e+06;0;0;0;0;0;0;887867808;909852547;74922564
1787;5.32765e-15;-562;1683;11744;11730;1;263;-2.14748e+09;-1.62817e+06;0;0;0;0;0;0;887995865;910005450;74973583
1787;5.27367e-15;-531;1638;11730;11651;1;276;-2.14748e+09;-1.62817e+06;0;0;0;0;0;0;887995865;910005450;74973583
1788;5.32765e-15;-563;1683;11744;11730;1;263;-2.14748e+09;-1.62513e+06;0;0;0;0;0;0;888123668;910158075;75024526
1788;5.27367e-15;-532;1638;11730;11651;1;276;-2.14748e+09;-1.62513e+06;0;0;0;0;0;0;888123668;910158075;75024526
1789;5.32765e-15;-563;1683;11744;11730;1;263;-2.14748e+09;-1.62189e+06;-1;0;0;0;-1;0;888251217;910310422;75075393
1789;5.27367e-15;-533;1638;11730;11651;1;276;-2.14748e+09;-1.62189e+06;0;0;0;0;0;0;888251217;910310422;75075393
1790;5.32765e-15;-564;1683;11744;11730;1;263;-2.14748e+09;-1.61876e+06;0;0;0;0;0;0;888378513;910462493;75126184
1790;5.27367e-15;-533;1638;11730;11651;1;276;-2.14748e+09;-1.61876e+06;-1;0;0;0;-1;0;888378513;910462493;75126184
1791;5.32765e-15;-565;1683;11744;11730;1;263;-2.14748e+09;-1.61563e+06;0;0;0;0;0;0;888505557;910614286;75176899
1791;5.27367e-15;-533;1638;11730;11651;1;276;-2.14748e+09;-1.61563e+06;-1;0;0;0;-1;0;888505557;910614286;75176899
1792;5.32765e-15;-566;1683;11744;11730;1;263;-2.14748e+09;-1.61252e+06;0;0;0;0;0;0;888632348;910765804;75227539
1792;5.27367e-15;-534;1638;11730;11651;1;276;-2.14748e+09;-1.61252e+06;0;0;0;0;0;0;888632348;910765804;75227539
1793;5.32765e-15;-567;1683;11744;11730;1;263;-2.14748e+09;-1.6094e+06;0;0;0;0;0;0;888758888;910917046;75278102
1793;5.27367e-15;-535;1638;11730;11651;1;276;-2.14748e+09;-1.6094e+06;0;0;0;0;0;0;888758888;910917046;75278102
1794;5.32765e-15;-567;1683;11744;11730;1;263;-2.14748e+09;-1.6063e+06;-1;0;0;0;-1;0;888885177;911068013;75328591
1794;5.27367e-15;-536;1638;11730;11651;1;276;-2.14748e+09;-1.6063e+06;0;0;0;0;0;0;888885177;911068013;75328591
1795;5.32765e-15;-568;1683;11744;11730;1;263;-2.14748e+09;-1.6032e+06;0;0;0;0;0;0;889011215;911218706;75379003
1795;5.27367e-15;-537;1638;11730;11651;1;276;-2.14748e+09;-1.6032e+06;0;0;0;0;0;0;889011215;911218706;75379003
1796;5.32765e-15;-569;1683;11744;11730;1;263;-2.14748e+09;-1.60011e+06;0;0;0;0;0;0;889137004;911369125;75429341
1796;5.27367e-15;-538;1638;11730;11651;1;276;-2.14748e+09;-1.60011e+06;0;0;0;0;0;0;889137004;911369125;75429341
1797;5.32765e-15;-569;1683;11744;11730;1;263;-2.14748e+09;-1.59702e+06;-1;0;0;0;-1;0;889262543;911519271;75479603
1797;5.27367e-15;-538;1638;11730;11651;1;276;-2.14748e+09;-1.59702e+06;-1;0;0;0;-1;0;889262543;911519271;75479603
1798;5.32765e-15;-569;1683;11744;11730;1;263;-2.14748e+09;-1.59394e+06;-1;0;0;0;-1;0;889387833;911669144;75529789
1798;5.27367e-15;-538;1638;11730;11651;1;276;-2.14748e+09;-1.59394e+06;-1;0;0;0;-1;0;889387833;911669144;75529789
1799;5.32765e-15;-569;1683;11744;11730;1;263;-2.14748e+09;-1.59087e+06;-1;0;0;0;-1;0;889512875;911818744;75579901
1799;5.27367e-15;-538;1638;11730;11651;1;276;-2.14748e+09;-1.59087e+06;-1;0;0;0;-1;0;889512875;911818744;75579901
1800;5.32765e-15;-569;1683;11744;11730;1;263;-2.14748e+09;-1.5879e+06;-1;0;0;0;-1;0;889637670;911968073;75629937
1800;5.27367e-15;-539;1638;11730;11651;1;276;-2.14748e+09;-1.5879e+06;0;0;0;0;0;0;889637670;911968073;75629937
1801;5.32765e-15;-569;1683;11744;11730;1;263;-2.14748e+09;-1.58484e+06;-1;0;0;0;-1;0;889762217;912117130;75679899
1801;5.27367e-15;-540;1638;11730;11651;1;276;-2.14748e+09;-1.58484e+06;0;0;0;0;0;0;889762217;912117130;75679899
1802;5.32765e-15;-569;1683;11744;11730;1;263;-2.14748e+09;-1.58179e+06;-1;0;0;0;-1;0;889886517;912265916;75729785
1802;5.27367e-15;-540;1638;11730;11651;1;276;-2.14748e+09;-1.58179e+06;-1;0;0;0;-1;0;889886517;912265916;75729785
1803;5.32765e-15;-570;1683;11744;11730;1;263;-2.14748e+09;-1.57874e+06;0;0;0;0;0;0;890010572;912414433;75779597
1803;5.27367e-15;-540;1638;11730;11651;1;276;-2.14748e+09;-1.57874e+06;-1;0;0;0;-1;0;890010572;912414433;75779597
1804;5.32765e-15;-570;1683;11744;11730;1;263;-2.14748e+09;-1.5757e+06;-1;0;0;0;-1;0;890134380;912562679;75829333
1804;5.27367e-15;-540;1638;11730;11651;1;276;-2.14748e+09;-1.5757e+06;-1;0;0;0;-1;0;890134380;912562679;75829333
1805;5.32765e-15;-570;1683;11744;11730;1;263;-2.14748e+09;-1.57257e+06;-1;0;0;0;-1;0;890257944;912710656;75878996
1805;5.27367e-15;-541;1638;11730;11651;1;276;-2.14748e+09;-1.57257e+06;0;0;0;0;0;0;890257944;912710656;75878996
1806;5.32765e-15;-571;1683;11744;11730;1;263;-2.14748e+09;-1.56954e+06;0;0;0;0;0;0;890381263;912858364;75928583
1806;5.27367e-15;-542;1638;11730;11651;1;276;-2.14748e+09;-1.56954e+06;0;0;0;0;0;0;890381263;912858364;75928583
1807;5.32765e-15;-572;1683;11744;11730;1;263;-2.14748e+09;-1.56652e+06;0;0;0;0;0;0;890504338;913005805;75978096
1807;5.27367e-15;-543;1638;11730;11651;1;276;-2.14748e+09;-1.56652e+06;0;0;0;0;0;0;890504338;913005804;75978096
1808;5.32765e-15;-573;1683;11744;11730;1;263;-2.14748e+09;-1.5635e+06;0;0;0;0;0;0;890627169;913152977;76027534
1808;5.27367e-15;-544;1638;11730;11651;1;276;-2.14748e+09;-1.5635e+06;0;0;0;0;0;0;890627169;913152977;76027534
1809;5.32765e-15;-574;1683;11744;11730;1;263;-2.14748e+09;-1.56049e+06;0;0;0;0;0;0;890749757;913299882;76076898
1809;5.27367e-15;-544;1638;11730;11651;1;276;-2.14748e+09;-1.56049e+06;-1;0;0;0;-1;0;890749757;913299882;76076898
1810;5.32765e-15;-575;1683;11744;11730;1;263;-2.14748e+09;-1.55749e+06;0;0;0;0;0;0;890872103;913446520;76126188
1810;5.27367e-15;-545;1638;11730;11651;1;276;-2.14748e+09;-1.55749e+06;0;0;0;0;0;0;890872103;913446520;76126188
1811;5.32765e-15;-575;1683;11744;11730;1;263;-2.14748e+09;-1.55449e+06;-1;0;0;0;-1;0;890994207;913592893;76175403
1811;5.27367e-15;-545;1638;11730;11651;1;276;-2.14748e+09;-1.55449e+06;-1;0;0;0;-1;0;890994207;913592893;76175403
1812;5.32765e-15;-576;1683;11744;11730;1;263;-2.14748e+09;-1.5515e+06;0;0;0;0;0;0;891116070;913738999;76224544
1812;5.27367e-15;-545;1638;11730;11651;1;276;-2.14748e+09;-1.5515e+06;-1;0;0;0;-1;0;891116070;913738999;76224544
1813;5.32765e-15;-576;1683;11744;11730;1;263;-2.14748e+09;-1.54852e+06;-1;0;0;0;-1;0;891237691;913884840;76273611
1813;5.27367e-15;-545;1638;11730;11651;1;276;-2.14748e+09;-1.54852e+06;-1;0;0;0;-1;0;891237691;913884840;76273611
1814;5.32765e-15;-576;1683;11744;11730;1;263;-2.14748e+09;-1.54554e+06;-1;0;0;0;-1;0;891359072;914030417;76322605
1814;5.27367e-15;-546;1638;11730;11651;1;276;-2.14748e+09;-1.54554e+06;0;0;0;0;0;0;891359072;914030417;76322605
1815;5.32765e-15;-576;1683;11744;11730;1;263;-2.14748e+09;-1.54257e+06;-1;0;0;0;-1;0;891480214;914175729;76371524
1815;5.27367e-15;-547;1638;11730;11651;1;276;-2.14748e+09;-1.54257e+06;0;0;0;0;0;0;891480214;914175729;76371524
1816;5.32765e-15;-577;1683;11744;11730;1;263;-2.14748e+09;-1.5396e+06;0;0;0;0;0;0;891601116;914320777;76420369
1816;5.27367e-15;-548;1638;11730;11651;1;276;-2.14748e+09;-1.5396e+06;0;0;0;0;0;0;891601116;914320777;76420369
1817;5.32765e-15;-578;1683;11744;11730;1;263;-2.14748e+09;-1.53664e+06;0;0;0;0;0;0;891721779;914465563;76469141
1817;5.27367e-15;-549;1638;11730;11651;1;276;-2.14748e+09;-1.53664e+06;0;0;0;0;0;0;891721779;914465563;76469141
1818;5.32765e-15;-578;1683;11744;11730;1;263;-2.14748e+09;-1.53369e+06;-1;0;0;0;-1;0;891842203;914610085;76517839
1818;5.27367e-15;-549;1638;11730;11651;1;276;-2.14748e+09;-1.53369e+06;-1;0;0;0;-1;0;891842203;914610085;76517839
1819;5.32765e-15;-579;1683;11744;11730;1;263;-2.14748e+09;-1.53074e+06;0;0;0;0;0;0;891962390;914754346;76566463
1819;5.27367e-15;-550;1638;11730;11651;1;276;-2.14748e+09;-1.53074e+06;0;0;0;0;0;0;891962390;914754346;76566463
1820;5.32765e-15;-579;1683;11744;11730;1;263;-2.14748e+09;-1.5278e+06;-1;0;0;0;-1;0;892082340;914898344;76615014
1820;5.27367e-15;-551;1638;11730;11651;1;276;-2.14748e+09;-1.5278e+06;0;0;0;0;0;0;892082340;914898344;76615014
1821;5.32765e-15;-579;1683;11744;11730;1;263;-2.14748e+09;-1.52487e+06;-1;0;0;0;-1;0;892202052;915042082;76663491
1821;5.27367e-15;-551;1638;11730;11651;1;276;-2.14748e+09;-1.52487e+06;-1;0;0;0;-1;0;892202052;915042082;76663491
1822;5.32765e-15;-580;1683;11744;11730;1;263;-2.14748e+09;-1.52194e+06;0;0;0;0;0;0;892321529;915185558;76711895
1822;5.27367e-15;-552;1638;11730;11651;1;276;-2.14748e+09;-1.52194e+06;0;0;0;0;0;0;892321529;915185558;76711895
1823;5.32765e-15;-581;1683;11744;11730;1;263;-2.14748e+09;-1.51902e+06;0;0;0;0;0;0;892440769;915328774;76760226
1823;5.27367e-15;-552;1638;11730;11651;1;276;-2.14748e+09;-1.51902e+06;-1;0;0;0;-1;0;892440769;915328774;76760226
1824;5.32765e-15;-582;1683;11744;11730;1;263;-2.14748e+09;-1.5161e+06;0;0;0;0;0;0;892559774;915471731;76808483
1824;5.27367e-15;-552;1638;11730;11651;1;276;-2.14748e+09;-1.5161e+06;-1;0;0;0;-1;0;892559774;915471731;76808483
1825;5.32765e-15;-582;1683;11744;11730;1;263;-2.14748e+09;-1.51319e+06;-1;0;0;0;-1;0;892678544;915614428;76856668
1825;5.27367e-15;-553;1638;11730;11651;1;276;-2.14748e+09;-1.51319e+06;0;0;0;0;0;0;892678544;915614428;76856668
1826;5.32765e-15;-582;1683;11744;11730;1;263;-2.14748e+09;-1.51028e+06;-1;0;0;0;-1;0;892797080;915756867;76904779
1826;5.27367e-15;-553;1638;11730;11651;1;276;-2.14748e+09;-1.51028e+06;-1;0;0;0;-1;0;892797080;915756867;76904779
1827;5.32765e-15;-583;1683;11744;11730;1;263;-2.14748e+09;-1.50738e+06;0;0;0;0;0;0;892915383;915899047;76952817
1827;5.27367e-15;-554;1638;11730;11651;1;276;-2.14748e+09;-1.50738e+06;0;0;0;0;0;0;892915383;915899047;76952817
1828;5.32765e-15;-584;1683;11744;11730;1;263;-2.14748e+09;-1.50449e+06;0;0;0;0;0;0;893033451;916040969;77000783
1828;5.27367e-15;-555;1638;11730;11651;1;276;-2.14748e+09;-1.50449e+06;0;0;0;0;0;0;893033451;916040969;77000783
1829;5.32765e-15;-584;1683;11744;11730;1;263;-2.14748e+09;-1.5016e+06;-1;0;0;0;-1;0;893151287;916182634;77048675
1829;5.27367e-15;-556;1638;11730;11651;1;276;-2.14748e+09;-1.5016e+06;0;0;0;0;0;0;893151287;916182634;77048675
1830;5.32765e-15;-584;1683;11744;11730;1;263;-2.14748e+09;-1.49872e+06;-1;0;0;0;-1;0;893268891;916324042;77096495
1830;5.27367e-15;-556;1638;11730;11651;1;276;-2.14748e+09;-1.49872e+06;-1;0;0;0;-1;0;893268891;916324042;77096495
1831;5.32765e-15;-585;1683;11744;11730;1;263;-2.14748e+09;-1.49595e+06;0;0;0;0;0;0;893386263;916465194;77144243
1831;5.27367e-15;-556;1638;11730;11651;1;276;-2.14748e+09;-1.49595e+06;-1;0;0;0;-1;0;893386263;916465194;77144243
1832;5.32765e-15;-585;1683;11744;11730;1;263;-2.14748e+09;-1.49298e+06;-1;0;0;0;-1;0;893503404;916606090;77191917
1832;5.27367e-15;-556;1638;11730;11651;1;276;-2.14748e+09;-1.49298e+06;-1;0;0;0;-1;0;893503404;916606090;77191917
1833;5.32765e-15;-586;1683;11744;11730;1;263;-2.14748e+09;-1.49022e+06;0;0;0;0;0;0;893620313;916746730;77239520
1833;5.27367e-15;-556;1638;11730;11651;1;276;-2.14748e+09;-1.49012e+06;-1;0;0;0;-1;0;893620313;916746730;77239520
1834;5.32765e-15;-586;1683;11744;11730;1;263;-2.14748e+09;-1.48726e+06;-1;0;0;0;-1;0;893736993;916887115;77287049
1834;5.27367e-15;-556;1638;11730;11651;1;276;-2.14748e+09;-1.48726e+06;-1;0;0;0;-1;0;893736993;916887115;77287049
1835;5.32765e-15;-586;1683;11744;11730;1;263;-2.14748e+09;-1.48441e+06;-1;0;0;0;-1;0;893853442;917027246;77334507
1835;5.27367e-15;-556;1638;11730;11651;1;276;-2.14748e+09;-1.48441e+06;-1;0;0;0;-1;0;893853442;917027246;77334507
1836;5.32765e-15;-586;1683;11744;11730;1;263;-2.14748e+09;-1.48156e+06;-1;0;0;0;-1;0;893969662;917167123;77381892
1836;5.27367e-15;-557;1638;11730;11651;1;276;-2.14748e+09;-1.48156e+06;0;0;0;0;0;0;893969662;917167123;77381892
1837;5.32765e-15;-586;1683;11744;11730;1;263;-2.14748e+09;-1.47872e+06;-1;0;0;0;-1;0;894085653;917306747;77429205
1837;5.27367e-15;-558;1638;11730;11651;1;276;-2.14748e+09;-1.47872e+06;0;0;0;0;0;0;894085653;917306747;77429205
1838;5.32765e-15;-586;1683;11744;11730;1;263;-2.14748e+09;-1.47589e+06;-1;0;0;0;-1;0;894201416;917446117;77476446
1838;5.27367e-15;-558;1638;11730;11651;1;276;-2.14748e+09;-1.47589e+06;-1;0;0;0;-1;0;894201416;917446117;77476446
1839;5.32765e-15;-587;1683;11744;11730;1;263;-2.14748e+09;-1.47306e+06;0;0;0;0;0;0;894316951;917585235;77523615
1839;5.27367e-15;-558;1638;11730;11651;1;276;-2.14748e+09;-1.47306e+06;-1;0;0;0;-1;0;894316951;917585235;77523615
1840;5.32765e-15;-587;1683;11744;11730;1;263;-2.14748e+09;-1.47024e+06;-1;0;0;0;-1;0;894432259;917724101;77570712
1840;5.27367e-15;-558;1638;11730;11651;1;276;-2.14748e+09;-1.47024e+06;-1;0;0;0;-1;0;894432259;917724101;77570712
1841;5.32765e-15;-587;1683;11744;11730;1;263;-2.14748e+09;-1.46742e+06;-1;0;0;0;-1;0;894547339;917862715;77617738
1841;5.27367e-15;-558;1638;11730;11651;1;276;-2.14748e+09;-1.46742e+06;-1;0;0;0;-1;0;894547339;917862715;77617738
1842;5.32765e-15;-587;1683;11744;11730;1;263;-2.14748e+09;-1.46462e+06;-1;0;0;0;-1;0;894662193;918001078;77664691
1842;5.27367e-15;-559;1638;11730;11651;1;276;-2.14748e+09;-1.46462e+06;0;0;0;0;0;0;894662193;918001078;77664691
1843;5.32765e-15;-588;1683;11744;11730;1;263;-2.14748e+09;-1.46181e+06;0;0;0;0;0;0;894776821;918139190;77711573
1843;5.27367e-15;-560;1638;11730;11651;1;276;-2.14748e+09;-1.46181e+06;0;0;0;0;0;0;894776821;918139190;77711573
1844;5.32765e-15;-589;1683;11744;11730;1;263;-2.14748e+09;-1.45901e+06;0;0;0;0;0;0;894891224;918277053;77758383
1844;5.27367e-15;-560;1638;11730;11651;1;276;-2.14748e+09;-1.45901e+06;-1;0;0;0;-1;0;894891224;918277053;77758383
1845;5.32765e-15;-590;1683;11744;11730;1;263;-2.14748e+09;-1.45622e+06;0;0;0;0;0;0;895005402;918414665;77805122
1845;5.27367e-15;-560;1638;11730;11651;1;276;-2.14748e+09;-1.45622e+06;-1;0;0;0;-1;0;895005402;918414665;77805122
1846;5.32765e-15;-591;1683;11744;11730;1;263;-2.14748e+09;-1.45343e+06;0;0;0;0;0;0;895119355;918552028;77851789
1846;5.27367e-15;-561;1638;11730;11651;1;276;-2.14748e+09;-1.45343e+06;0;0;0;0;0;0;895119355;918552028;77851789
1847;5.32765e-15;-591;1683;11744;11730;1;263;-2.14748e+09;-1.45075e+06;-1;0;0;0;-1;0;895233084;918689143;77898385
1847;5.27367e-15;-562;1638;11730;11651;1;276;-2.14748e+09;-1.45075e+06;0;0;0;0;0;0;895233084;918689143;77898385
1848;5.32765e-15;-591;1683;11744;11730;1;263;-2.14748e+09;-1.44788e+06;-1;0;0;0;-1;0;895346589;918826009;77944910
1848;5.27367e-15;-562;1638;11730;11651;1;276;-2.14748e+09;-1.44788e+06;-1;0;0;0;-1;0;895346589;918826009;77944910
1849;5.32765e-15;-591;1683;11744;11730;1;263;-2.14748e+09;-1.4451e+06;-1;0;0;0;-1;0;895459871;918962627;77991363
1849;5.27367e-15;-562;1638;11730;11651;1;276;-2.14748e+09;-1.4451e+06;-1;0;0;0;-1;0;895459871;918962627;77991363
1850;5.32765e-15;-592;1683;11744;11730;1;263;-2.14748e+09;-1.44234e+06;0;0;0;0;0;0;895572931;919098998;78037746
1850;5.27367e-15;-563;1638;11730;11651;1;276;-2.14748e+09;-1.44234e+06;0;0;0;0;0;0;895572931;919098998;78037746
1851;5.32765e-15;-592;1683;11744;11730;1;263;-2.14748e+09;-1.43958e+06;-1;0;0;0;-1;0;895685768;919235121;78084057
1851;5.27367e-15;-563;1638;11730;11651;1;276;-2.14748e+09;-1.43958e+06;-1;0;0;0;-1;0;895685768;919235121;78084057
1852;5.32765e-15;-592;1683;11744;11730;1;263;-2.14748e+09;-1.43693e+06;-1;0;0;0;-1;0;895798384;919370999;78130297
1852;5.27367e-15;-563;1638;11730;11651;1;276;-2.14748e+09;-1.43693e+06;-1;0;0;0;-1;0;895798384;919370999;78130297
1853;5.32765e-15;-592;1683;11744;11730;1;263;-2.14748e+09;-1.43408e+06;-1;0;0;0;-1;0;895910778;919506630;78176467
1853;5.27367e-15;-563;1638;11730;11651;1;276;-2.14748e+09;-1.43408e+06;-1;0;0;0;-1;0;895910778;919506630;78176467
1854;5.32765e-15;-593;1683;11744;11730;1;263;-2.14748e+09;-1.43134e+06;0;0;0;0;0;0;896022952;919642016;78222566
1854;5.27367e-15;-564;1638;11730;11651;1;276;-2.14748e+09;-1.43134e+06;0;0;0;0;0;0;896022952;919642016;78222566
1855;5.32765e-15;-594;1683;11744;11730;1;263;-2.14748e+09;-1.4286e+06;0;0;0;0;0;0;896134905;919777157;78268594
1855;5.27367e-15;-564;1638;11730;11651;1;276;-2.14748e+09;-1.4286e+06;-1;0;0;0;-1;0;896134905;919777157;78268594
1856;5.32765e-15;-595;1683;11744;11730;1;263;-2.14748e+09;-1.42587e+06;0;0;0;0;0;0;896246639;919912053;78314551
1856;5.27367e-15;-564;1638;11730;11651;1;276;-2.14748e+09;-1.42587e+06;-1;0;0;0;-1;0;896246639;919912053;78314551
1857;5.32765e-15;-595;1683;11744;11730;1;263;-2.14748e+09;-1.42315e+06;-1;0;0;0;-1;0;896358153;920046704;78360438
1857;5.27367e-15;-565;1638;11730;11651;1;276;-2.14748e+09;-1.42315e+06;0;0;0;0;0;0;896358153;920046704;78360438
1858;5.32765e-15;-595;1683;11744;11730;1;263;-2.14748e+09;-1.42043e+06;-1;0;0;0;-1;0;896469448;920181113;78406254
1858;5.27367e-15;-566;1638;11730;11651;1;276;-2.14748e+09;-1.42043e+06;0;0;0;0;0;0;896469448;920181113;78406254
1859;5.32765e-15;-595;1683;11744;11730;1;263;-2.14748e+09;-1.41771e+06;-1;0;0;0;-1;0;896580525;920315277;78452000
1859;5.27367e-15;-567;1638;11730;11651;1;276;-2.14748e+09;-1.41771e+06;0;0;0;0;0;0;896580525;920315277;78452000
1860;5.32765e-15;-596;1683;11744;11730;1;263;-2.14748e+09;-1.41501e+06;0;0;0;0;0;0;896691384;920449199;78497676
1860;5.27367e-15;-568;1638;11730;11651;1;276;-2.14748e+09;-1.41501e+06;0;0;0;0;0;0;896691384;920449199;78497676
1861;5.32765e-15;-597;1683;11744;11730;1;263;-2.14748e+09;-1.4123e+06;0;0;0;0;0;0;896802025;920582879;78543282
1861;5.27367e-15;-568;1638;11730;11651;1;276;-2.14748e+09;-1.4123e+06;-1;0;0;0;-1;0;896802025;920582879;78543282
1862;5.32765e-15;-597;1683;11744;11730;1;263;-2.14748e+09;-1.40961e+06;-1;0;0;0;-1;0;896912449;920716317;78588817
1862;5.27367e-15;-568;1638;11730;11651;1;276;-2.14748e+09;-1.40961e+06;-1;0;0;0;-1;0;896912449;920716317;78588817
1863;5.32765e-15;-598;1683;11744;11730;1;263;-2.14748e+09;-1.40691e+06;0;0;0;0;0;0;897022657;920849513;78634282
1863;5.27367e-15;-569;1638;11730;11651;1;276;-2.14748e+09;-1.40691e+06;0;0;0;0;0;0;897022657;920849513;78634282
1864;5.32765e-15;-599;1683;11744;11730;1;263;-2.14748e+09;-1.40423e+06;0;0;0;0;0;0;897132648;920982468;78679678
1864;5.27367e-15;-570;1638;11730;11651;1;276;-2.14748e+09;-1.40423e+06;0;0;0;0;0;0;897132648;920982468;78679678
1865;5.32765e-15;-599;1683;11744;11730;1;263;-2.14748e+09;-1.40155e+06;-1;0;0;0;-1;0;897242424;921115183;78725003
1865;5.27367e-15;-571;1638;11730;11651;1;276;-2.14748e+09;-1.40155e+06;0;0;0;0;0;0;897242424;921115183;78725003
1866;5.32765e-15;-599;1683;11744;11730;1;263;-2.14748e+09;-1.39887e+06;-1;0;0;0;-1;0;897351984;921247657;78770259
1866;5.27367e-15;-572;1638;11730;11651;1;276;-2.14748e+09;-1.39887e+06;0;0;0;0;0;0;897351984;921247657;78770259
1867;5.32765e-15;-599;1683;11744;11730;1;263;-2.14748e+09;-1.3962e+06;-1;0;0;0;-1;0;897461330;921379892;78815445
1867;5.27367e-15;-573;1638;11730;11651;1;276;-2.14748e+09;-1.3962e+06;0;0;0;0;0;0;897461330;921379892;78815445
1868;5.32765e-15;-599;1683;11744;11730;1;263;-2.14748e+09;-1.39354e+06;-1;0;0;0;-1;0;897570461;921511888;78860561
1868;5.27367e-15;-573;1638;11730;11651;1;276;-2.14748e+09;-1.39354e+06;-1;0;0;0;-1;0;897570461;921511888;78860561
1869;5.32765e-15;-600;1683;11744;11730;1;263;-2.14748e+09;-1.39088e+06;0;0;0;0;0;0;897679379;921643645;78905608
1869;5.27367e-15;-574;1638;11730;11651;1;276;-2.14748e+09;-1.39088e+06;0;0;0;0;0;0;897679379;921643645;78905608
1870;5.32765e-15;-601;1683;11744;11730;1;263;-2.14748e+09;-1.38823e+06;0;0;0;0;0;0;897788083;921775163;78950585
1870;5.27367e-15;-574;1638;11730;11651;1;276;-2.14748e+09;-1.38823e+06;-1;0;0;0;-1;0;897788083;921775163;78950585
1871;5.32765e-15;-601;1683;11744;11730;1;263;-2.14748e+09;-1.38558e+06;-1;0;0;0;-1;0;897896574;921906444;78995493
1871;5.27367e-15;-575;1638;11730;11651;1;276;-2.14748e+09;-1.38558e+06;0;0;0;0;0;0;897896574;921906444;78995493
1872;5.32765e-15;-602;1683;11744;11730;1;263;-2.14748e+09;-1.38294e+06;0;0;0;0;0;0;898004853;922037487;79040331
1872;5.27367e-15;-576;1638;11730;11651;1;276;-2.14748e+09;-1.38294e+06;0;0;0;0;0;0;898004853;922037487;79040331
1873;5.32765e-15;-602;1683;11744;11730;1;263;-2.14748e+09;-1.3803e+06;-1;0;0;0;-1;0;898112919;922168293;79085101
1873;5.27367e-15;-576;1638;11730;11651;1;276;-2.14748e+09;-1.3803e+06;-1;0;0;0;-1;0;898112919;922168293;79085101
1874;5.32765e-15;-602;1683;11744;11730;1;263;-2.14748e+09;-1.37767e+06;-1;0;0;0;-1;0;898220774;922298863;79129801
1874;5.27367e-15;-576;1638;11730;11651;1;276;-2.14748e+09;-1.37767e+06;-1;0;0;0;-1;0;898220774;922298863;79129801
1875;5.32765e-15;-602;1683;11744;11730;1;263;-2.14748e+09;-1.37504e+06;-1;0;0;0;-1;0;898328418;922429197;79174432
1875;5.27367e-15;-576;1638;11730;11651;1;276;-2.14748e+09;-1.37504e+06;-1;0;0;0;-1;0;898328418;922429197;79174432
1876;5.32765e-15;-603;1683;11744;11730;1;263;-2.14748e+09;-1.37242e+06;0;0;0;0;0;0;898435850;922559294;79218994
1876;5.27367e-15;-576;1638;11730;11651;1;276;-2.14748e+09;-1.37242e+06;-1;0;0;0;-1;0;898435850;922559294;79218994
1877;5.32765e-15;-604;1683;11744;11730;1;263;-2.14748e+09;-1.3699e+06;0;0;0;0;0;0;898543073;922689157;79263487
1877;5.27367e-15;-576;1638;11730;11651;1;276;-2.14748e+09;-1.3699e+06;-1;0;0;0;-1;0;898543073;922689157;79263487
1878;5.32765e-15;-605;1683;11744;11730;1;263;-2.14748e+09;-1.36719e+06;0;0;0;0;0;0;898650086;922818785;79307911
1878;5.27367e-15;-577;1638;11730;11651;1;276;-2.14748e+09;-1.36719e+06;0;0;0;0;0;0;898650086;922818785;79307911
1879;5.32765e-15;-605;1683;11744;11730;1;263;-2.14748e+09;-1.36459e+06;-1;0;0;0;-1;0;898756889;922948178;79352267
1879;5.27367e-15;-578;1638;11730;11651;1;276;-2.14748e+09;-1.36459e+06;0;0;0;0;0;0;898756889;922948178;79352267
1880;5.32765e-15;-605;1683;11744;11730;1;263;-2.14748e+09;-1.36209e+06;-1;0;0;0;-1;0;898863483;923077338;79396554
1880;5.27367e-15;-579;1638;11730;11651;1;276;-2.14748e+09;-1.36209e+06;0;0;0;0;0;0;898863483;923077338;79396554
1881;5.32765e-15;-605;1683;11744;11730;1;263;-2.14748e+09;-1.35939e+06;-1;0;0;0;-1;0;898969869;923206264;79440772
1881;5.27367e-15;-580;1638;11730;11651;1;276;-2.14748e+09;-1.35939e+06;0;0;0;0;0;0;898969869;923206264;79440772
1882;5.32765e-15;-606;1683;11744;11730;1;263;-2.14748e+09;-1.3568e+06;0;0;0;0;0;0;899076047;923334956;79484922
1882;5.27367e-15;-580;1638;11730;11651;1;276;-2.14748e+09;-1.3568e+06;-1;0;0;0;-1;0;899076047;923334956;79484922
1883;5.32765e-15;-606;1683;11744;11730;1;263;-2.14748e+09;-1.35422e+06;-1;0;0;0;-1;0;899182017;923463417;79529004
1883;5.27367e-15;-581;1638;11730;11651;1;276;-2.14748e+09;-1.35422e+06;0;0;0;0;0;0;899182017;923463417;79529004
1884;5.32765e-15;-607;1683;11744;11730;1;263;-2.14748e+09;-1.35164e+06;0;0;0;0;0;0;899287779;923591645;79573017
1884;5.27367e-15;-581;1638;11730;11651;1;276;-2.14748e+09;-1.35164e+06;-1;0;0;0;-1;0;899287779;923591645;79573017
1885;5.32765e-15;-607;1683;11744;11730;1;263;-2.14748e+09;-1.34907e+06;-1;0;0;0;-1;0;899393335;923719641;79616962
1885;5.27367e-15;-582;1638;11730;11651;1;276;-2.14748e+09;-1.34907e+06;0;0;0;0;0;0;899393335;923719641;79616962
1886;5.32765e-15;-607;1683;11744;11730;1;263;-2.14748e+09;-1.3465e+06;-1;0;0;0;-1;0;899498685;923847406;79660838
1886;5.27367e-15;-583;1638;11730;11651;1;276;-2.14748e+09;-1.3465e+06;0;0;0;0;0;0;899498685;923847406;79660838
1887;5.32765e-15;-608;1683;11744;11730;1;263;-2.14748e+09;-1.34393e+06;0;0;0;0;0;0;899603828;923974940;79704647
1887;5.27367e-15;-584;1638;11730;11651;1;276;-2.14748e+09;-1.34393e+06;0;0;0;0;0;0;899603828;923974940;79704647
1888;5.32765e-15;-608;1683;11744;11730;1;263;-2.14748e+09;-1.34138e+06;-1;0;0;0;-1;0;899708766;924102243;79748388
1888;5.27367e-15;-584;1638;11730;11651;1;276;-2.14748e+09;-1.34138e+06;-1;0;0;0;-1;0;899708766;924102243;79748388
1889;5.32765e-15;-609;1683;11744;11730;1;263;-2.14748e+09;-1.33882e+06;0;0;0;0;0;0;899813499;924229317;79792060
1889;5.27367e-15;-584;1638;11730;11651;1;276;-2.14748e+09;-1.33882e+06;-1;0;0;0;-1;0;899813499;924229317;79792060
1890;5.32765e-15;-610;1683;11744;11730;1;263;-2.14748e+09;-1.33628e+06;0;0;0;0;0;0;899918028;924356160;79835665
1890;5.27367e-15;-584;1638;11730;11651;1;276;-2.14748e+09;-1.33628e+06;-1;0;0;0;-1;0;899918028;924356160;79835665
1891;5.32765e-15;-611;1683;11744;11730;1;263;-2.14748e+09;-1.33373e+06;0;0;0;0;0;0;900022352;924482775;79879202
1891;5.27367e-15;-584;1638;11730;11651;1;276;-2.14748e+09;-1.33373e+06;-1;0;0;0;-1;0;900022352;924482775;79879202
1892;5.32765e-15;-612;1683;11744;11730;1;263;-2.14748e+09;-1.3312e+06;0;0;0;0;0;0;900126472;924609161;79922672
1892;5.27367e-15;-585;1638;11730;11651;1;276;-2.14748e+09;-1.3312e+06;0;0;0;0;0;0;900126472;924609161;79922672
1893;5.32765e-15;-613;1683;11744;11730;1;263;-2.14748e+09;-1.32866e+06;0;0;0;0;0;0;900230389;924735318;79966073
1893;5.27367e-15;-586;1638;11730;11651;1;276;-2.14748e+09;-1.32866e+06;0;0;0;0;0;0;900230389;924735318;79966073
1894;5.32765e-15;-614;1683;11744;11730;1;263;-2.14748e+09;-1.32614e+06;0;0;0;0;0;0;900334104;924861248;80009408
1894;5.27367e-15;-586;1638;11730;11651;1;276;-2.14748e+09;-1.32614e+06;-1;0;0;0;-1;0;900334104;924861248;80009408
1895;5.32765e-15;-615;1683;11744;11730;1;263;-2.14748e+09;-1.32361e+06;0;0;0;0;0;0;900437615;924986950;80052674
1895;5.27367e-15;-586;1638;11730;11651;1;276;-2.14748e+09;-1.32361e+06;-1;0;0;0;-1;0;900437615;924986950;80052674
1896;5.32765e-15;-616;1683;11744;11730;1;263;-2.14748e+09;-1.3211e+06;0;0;0;0;0;0;900540925;925112425;80095874
1896;5.27367e-15;-586;1638;11730;11651;1;276;-2.14748e+09;-1.3211e+06;-1;0;0;0;-1;0;900540925;925112425;80095874
1897;5.32765e-15;-617;1683;11744;11730;1;263;-2.14748e+09;-1.31858e+06;0;0;0;0;0;0;900644032;925237673;80139006
1897;5.27367e-15;-587;1638;11730;11651;1;276;-2.14748e+09;-1.31858e+06;0;0;0;0;0;0;900644032;925237673;80139006
1898;5.32765e-15;-618;1683;11744;11730;1;263;-2.14748e+09;-1.31618e+06;0;0;0;0;0;0;900746939;925362695;80182071
1898;5.27367e-15;-587;1638;11730;11651;1;276;-2.14748e+09;-1.31618e+06;-1;0;0;0;-1;0;900746939;925362695;80182071
1899;5.32765e-15;-619;1683;11744;11730;1;263;-2.14748e+09;-1.31368e+06;0;0;0;0;0;0;900849645;925487491;80225069
1899;5.27367e-15;-587;1638;11730;11651;1;276;-2.14748e+09;-1.31368e+06;-1;0;0;0;-1;0;900849645;925487491;80225069
1900;5.32765e-15;-620;1683;11744;11730;1;263;-2.14748e+09;-1.31108e+06;0;0;0;0;0;0;900952150;925612062;80268000
1900;5.27367e-15;-587;1638;11730;11651;1;276;-2.14748e+09;-1.31108e+06;-1;0;0;0;-1;0;900952150;925612062;80268000
1901;5.32765e-15;-621;1683;11744;11730;1;263;-2.14748e+09;-1.30859e+06;0;0;0;0;0;0;901054456;925736408;80310864
1901;5.27367e-15;-587;1638;11730;11651;1;276;-2.14748e+09;-1.30859e+06;-1;0;0;0;-1;0;901054456;925736408;80310864
1902;5.32765e-15;-621;1683;11744;11730;1;263;-2.14748e+09;-1.3061e+06;-1;0;0;0;-1;0;901156561;925860529;80353661
1902;5.27367e-15;-587;1638;11730;11651;1;276;-2.14748e+09;-1.3061e+06;-1;0;0;0;-1;0;901156561;925860529;80353661
1903;5.32765e-15;-622;1683;11744;11730;1;263;-2.14748e+09;-1.30362e+06;0;0;0;0;0;0;901258468;925984426;80396391
1903;5.27367e-15;-587;1638;11730;11651;1;276;-2.14748e+09;-1.30362e+06;-1;0;0;0;-1;0;901258468;925984426;80396391
1904;5.32765e-15;-623;1683;11744;11730;1;263;-2.14748e+09;-1.30114e+06;0;0;0;0;0;0;901360176;926108099;80439055
1904;5.27367e-15;-587;1638;11730;11651;1;276;-2.14748e+09;-1.30114e+06;-1;0;0;0;-1;0;901360176;926108099;80439055
1905;5.32765e-15;-624;1683;11744;11730;1;263;-2.14748e+09;-1.29867e+06;0;0;0;0;0;0;901461685;926231549;80481652
1905;5.27367e-15;-587;1638;11730;11651;1;276;-2.14748e+09;-1.29867e+06;-1;0;0;0;-1;0;901461685;926231549;80481652
1906;5.32765e-15;-624;1683;11744;11730;1;263;-2.14748e+09;-1.2962e+06;-1;0;0;0;-1;0;901562997;926354776;80524183
1906;5.27367e-15;-588;1638;11730;11651;1;276;-2.14748e+09;-1.2962e+06;0;0;0;0;0;0;901562997;926354776;80524183
1907;5.32765e-15;-625;1683;11744;11730;1;263;-2.14748e+09;-1.29374e+06;0;0;0;0;0;0;901664111;926477781;80566647
1907;5.27367e-15;-589;1638;11730;11651;1;276;-2.14748e+09;-1.29374e+06;0;0;0;0;0;0;901664111;926477781;80566647
1908;5.32765e-15;-625;1683;11744;11730;1;263;-2.14748e+09;-1.29129e+06;-1;0;0;0;-1;0;901765028;926600563;80609044
1908;5.27367e-15;-590;1638;11730;11651;1;276;-2.14748e+09;-1.29129e+06;0;0;0;0;0;0;901765028;926600563;80609044
1909;5.32765e-15;-625;1683;11744;11730;1;263;-2.14748e+09;-1.28884e+06;-1;0;0;0;-1;0;901865749;926723124;80651376
1909;5.27367e-15;-590;1638;11730;11651;1;276;-2.14748e+09;-1.28884e+06;-1;0;0;0;-1;0;901865749;926723124;80651376
1910;5.32765e-15;-625;1683;11744;11730;1;263;-2.14748e+09;-1.28639e+06;-1;0;0;0;-1;0;901966273;926845463;80693641
1910;5.27367e-15;-590;1637;11730;11651;1;276;-2.14748e+09;-1.28639e+06;0;0;0;0;0;0;901966273;926845463;80693641
1911;5.32765e-15;-625;1683;11744;11730;1;263;-2.14748e+09;-1.28395e+06;-1;0;0;0;-1;0;902066601;926967582;80735840
1911;5.27367e-15;-591;1637;11730;11651;1;276;-2.14748e+09;-1.28395e+06;0;0;0;0;0;0;902066601;926967582;80735840
1912;5.32765e-15;-626;1683;11744;11730;1;263;-2.14748e+09;-1.28151e+06;0;0;0;0;0;0;902166734;927089480;80777973
1912;5.27367e-15;-591;1637;11730;11651;1;276;-2.14748e+09;-1.28151e+06;-1;0;0;0;-1;0;902166734;927089480;80777973
1913;5.32765e-15;-627;1683;11744;11730;1;263;-2.14748e+09;-1.27908e+06;0;0;0;0;0;0;902266672;927211158;80820040
1913;5.27367e-15;-592;1637;11730;11651;1;276;-2.14748e+09;-1.27908e+06;0;0;0;0;0;0;902266672;927211158;80820040
1914;5.32765e-15;-627;1683;11744;11730;1;263;-2.14748e+09;-1.27665e+06;-1;0;0;0;-1;0;902366415;927332616;80862041
1914;5.27367e-15;-593;1637;11730;11651;1;276;-2.14748e+09;-1.27665e+06;0;0;0;0;0;0;902366415;927332616;80862041
1915;5.32765e-15;-627;1683;11744;11730;1;263;-2.14748e+09;-1.27423e+06;-1;0;0;0;-1;0;902465964;927453855;80903976
1915;5.27367e-15;-594;1637;11730;11651;1;276;-2.14748e+09;-1.27423e+06;0;0;0;0;0;0;902465964;927453855;80903976
1916;5.32765e-15;-627;1683;11744;11730;1;263;-2.14748e+09;-1.27181e+06;-1;0;0;0;-1;0;902565319;927574876;80945846
1916;5.27367e-15;-594;1637;11730;11651;1;276;-2.14748e+09;-1.27181e+06;-1;0;0;0;-1;0;902565319;927574876;80945846
1917;5.32765e-15;-628;1683;11744;11730;1;263;-2.14748e+09;-1.2694e+06;0;0;0;0;0;0;902664481;927695677;80987650
1917;5.27367e-15;-595;1637;11730;11651;1;276;-2.14748e+09;-1.2694e+06;0;0;0;0;0;0;902664481;927695677;80987650
1918;5.32765e-15;-628;1683;11744;11730;1;263;-2.14748e+09;-1.26699e+06;-1;0;0;0;-1;0;902763450;927816261;81029389
1918;5.27367e-15;-595;1637;11730;11651;1;276;-2.14748e+09;-1.26699e+06;-1;0;0;0;-1;0;902763450;927816261;81029389
1919;5.32765e-15;-629;1683;11744;11730;1;263;-2.14748e+09;-1.26459e+06;0;0;0;0;0;0;902862226;927936627;81071062
1919;5.27367e-15;-595;1637;11730;11651;1;276;-2.14748e+09;-1.26459e+06;-1;0;0;0;-1;0;902862226;927936627;81071062
1920;5.32765e-15;-629;1683;11744;11730;1;263;-2.14748e+09;-1.26219e+06;-1;0;0;0;-1;0;902960810;928056776;81112669
1920;5.27367e-15;-596;1637;11730;11651;1;276;-2.14748e+09;-1.26219e+06;0;0;0;0;0;0;902960810;928056776;81112669
1921;5.32765e-15;-629;1683;11744;11730;1;263;-2.14748e+09;-1.2598e+06;-1;0;0;0;-1;0;903059202;928176708;81154212
1921;5.27367e-15;-597;1637;11730;11651;1;276;-2.14748e+09;-1.2598e+06;0;0;0;0;0;0;903059202;928176708;81154212
1922;5.32765e-15;-630;1683;11744;11730;1;263;-2.14748e+09;-1.25741e+06;0;0;0;0;0;0;903157402;928296424;81195689
1922;5.27367e-15;-598;1637;11730;11651;1;276;-2.14748e+09;-1.25741e+06;0;0;0;0;0;0;903157402;928296424;81195689
1923;5.32765e-15;-630;1683;11744;11730;1;263;-2.14748e+09;-1.25512e+06;-1;0;0;0;-1;0;903255412;928415924;81237101
1923;5.27367e-15;-599;1637;11730;11651;1;276;-2.14748e+09;-1.25512e+06;0;0;0;0;0;0;903255412;928415924;81237101
1924;5.32765e-15;-630;1683;11744;11730;1;263;-2.14748e+09;-1.25265e+06;-1;0;0;0;-1;0;903353231;928535208;81278448
1924;5.27367e-15;-599;1637;11730;11651;1;276;-2.14748e+09;-1.25265e+06;-1;0;0;0;-1;0;903353231;928535208;81278448
1925;5.32765e-15;-630;1683;11744;11730;1;263;-2.14748e+09;-1.25027e+06;-1;0;0;0;-1;0;903450860;928654277;81319730
1925;5.27367e-15;-599;1637;11730;11651;1;276;-2.14748e+09;-1.25027e+06;-1;0;0;0;-1;0;903450860;928654277;81319730
1926;5.32765e-15;-630;1683;11744;11730;1;263;-2.14748e+09;-1.248e+06;-1;0;0;0;-1;0;903548299;928773131;81360947
1926;5.27367e-15;-600;1637;11730;11651;1;276;-2.14748e+09;-1.248e+06;0;0;0;0;0;0;903548299;928773131;81360947
1927;5.32765e-15;-631;1683;11744;11730;1;263;-2.14748e+09;-1.24554e+06;0;0;0;0;0;0;903645548;928891770;81402099
1927;5.27367e-15;-601;1637;11730;11651;1;276;-2.14748e+09;-1.24554e+06;0;0;0;0;0;0;903645548;928891770;81402099
1928;5.32765e-15;-632;1683;11744;11730;1;263;-2.14748e+09;-1.24318e+06;0;0;0;0;0;0;903742609;929010196;81443187
1928;5.27367e-15;-602;1637;11730;11651;1;276;-2.14748e+09;-1.24318e+06;0;0;0;0;0;0;903742609;929010196;81443187
1929;5.32765e-15;-633;1683;11744;11730;1;263;-2.14748e+09;-1.24082e+06;0;0;0;0;0;0;903839481;929128408;81484209
1929;5.27367e-15;-602;1637;11730;11651;1;276;-2.14748e+09;-1.24082e+06;-1;0;0;0;-1;0;903839481;929128408;81484209
1930;5.32765e-15;-634;1683;11744;11730;1;263;-2.14748e+09;-1.23847e+06;0;0;0;0;0;0;903936164;929246406;81525168
1930;5.27367e-15;-602;1637;11730;11651;1;276;-2.14748e+09;-1.23847e+06;-1;0;0;0;-1;0;903936164;929246406;81525168
1931;5.32765e-15;-635;1683;11744;11730;1;263;-2.14748e+09;-1.23613e+06;0;0;0;0;0;0;904032660;929364192;81566062
1931;5.27367e-15;-603;1637;11730;11651;1;276;-2.14748e+09;-1.23613e+06;0;0;0;0;0;0;904032660;929364192;81566062
1932;5.32765e-15;-636;1683;11744;11730;1;263;-2.14748e+09;-1.23378e+06;0;0;0;0;0;0;904128968;929481765;81606891
1932;5.27367e-15;-603;1637;11730;11651;1;276;-2.14748e+09;-1.23378e+06;-1;0;0;0;-1;0;904128968;929481765;81606891
1933;5.32765e-15;-637;1683;11744;11730;1;263;-2.14748e+09;-1.23155e+06;0;0;0;0;0;0;904225089;929599126;81647656
1933;5.27367e-15;-603;1637;11730;11651;1;276;-2.14748e+09;-1.23155e+06;-1;0;0;0;-1;0;904225089;929599126;81647656
1934;5.32765e-15;-637;1683;11744;11730;1;263;-2.14748e+09;-1.22912e+06;-1;0;0;0;-1;0;904321023;929716276;81688357
1934;5.27367e-15;-604;1637;11730;11651;1;276;-2.14748e+09;-1.22912e+06;0;0;0;0;0;0;904321023;929716276;81688357
1935;5.32765e-15;-637;1683;11744;11730;1;263;-2.14748e+09;-1.22679e+06;-1;0;0;0;-1;0;904416771;929833214;81728994
1935;5.27367e-15;-605;1637;11730;11651;1;276;-2.14748e+09;-1.22679e+06;0;0;0;0;0;0;904416771;929833214;81728994
1936;5.32765e-15;-638;1683;11744;11730;1;263;-2.14748e+09;-1.22447e+06;0;0;0;0;0;0;904512333;929949941;81769566
1936;5.27367e-15;-605;1637;11730;11651;1;276;-2.14748e+09;-1.22447e+06;-1;0;0;0;-1;0;904512333;929949941;81769566
1937;5.32765e-15;-638;1683;11744;11730;1;263;-2.14748e+09;-1.22215e+06;-1;0;0;0;-1;0;904607710;930066458;81810075
1937;5.27367e-15;-605;1637;11730;11651;1;276;-2.14748e+09;-1.22215e+06;-1;0;0;0;-1;0;904607710;930066458;81810075
1938;5.32765e-15;-639;1683;11744;11730;1;263;-2.14748e+09;-1.21994e+06;0;0;0;0;0;0;904702901;930182764;81850519
1938;5.27367e-15;-605;1637;11730;11651;1;276;-2.14748e+09;-1.21994e+06;-1;0;0;0;-1;0;904702901;930182764;81850519
1939;5.32765e-15;-639;1683;11744;11730;1;263;-2.14748e+09;-1.21763e+06;-1;0;0;0;-1;0;904797908;930298861;81890900
1939;5.27367e-15;-605;1637;11730;11651;1;276;-2.14748e+09;-1.21763e+06;-1;0;0;0;-1;0;904797908;930298861;81890900
1940;5.32765e-15;-640;1683;11744;11730;1;263;-2.14748e+09;-1.21522e+06;0;0;0;0;0;0;904892730;930414749;81931217
1940;5.27367e-15;-605;1637;11730;11651;1;276;-2.14748e+09;-1.21522e+06;-1;0;0;0;-1;0;904892730;930414749;81931217
1941;5.32765e-15;-640;1683;11744;11730;1;263;-2.14748e+09;-1.21293e+06;-1;0;0;0;-1;0;904987368;930530427;81971471
1941;5.27367e-15;-605;1637;11730;11651;1;276;-2.14748e+09;-1.21293e+06;-1;0;0;0;-1;0;904987368;930530427;81971471
1942;5.32765e-15;-640;1683;11744;11730;1;263;-2.14748e+09;-1.21073e+06;-1;0;0;0;-1;0;905081823;930645897;82011661
1942;5.27367e-15;-605;1637;11730;11651;1;276;-2.14748e+09;-1.21073e+06;-1;0;0;0;-1;0;905081823;930645897;82011661
1943;5.32765e-15;-640;1683;11744;11730;1;263;-2.14748e+09;-1.20834e+06;-1;0;0;0;-1;0;905176094;930761159;82051787
1943;5.27367e-15;-606;1637;11730;11651;1;276;-2.14748e+09;-1.20834e+06;0;0;0;0;0;0;905176094;930761159;82051787
1944;5.32765e-15;-641;1683;11744;11730;1;263;-2.14748e+09;-1.20606e+06;0;0;0;0;0;0;905270183;930876213;82091850
1944;5.27367e-15;-607;1637;11730;11651;1;276;-2.14748e+09;-1.20606e+06;0;0;0;0;0;0;905270183;930876213;82091850
1945;5.32765e-15;-642;1683;11744;11730;1;263;-2.14748e+09;-1.20377e+06;0;0;0;0;0;0;905364088;930991059;82131850
1945;5.27367e-15;-607;1637;11730;11651;1;276;-2.14748e+09;-1.20377e+06;-1;0;0;0;-1;0;905364088;930991059;82131850
1946;5.32765e-15;-642;1683;11744;11730;1;263;-2.14748e+09;-1.2016e+06;-1;0;0;0;-1;0;905457812;931105698;82171786
1946;5.27367e-15;-608;1637;11730;11651;1;276;-2.14748e+09;-1.2015e+06;0;0;0;0;0;0;905457812;931105698;82171786
1947;5.32765e-15;-643;1683;11744;11730;1;263;-2.14748e+09;-1.19923e+06;0;0;0;0;0;0;905551354;931220131;82211659
1947;5.27367e-15;-608;1637;11730;11651;1;276;-2.14748e+09;-1.19923e+06;-1;0;0;0;-1;0;905551354;931220131;82211659
1948;5.32765e-15;-644;1683;11744;11730;1;263;-2.14748e+09;-1.19696e+06;0;0;0;0;0;0;905644715;931334357;82251469
1948;5.27367e-15;-608;1637;11730;11651;1;276;-2.14748e+09;-1.19696e+06;-1;0;0;0;-1;0;905644715;931334357;82251469
1949;5.32765e-15;-644;1683;11744;11730;1;263;-2.14748e+09;-1.1947e+06;-1;0;0;0;-1;0;905737895;931448378;82291216
1949;5.27367e-15;-608;1637;11730;11651;1;276;-2.14748e+09;-1.1947e+06;-1;0;0;0;-1;0;905737895;931448378;82291216
1950;5.32765e-15;-645;1683;11744;11730;1;263;-2.14748e+09;-1.19244e+06;0;0;0;0;0;0;905830894;931562193;82330900
1950;5.27367e-15;-608;1637;11730;11651;1;276;-2.14748e+09;-1.19244e+06;-1;0;0;0;-1;0;905830894;931562193;82330900
1951;5.32765e-15;-646;1683;11744;11730;1;263;-2.14748e+09;-1.19028e+06;0;0;0;0;0;0;905923712;931675802;82370522
1951;5.27367e-15;-609;1637;11730;11651;1;276;-2.14748e+09;-1.19028e+06;0;0;0;0;0;0;905923712;931675802;82370522
1952;5.32765e-15;-647;1683;11744;11730;1;263;-2.14748e+09;-1.18793e+06;0;0;0;0;0;0;906016351;931789207;82410080
1952;5.27367e-15;-610;1637;11730;11651;1;276;-2.14748e+09;-1.18793e+06;0;0;0;0;0;0;906016351;931789207;82410080
1953;5.32765e-15;-647;1683;11744;11730;1;263;-2.14748e+09;-1.18579e+06;-1;0;0;0;-1;0;906108811;931902408;82449576
1953;5.27367e-15;-611;1637;11730;11651;1;276;-2.14748e+09;-1.18579e+06;0;0;0;0;0;0;906108811;931902408;82449576
1954;5.32765e-15;-647;1683;11744;11730;1;263;-2.14748e+09;-1.18345e+06;-1;0;0;0;-1;0;906201091;932015404;82489009
1954;5.27367e-15;-612;1637;11730;11651;1;276;-2.14748e+09;-1.18345e+06;0;0;0;0;0;0;906201091;932015404;82489009
1955;5.32765e-15;-647;1683;11744;11730;1;263;-2.14748e+09;-1.18131e+06;-1;0;0;0;-1;0;906293192;932128197;82528380
1955;5.27367e-15;-613;1637;11730;11651;1;276;-2.14748e+09;-1.18131e+06;0;0;0;0;0;0;906293192;932128197;82528380
1956;5.32765e-15;-648;1683;11744;11730;1;263;-2.14748e+09;-1.17898e+06;0;0;0;0;0;0;906385115;932240786;82567688
1956;5.27367e-15;-613;1637;11730;11651;1;276;-2.14748e+09;-1.17898e+06;-1;0;0;0;-1;0;906385115;932240786;82567688
1957;5.32765e-15;-649;1683;11744;11730;1;263;-2.14748e+09;-1.17685e+06;0;0;0;0;0;0;906476860;932353173;82606934
1957;5.27367e-15;-613;1637;11730;11651;1;276;-2.14748e+09;-1.17685e+06;-1;0;0;0;-1;0;906476860;932353173;82606934
1958;5.32765e-15;-649;1683;11744;11730;1;263;-2.14748e+09;-1.17463e+06;-1;0;0;0;-1;0;906568428;932465357;82646117
1958;5.27367e-15;-614;1637;11730;11651;1;276;-2.14748e+09;-1.17463e+06;0;0;0;0;0;0;906568428;932465357;82646117
1959;5.32765e-15;-650;1683;11744;11730;1;263;-2.14748e+09;-1.17241e+06;0;0;0;0;0;0;906659818;932577338;82685239
1959;5.27367e-15;-615;1637;11730;11651;1;276;-2.14748e+09;-1.17241e+06;0;0;0;0;0;0;906659818;932577338;82685239
1960;5.32765e-15;-650;1683;11744;11730;1;263;-2.14748e+09;-1.1702e+06;-1;0;0;0;-1;0;906751031;932689118;82724298
1960;5.27367e-15;-616;1637;11730;11651;1;276;-2.14748e+09;-1.1702e+06;0;0;0;0;0;0;906751031;932689118;82724298
1961;5.32765e-15;-650;1683;11744;11730;1;263;-2.14748e+09;-1.16789e+06;-1;0;0;0;-1;0;906842067;932800697;82763295
1961;5.27367e-15;-617;1637;11730;11651;1;276;-2.14748e+09;-1.16789e+06;0;0;0;0;0;0;906842067;932800697;82763295
1962;5.32765e-15;-651;1683;11744;11730;1;263;-2.14748e+09;-1.16568e+06;0;0;0;0;0;0;906932927;932912074;82802230
1962;5.27367e-15;-618;1637;11730;11651;1;276;-2.14748e+09;-1.16568e+06;0;0;0;0;0;0;906932927;932912074;82802230
1963;5.32765e-15;-652;1683;11744;11730;1;263;-2.14748e+09;-1.16348e+06;0;0;0;0;0;0;907023612;933023251;82841104
1963;5.27367e-15;-618;1637;11730;11651;1;276;-2.14748e+09;-1.16348e+06;-1;0;0;0;-1;0;907023612;933023251;82841104
1964;5.32765e-15;-652;1683;11744;11730;1;263;-2.14748e+09;-1.16129e+06;-1;0;0;0;-1;0;907114121;933134227;82879915
1964;5.27367e-15;-618;1637;11730;11651;1;276;-2.14748e+09;-1.16129e+06;-1;0;0;0;-1;0;907114121;933134227;82879915
1965;5.32765e-15;-652;1683;11744;11730;1;263;-2.14748e+09;-1.1592e+06;-1;0;0;0;-1;0;907204455;933245004;82918665
1965;5.27367e-15;-618;1637;11730;11651;1;276;-2.14748e+09;-1.1591e+06;-1;0;0;0;-1;0;907204455;933245004;82918665
1966;5.32765e-15;-653;1683;11744;11730;1;263;-2.14748e+09;-1.15691e+06;0;0;0;0;0;0;907294614;933355581;82957353
1966;5.27367e-15;-619;1637;11730;11651;1;276;-2.14748e+09;-1.15691e+06;0;0;0;0;0;0;907294614;933355581;82957353
1967;5.32765e-15;-653;1683;11744;11730;1;263;-2.14748e+09;-1.15472e+06;-1;0;0;0;-1;0;907384598;933465958;82995980
1967;5.27367e-15;-619;1637;11730;11651;1;276;-2.14748e+09;-1.15472e+06;-1;0;0;0;-1;0;907384598;933465958;82995980
1968;5.32765e-15;-653;1683;11744;11730;1;263;-2.14748e+09;-1.15265e+06;-1;0;0;0;-1;0;907474409;933576137;83034545
1968;5.27367e-15;-620;1637;11730;11651;1;276;-2.14748e+09;-1.15265e+06;0;0;0;0;0;0;907474409;933576137;83034545
1969;5.32765e-15;-654;1683;11744;11730;1;263;-2.14748e+09;-1.15037e+06;0;0;0;0;0;0;907564046;933686117;83073048
1969;5.27367e-15;-621;1637;11730;11651;1;276;-2.14748e+09;-1.15037e+06;0;0;0;0;0;0;907564046;933686117;83073048
1970;5.32765e-15;-655;1683;11744;11730;1;263;-2.14748e+09;-1.1482e+06;0;0;0;0;0;0;907653509;933795899;83111491
1970;5.27367e-15;-622;1637;11730;11651;1;276;-2.14748e+09;-1.1482e+06;0;0;0;0;0;0;907653509;933795899;83111491
1971;5.32765e-15;-655;1683;11744;11730;1;263;-2.14748e+09;-1.14604e+06;-1;0;0;0;-1;0;907742800;933905484;83149872
1971;5.27367e-15;-622;1637;11730;11651;1;276;-2.14748e+09;-1.14604e+06;-1;0;0;0;-1;0;907742800;933905484;83149872
1972;5.32765e-15;-656;1683;11744;11730;1;263;-2.14748e+09;-1.14387e+06;0;0;0;0;0;0;907831918;934014871;83188192
1972;5.27367e-15;-622;1637;11730;11651;1;276;-2.14748e+09;-1.14387e+06;-1;0;0;0;-1;0;907831918;934014871;83188192
1973;5.32765e-15;-657;1683;11744;11730;1;263;-2.14748e+09;-1.14172e+06;0;0;0;0;0;0;907920863;934124060;83226451
1973;5.27367e-15;-623;1637;11730;11651;1;276;-2.14748e+09;-1.14172e+06;0;0;0;0;0;0;907920863;934124060;83226451
1974;5.32765e-15;-658;1683;11744;11730;1;263;-2.14748e+09;-1.13956e+06;0;0;0;0;0;0;908009637;934233053;83264649
1974;5.27367e-15;-623;1637;11730;11651;1;276;-2.14748e+09;-1.13956e+06;-1;0;0;0;-1;0;908009637;934233053;83264649
1975;5.32765e-15;-658;1683;11744;11730;1;263;-2.14748e+09;-1.13741e+06;-1;0;0;0;-1;0;908098239;934341850;83302786
1975;5.27367e-15;-623;1637;11730;11651;1;276;-2.14748e+09;-1.13741e+06;-1;0;0;0;-1;0;908098239;934341850;83302786
1976;5.32765e-15;-659;1683;11744;11730;1;263;-2.14748e+09;-1.13527e+06;0;0;0;0;0;0;908186670;934450451;83340862
1976;5.27367e-15;-624;1637;11730;11651;1;276;-2.14748e+09;-1.13527e+06;0;0;0;0;0;0;908186670;934450451;83340862
1977;5.32765e-15;-660;1683;11744;11730;1;263;-2.14748e+09;-1.13313e+06;0;0;0;0;0;0;908274930;934558856;83378878
1977;5.27367e-15;-624;1637;11730;11651;1;276;-2.14748e+09;-1.13313e+06;-1;0;0;0;-1;0;908274930;934558856;83378878
1978;5.32765e-15;-661;1683;11744;11730;1;263;-2.14748e+09;-1.13099e+06;0;0;0;0;0;0;908363020;934667066;83416833
1978;5.27367e-15;-624;1637;11730;11651;1;276;-2.14748e+09;-1.13099e+06;-1;0;0;0;-1;0;908363020;934667066;83416833
1979;5.32765e-15;-662;1683;11744;11730;1;263;-2.14748e+09;-1.12886e+06;0;0;0;0;0;0;908450939;934775081;83454727
1979;5.27367e-15;-624;1637;11730;11651;1;276;-2.14748e+09;-1.12886e+06;-1;0;0;0;-1;0;908450939;934775081;83454727
1980;5.32765e-15;-662;1683;11744;11730;1;263;-2.14748e+09;-1.12673e+06;-1;0;0;0;-1;0;908538689;934882902;83492561
1980;5.27367e-15;-624;1637;11730;11651;1;276;-2.14748e+09;-1.12673e+06;-1;0;0;0;-1;0;908538689;934882902;83492561
1981;5.32765e-15;-662;1683;11744;11730;1;263;-2.14748e+09;-1.12471e+06;-1;0;0;0;-1;0;908626269;934990528;83530334
1981;5.27367e-15;-624;1637;11730;11651;1;276;-2.14748e+09;-1.12471e+06;-1;0;0;0;-1;0;908626269;934990528;83530334
1982;5.32765e-15;-662;1683;11744;11730;1;263;-2.14748e+09;-1.12259e+06;-1;0;0;0;-1;0;908713680;935097960;83568047
1982;5.27367e-15;-624;1637;11730;11651;1;276;-2.14748e+09;-1.12259e+06;-1;0;0;0;-1;0;908713680;935097960;83568047
1983;5.32765e-15;-663;1683;11744;11730;1;263;-2.14748e+09;-1.12037e+06;0;0;0;0;0;0;908800922;935205199;83605699
1983;5.27367e-15;-624;1637;11730;11651;1;276;-2.14748e+09;-1.12037e+06;-1;0;0;0;-1;0;908800922;935205199;83605699
1984;5.32765e-15;-664;1683;11744;11730;1;263;-2.14748e+09;-1.11826e+06;0;0;0;0;0;0;908887996;935312245;83643292
1984;5.27367e-15;-624;1637;11730;11651;1;276;-2.14748e+09;-1.11826e+06;-1;0;0;0;-1;0;908887996;935312245;83643292
1985;5.32765e-15;-664;1683;11744;11730;1;263;-2.14748e+09;-1.11616e+06;-1;0;0;0;-1;0;908974902;935419098;83680824
1985;5.27367e-15;-625;1637;11730;11651;1;276;-2.14748e+09;-1.11616e+06;0;0;0;0;0;0;908974902;935419098;83680824
1986;5.32765e-15;-665;1683;11744;11730;1;263;-2.14748e+09;-1.11405e+06;0;0;0;0;0;0;909061640;935525759;83718297
1986;5.27367e-15;-626;1637;11730;11651;1;276;-2.14748e+09;-1.11405e+06;0;0;0;0;0;0;909061640;935525759;83718297
1987;5.32765e-15;-665;1683;11744;11730;1;263;-2.14748e+09;-1.11196e+06;-1;0;0;0;-1;0;909148211;935632227;83755709
1987;5.27367e-15;-626;1637;11730;11651;1;276;-2.14748e+09;-1.11196e+06;-1;0;0;0;-1;0;909148211;935632227;83755709
1988;5.32765e-15;-666;1683;11744;11730;1;263;-2.14748e+09;-1.10986e+06;0;0;0;0;0;0;909234614;935738504;83793061
1988;5.27367e-15;-627;1637;11730;11651;1;276;-2.14748e+09;-1.10986e+06;0;0;0;0;0;0;909234614;935738504;83793061
1989;5.32765e-15;-667;1683;11744;11730;1;263;-2.14748e+09;-1.10777e+06;0;0;0;0;0;0;909320851;935844590;83830354
1989;5.27367e-15;-627;1637;11730;11651;1;276;-2.14748e+09;-1.10777e+06;-1;0;0;0;-1;0;909320851;935844590;83830354
1990;5.32765e-15;-667;1683;11744;11730;1;263;-2.14748e+09;-1.10578e+06;-1;0;0;0;-1;0;909406922;935950484;83867587
1990;5.27367e-15;-628;1637;11730;11651;1;276;-2.14748e+09;-1.10578e+06;0;0;0;0;0;0;909406922;935950484;83867587
1991;5.32765e-15;-668;1683;11744;11730;1;263;-2.14748e+09;-1.1037e+06;0;0;0;0;0;0;909492826;936056188;83904761
1991;5.27367e-15;-628;1637;11730;11651;1;276;-2.14748e+09;-1.1037e+06;-1;0;0;0;-1;0;909492826;936056188;83904761
1992;5.32765e-15;-669;1683;11744;11730;1;263;-2.14748e+09;-1.10152e+06;0;0;0;0;0;0;909578565;936161701;83941874
1992;5.27367e-15;-629;1637;11730;11651;1;276;-2.14748e+09;-1.10152e+06;0;0;0;0;0;0;909578565;936161701;83941874
1993;5.32765e-15;-669;1683;11744;11730;1;263;-2.14748e+09;-1.09945e+06;-1;0;0;0;-1;0;909664138;936267025;83978929
1993;5.27367e-15;-629;1637;11730;11651;1;276;-2.14748e+09;-1.09945e+06;-1;0;0;0;-1;0;909664138;936267025;83978929
1994;5.32765e-15;-669;1683;11744;11730;1;263;-2.14748e+09;-1.09738e+06;-1;0;0;0;-1;0;909749546;936372159;84015924
1994;5.27367e-15;-630;1637;11730;11651;1;276;-2.14748e+09;-1.09738e+06;0;0;0;0;0;0;909749546;936372159;84015924
1995;5.32765e-15;-669;1683;11744;11730;1;263;-2.14748e+09;-1.09532e+06;-1;0;0;0;-1;0;909834790;936477103;84052859
1995;5.27367e-15;-630;1637;11730;11651;1;276;-2.14748e+09;-1.09532e+06;-1;0;0;0;-1;0;909834790;936477103;84052859
1996;5.32765e-15;-669;1683;11744;11730;1;263;-2.14748e+09;-1.09325e+06;-1;0;0;0;-1;0;909919870;936581859;84089736
1996;5.27367e-15;-630;1637;11730;11651;1;276;-2.14748e+09;-1.09325e+06;-1;0;0;0;-1;0;909919870;936581859;84089736
1997;5.32765e-15;-670;1683;11744;11730;1;263;-2.14748e+09;-1.0912e+06;0;0;0;0;0;0;910004785;936686426;84126553
1997;5.27367e-15;-631;1637;11730;11651;1;276;-2.14748e+09;-1.0912e+06;0;0;0;0;0;0;910004785;936686426;84126553
1998;5.32765e-15;-670;1683;11744;11730;1;263;-2.14748e+09;-1.08914e+06;-1;0;0;0;-1;0;910089537;936790805;84163311
1998;5.27367e-15;-632;1637;11730;11651;1;276;-2.14748e+09;-1.08914e+06;0;0;0;0;0;0;910089537;936790805;84163311
1999;5.32765e-15;-670;1683;11744;11730;1;263;-2.14748e+09;-1.08719e+06;-1;0;0;0;-1;0;910174125;936894995;84200011
1999;5.27367e-15;-632;1637;11730;11651;1;276;-2.14748e+09;-1.08719e+06;-1;0;0;0;-1;0;910174125;936894995;84200011
