step;volume;A_0;B_0;C;L;p;Compl;Aext;Bext;A_ingresso;A_uscita;B_ingresso;B_uscita;A_netto;B_netto;Avicino;Amedio;Alontano
276;4.18816e-15;160;482;14015;10001;1;0;1590;3429;520;134;503;129;386;374;115;93;1
277;4.18942e-15;375;1250;13800;10089;1;228;1556;3430;769;161;1726;462;608;1264;115;94;1
278;4.24448e-15;414;1450;13612;10164;1;472;1471;3431;781;198;1740;711;583;1029;115;94;1
279;4.29278e-15;419;1588;13484;10244;1;703;1447;3431;803;220;1740;790;583;950;115;95;1
280;4.34381e-15;421;1539;13475;10331;1;866;1463;3432;714;214;1730;791;500;939;116;94;1
281;4.39954e-15;416;1512;13508;10414;1;1009;1416;3433;702;223;1769;779;479;990;116;94;1
282;4.45293e-15;422;1563;13607;10497;1;1105;1400;3433;671;209;1710;771;462;939;115;95;1
283;4.50589e-15;389;1517;13712;10578;1;1206;1338;3434;712;222;1754;755;490;999;116;95;1
284;4.55905e-15;386;1500;13862;10652;1;1274;1308;3435;691;203;1705;739;488;966;117;96;1
285;4.60656e-15;360;1563;13981;10728;1;1359;1285;3435;606;169;1709;726;437;983;118;96;1
286;4.65619e-15;366;1492;14149;10802;1;1417;1282;3436;691;185;1686;745;506;941;118;97;1
287;4.70469e-15;379;1471;14340;10876;1;1461;1190;3437;680;175;1785;754;505;1031;118;97;1
288;4.75401e-15;316;1499;14473;10952;1;1541;1168;3438;604;175;1731;777;429;954;118;97;1
289;4.80417e-15;316;1559;14706;11025;1;1554;1149;3438;565;162;1750;691;403;1059;118;97;1
290;4.85252e-15;307;1515;14939;11094;1;1566;1132;3439;605;154;1698;727;451;971;117;97;1
291;4.89836e-15;327;1477;15155;11173;1;1582;1183;3440;586;159;1709;753;427;956;118;97;1
292;4.95102e-15;324;1523;15336;11233;1;1622;1105;3440;594;166;1706;700;428;1006;118;97;1
293;4.99115e-15;302;1442;15607;11311;1;1603;1133;3441;573;167;1694;798;406;896;118;97;1
294;5.04347e-15;330;1425;15857;11391;1;1587;1082;3442;551;160;1676;731;391;945;118;97;1
295;5.09733e-15;306;1476;15990;11453;1;1658;1133;3442;578;140;1714;720;438;994;118;97;1
296;5.1392e-15;303;1458;16213;11539;1;1670;1127;3443;543;162;1724;712;381;1012;117;97;1
297;5.19746e-15;316;1500;16451;11624;1;1672;1100;3444;543;144;1734;708;399;1026;117;97;1
298;5.25527e-15;292;1404;16678;11701;1;1680;1117;3444;551;181;1725;739;370;986;118;97;1
299;5.30781e-15;310;1393;16890;11771;1;1680;1112;3445;560;162;1684;719;398;965;117;97;1
300;5.35574e-15;325;1471;17101;11846;1;1708;1101;3445;576;161;1738;771;415;967;117;98;1
301;5.40724e-15;307;1490;17314;11931;1;1731;1075;3446;567;148;1669;758;419;911;117;97;1
302;5.46581e-15;283;1477;17557;12010;1;1725;1073;3447;484;147;1652;720;337;932;116;97;1
303;5.52044e-15;302;1510;17806;12098;1;1723;1049;3447;576;154;1702;746;422;956;117;97;1
304;5.5815e-15;279;1455;18087;12184;1;1693;1071;3448;535;153;1730;791;382;939;117;97;1
305;5.6414e-15;291;1455;18295;12267;1;1707;1070;3449;575;154;1701;723;421;978;116;96;1
306;5.6994e-15;299;1431;18475;12341;1;1739;1087;3449;515;139;1713;751;376;962;116;97;1
307;5.75129e-15;305;1502;18682;12440;1;1764;1060;3450;540;149;1741;733;391;1008;115;96;1
308;5.82095e-15;357;1551;18915;12512;1;1774;1058;3451;533;145;1721;709;388;1012;115;97;1
309;5.87178e-15;316;1514;19168;12590;1;1776;1074;3451;538;159;1724;738;379;986;115;95;1
310;5.92702e-15;319;1548;19414;12663;1;1769;1048;3452;588;148;1714;757;440;957;115;95;1
311;5.97888e-15;316;1538;19634;12736;1;1779;1067;3452;517;143;1700;773;374;927;115;96;1
312;6.03088e-15;293;1552;19820;12806;1;1817;1008;3453;563;158;1766;801;405;965;114;95;1
313;6.08089e-15;283;1512;20032;12889;1;1833;1045;3454;495;123;1738;759;372;979;113;95;1
314;6.14037e-15;334;1528;20250;12965;1;1845;1041;3454;534;130;1798;754;404;1044;113;95;1
315;6.195e-15;313;1439;20466;13033;1;1875;1017;3455;551;147;1637;766;404;871;113;94;1
316;6.24402e-15;283;1451;20640;13114;1;1914;1056;3455;494;145;1736;712;349;1024;113;94;1
317;6.30257e-15;287;1397;20841;13202;1;1932;1054;3456;544;145;1616;737;399;879;114;95;1
318;6.3664e-15;272;1431;21060;13275;1;1940;1012;3457;526;155;1686;680;371;1006;114;95;1
319;6.41951e-15;276;1432;21290;13359;1;1935;1051;3457;524;130;1730;729;394;1001;114;95;1
320;6.4808e-15;279;1462;21462;13442;1;1972;1029;3458;550;129;1676;712;421;964;114;96;1
321;6.54155e-15;271;1421;21672;13515;1;1978;1012;3458;498;141;1744;777;357;967;114;95;1
322;6.59515e-15;263;1488;21918;13619;1;1960;1049;3459;495;120;1726;731;375;995;113;96;1
323;6.67175e-15;253;1490;22145;13732;1;1961;1049;3460;523;126;1691;768;397;923;112;96;1
324;6.75531e-15;268;1494;22351;13831;1;1972;988;3460;525;130;1717;773;395;944;112;96;1
325;6.82881e-15;263;1457;22589;13919;1;1958;987;3461;518;150;1736;774;368;962;111;96;1
326;6.89437e-15;261;1542;22759;13993;1;1980;1044;3461;491;138;1732;722;353;1010;111;95;1
327;6.94965e-15;294;1538;23030;14068;1;1950;1025;3462;529;140;1702;792;389;910;112;96;1
328;7.00584e-15;293;1504;23207;14145;1;1976;1046;3462;481;147;1753;732;334;1021;111;95;1
329;7.06368e-15;288;1513;23433;14217;1;1972;989;3463;536;153;1674;778;383;896;112;95;1
330;7.11791e-15;265;1481;23609;14311;1;2001;990;3464;449;133;1673;732;316;941;112;96;1
331;7.18892e-15;268;1539;23798;14387;1;2014;992;3464;469;135;1782;750;334;1032;112;95;1
332;7.2465e-15;287;1538;23983;14473;1;2031;991;3465;453;130;1671;774;323;897;112;95;1
333;7.31184e-15;282;1548;24204;14548;1;2042;995;3465;484;142;1728;799;342;929;111;96;1
334;7.36899e-15;271;1598;24375;14633;1;2073;1050;3466;519;134;1774;749;385;1025;110;96;2
335;7.43394e-15;301;1554;24594;14712;1;2078;993;3466;532;124;1789;796;408;993;110;95;2
336;7.49447e-15;286;1466;24798;14804;1;2095;1028;3467;505;145;1693;755;360;938;110;95;2
337;7.56517e-15;251;1511;25044;14873;1;2083;1047;3467;494;154;1662;732;340;930;109;95;2
338;7.61834e-15;326;1455;25237;14951;1;2099;1030;3468;525;142;1743;763;383;980;109;95;2
339;7.67859e-15;294;1469;25400;15040;1;2163;1049;3469;498;130;1794;761;368;1033;109;95;2
340;7.74754e-15;281;1402;25627;15119;1;2165;1008;3469;579;124;1735;765;455;970;109;96;2
341;7.80891e-15;303;1471;25781;15204;1;2207;1044;3470;533;144;1765;714;389;1051;109;95;2
342;7.87513e-15;271;1530;25960;15295;1;2235;1043;3470;502;132;1735;725;370;1010;109;94;2
343;7.94623e-15;272;1468;26194;15363;1;2219;1024;3471;543;152;1781;754;391;1027;108;94;2
344;7.99949e-15;266;1477;26403;15425;1;2234;1006;3471;504;145;1715;753;359;962;108;94;2
345;8.04816e-15;282;1492;26580;15506;1;2257;1026;3472;499;134;1766;762;365;1004;108;94;2
346;8.11189e-15;279;1519;26787;15612;1;2260;1045;3472;492;146;1687;725;346;962;108;94;2
347;8.19555e-15;280;1526;26963;15698;1;2296;1027;3473;522;137;1788;761;385;1027;108;94;2
348;8.26364e-15;285;1662;27170;15775;1;2317;1005;3473;526;143;1738;739;383;999;108;94;2
349;8.32476e-15;236;1582;27337;15850;1;2354;1022;3474;476;159;1770;788;317;982;109;94;2
350;8.38443e-15;297;1554;27577;15920;1;2334;1042;3474;509;129;1757;803;380;954;108;94;2
351;8.44026e-15;283;1518;27775;16013;1;2355;1008;3475;508;148;1765;719;360;1046;108;94;2
352;8.51462e-15;297;1524;27974;16102;1;2372;1007;3475;499;138;1750;754;361;996;107;94;2
353;8.58598e-15;262;1530;28160;16196;1;2395;1026;3476;511;156;1648;791;355;857;107;94;2
354;8.66077e-15;271;1540;28317;16286;1;2436;1007;3476;499;96;1764;751;403;1013;106;93;2
355;8.73416e-15;230;1533;28554;16370;1;2433;1010;3477;489;164;1739;707;325;1032;106;93;2
356;8.80209e-15;277;1584;28741;16470;1;2445;1010;3477;500;123;1759;763;377;996;105;93;2
357;8.88318e-15;287;1525;28958;16576;1;2444;1029;3478;509;136;1715;783;373;932;105;94;2
358;8.96941e-15;301;1564;29164;16660;1;2457;1025;3479;506;142;1719;777;364;942;105;93;2
359;9.03794e-15;273;1570;29414;16746;1;2448;1019;3479;540;161;1709;805;379;904;106;92;2
360;9.10829e-15;265;1488;29614;16842;1;2455;1033;3480;526;138;1651;789;388;862;105;92;2
361;9.18703e-15;297;1564;29728;16919;1;2522;1012;3480;513;134;1669;736;379;933;104;92;2
362;9.25034e-15;293;1483;29931;16995;1;2533;992;3481;513;149;1906;782;364;1124;104;92;2
363;9.31298e-15;261;1533;30171;17083;1;2521;1013;3481;467;131;1773;739;336;1034;103;92;2
364;9.38569e-15;297;1499;30409;17165;1;2500;997;3482;536;141;1779;773;395;1006;103;91;2
365;9.45361e-15;260;1529;30569;17249;1;2535;999;3482;476;147;1787;822;329;965;103;92;2
366;9.52335e-15;277;1570;30758;17335;1;2546;999;3482;481;141;1749;779;340;970;103;92;2
367;9.59494e-15;277;1538;31005;17417;1;2546;1001;3483;482;151;1811;762;331;1049;102;92;2
368;9.66336e-15;279;1592;31180;17502;1;2573;1038;3483;520;144;1725;755;376;970;102;92;2
369;9.73445e-15;292;1507;31353;17589;1;2606;1037;3484;525;142;1748;767;383;981;102;93;2
370;9.8074e-15;310;1554;31528;17681;1;2638;1021;3484;504;147;1643;783;357;860;102;93;2
371;9.88474e-15;267;1478;31736;17754;1;2654;1035;3485;567;145;1739;757;422;982;102;94;2
372;9.94625e-15;286;1583;31917;17845;1;2667;960;3485;510;130;1801;725;380;1076;102;94;2
373;1.00231e-14;307;1530;32140;17929;1;2669;979;3486;456;143;1746;778;313;968;102;95;2
374;1.00942e-14;286;1599;32352;17994;1;2681;983;3486;470;144;1775;767;326;1008;102;94;2
375;1.01494e-14;279;1598;32551;18070;1;2692;949;3487;536;153;1753;814;383;939;101;95;2
376;1.0214e-14;255;1580;32739;18159;1;2701;890;3487;444;135;1743;778;309;965;101;94;2
377;1.02898e-14;278;1544;32989;18248;1;2669;937;3488;471;131;1699;743;340;956;100;95;2
378;1.03658e-14;290;1595;33205;18327;1;2673;916;3488;476;140;1745;775;336;970;101;95;2
379;1.04335e-14;284;1597;33435;18400;1;2660;868;3489;499;130;1787;796;369;991;101;95;2
380;1.04961e-14;232;1545;33639;18486;1;2655;871;3489;434;137;1815;798;297;1017;101;95;2
381;1.05701e-14;269;1529;33819;18568;1;2661;826;3490;443;130;1669;804;313;865;101;93;2
382;1.06407e-14;245;1544;34025;18645;1;2654;863;3490;439;133;1712;738;306;974;101;94;2
383;1.07072e-14;227;1541;34203;18723;1;2667;853;3491;434;98;1735;724;336;1011;101;93;2
384;1.07747e-14;207;1521;34390;18805;1;2666;816;3491;435;116;1759;801;319;958;101;92;2
385;1.08459e-14;201;1464;34594;18890;1;2650;826;3491;394;116;1776;724;278;1052;101;93;2
386;1.09197e-14;231;1541;34796;18953;1;2646;791;3492;436;105;1764;748;331;1016;101;93;3
387;1.09746e-14;218;1567;34966;19038;1;2659;834;3492;353;122;1713;768;231;945;102;93;3
388;1.10488e-14;203;1531;35144;19124;1;2666;780;3493;408;115;1757;788;293;969;102;92;3
389;1.1124e-14;201;1515;35384;19203;1;2624;774;3493;403;101;1767;747;302;1020;102;91;3
390;1.11933e-14;199;1532;35592;19279;1;2599;771;3494;407;108;1779;786;299;993;102;92;3
391;1.126e-14;209;1515;35715;19350;1;2618;798;3494;409;112;1668;801;297;867;101;92;3
392;1.13225e-14;210;1564;35942;19416;1;2590;796;3495;406;114;1727;760;292;967;101;91;3
393;1.13807e-14;219;1606;36096;19508;1;2601;806;3495;383;112;1817;806;271;1011;101;91;3
394;1.1462e-14;216;1530;36292;19590;1;2595;802;3496;393;109;1698;862;284;836;100;91;3
395;1.15346e-14;204;1500;36471;19664;1;2597;775;3496;373;115;1665;729;258;936;100;89;3
396;1.16002e-14;200;1533;36589;19751;1;2615;798;3496;426;96;1712;796;330;916;99;90;3
397;1.16776e-14;242;1568;36774;19830;1;2599;784;3497;405;105;1742;781;300;961;99;90;3
398;1.1748e-14;225;1560;36973;19903;1;2586;794;3497;372;106;1724;734;266;990;99;90;3
399;1.18131e-14;223;1564;37143;19989;1;2592;790;3498;428;113;1737;813;315;924;98;90;3
400;1.189e-14;229;1598;37292;20077;1;2614;776;3498;419;119;1742;772;300;970;98;90;3
401;4.21281e-15;202;1147;13609;10113.5;1;2462;726;3499;386;83;1820;432;303;1388;98;90;3
402;4.26035e-15;183;1221;14136;10196.5;1;2278;677;3499;341;104;1752;593;237;1159;98;88;3
403;4.31317e-15;178;1361;14622;10282.5;1;2119;667;3499;388;100;1722;638;288;1084;98;89;3
404;4.36812e-15;172;1405;15105;10378.5;1;1950;705;3500;354;89;1731;712;265;1019;98;90;3
405;4.42975e-15;176;1425;15537;10454.5;1;1820;656;3500;332;86;1740;716;246;1024;98;90;3
406;4.47874e-15;189;1450;15950;10539.5;1;1689;669;3501;319;108;1784;745;211;1039;98;91;3
407;4.53374e-15;172;1438;16339;10617.5;1;1565;671;3501;306;92;1737;719;214;1018;97;91;3
408;4.58441e-15;166;1467;16713;10723.5;1;1452;629;3502;311;74;1731;728;237;1003;97;91;3
409;4.65357e-15;198;1489;17023;10828.5;1;1375;621;3502;282;77;1737;744;205;993;97;89;3
410;4.72243e-15;151;1484;17255;10920.5;1;1354;609;3502;309;85;1710;794;224;916;96;89;3
411;4.78303e-15;154;1526;17565;10999.5;1;1270;589;3503;313;69;1759;730;244;1029;95;90;3
412;4.83528e-15;153;1608;17827;11085.5;1;1213;578;3503;313;80;1795;766;233;1029;95;89;3
413;4.89237e-15;147;1572;18058;11180.5;1;1164;529;3504;298;74;1681;789;224;892;94;89;3
414;4.9557e-15;147;1554;18287;11272.5;1;1120;563;3504;273;70;1728;806;203;922;94;88;3
415;5.01729e-15;139;1532;18456;11364.5;1;1111;456;3405;297;66;1800;775;231;1025;95;89;3
416;5.07913e-15;99;1518;18747;11444.5;1;1019;555;3505;257;71;1748;789;186;959;94;89;3
417;5.13311e-15;126;1541;18954;11567.5;1;978;568;3505;289;60;1815;804;229;1011;94;89;3
418;5.21648e-15;147;1566;19149;11648.5;1;951;525;3506;281;66;1756;767;215;989;94;87;3
419;5.27163e-15;125;1574;19263;11733.5;1;965;553;3506;261;69;1758;788;192;970;94;88;3
420;5.3297e-15;125;1623;19431;11831.5;1;939;550;3507;274;62;1756;780;212;976;93;88;3
421;5.39693e-15;141;1637;19604;11916.5;1;914;534;3507;292;67;1737;842;225;895;94;87;3
422;5.45546e-15;148;1673;19751;12018.5;1;913;551;3507;273;87;1703;800;186;903;93;88;3
423;5.52598e-15;129;1572;19845;12105.5;1;935;528;3508;287;80;1713;829;207;884;93;87;3
424;5.58637e-15;140;1570;19997;12215.5;1;916;536;3508;257;67;1770;794;190;976;92;87;3
425;5.66304e-15;122;1607;20136;12304.5;1;903;548;3509;271;66;1738;805;205;933;92;86;3
426;5.72533e-15;121;1677;20277;12396.5;1;891;549;3509;283;65;1684;787;218;897;91;86;3
427;5.78995e-15;167;1704;20428;12494.5;1;879;505;3509;284;70;1754;820;214;934;91;85;3
428;5.85906e-15;133;1701;20553;12576.5;1;874;544;3510;285;78;1749;808;207;941;91;86;3
429;5.91709e-15;151;1630;20671;12668.5;1;877;547;3510;241;69;1669;828;172;841;90;85;3
430;5.98243e-15;132;1608;20759;12774.5;1;897;535;3511;288;78;1785;796;210;989;90;85;3
431;6.05801e-15;139;1644;20896;12849.5;1;880;538;3511;227;72;1780;843;155;937;91;85;3
432;6.11168e-15;144;1587;21010;12923.5;1;883;471;3511;286;69;1815;838;217;977;91;83;3
433;6.16479e-15;131;1599;21140;13016.5;1;874;535;3512;239;83;1777;807;156;970;91;84;3
434;6.23175e-15;151;1643;21258;13111.5;1;869;544;3512;263;62;1733;827;201;906;91;84;3
435;6.3004e-15;160;1596;21360;13193.5;1;882;535;3513;277;72;1701;834;205;867;90;83;4
436;6.35986e-15;160;1613;21475;13283.5;1;884;486;3513;280;80;1698;824;200;874;89;82;4
437;6.42534e-15;121;1575;21604;13366.5;1;883;539;3513;252;55;1733;793;197;940;89;82;4
438;6.48592e-15;153;1617;21720;13444.5;1;878;543;3514;288;60;1709;828;228;881;90;82;4
439;6.54302e-15;161;1652;21800;13544.5;1;899;531;3514;293;66;1802;831;227;971;89;83;4
440;6.61648e-15;147;1558;21877;13634.5;1;924;539;3514;288;76;1752;830;212;922;90;83;4
441;6.68282e-15;148;1624;21943;13717.5;1;956;536;3515;266;84;1764;810;182;954;90;83;4
442;6.7442e-15;140;1662;22062;13814.5;1;959;520;3515;252;83;1811;820;169;991;90;83;4
443;6.81617e-15;157;1659;22189;13891.5;1;952;542;3516;272;81;1698;814;191;884;90;83;4
444;6.87348e-15;147;1670;22297;13975.5;1;957;533;3516;293;73;1819;826;220;993;89;83;4
445;6.93619e-15;145;1642;22408;14073.5;1;958;509;3516;275;88;1690;802;187;888;89;82;4
446;7.00959e-15;136;1648;22525;14145.5;1;947;532;3517;255;83;1733;800;172;933;89;83;4
447;7.06368e-15;134;1681;22639;14211.5;1;940;544;3517;242;90;1752;825;152;927;88;83;4
448;7.11338e-15;113;1713;22713;14285.5;1;962;510;3517;258;84;1759;852;174;907;89;81;4
449;7.16925e-15;150;1623;22857;14352.5;1;930;550;3518;243;68;1672;840;175;832;88;82;4
450;7.21996e-15;163;1605;22966;14429.5;1;936;539;3518;230;78;1766;813;152;953;87;82;4
451;7.27839e-15;144;1565;23060;14507.5;1;956;474;3519;290;74;1727;784;216;943;87;79;4
452;7.33773e-15;140;1772;23165;14571.5;1;958;549;3519;216;66;1834;770;150;1064;86;80;4
453;7.38655e-15;155;1667;23293;14659.5;1;943;480;3519;281;74;1709;893;207;816;85;79;4
454;7.45384e-15;151;1589;23401;14735.5;1;944;553;3520;233;77;1726;832;156;894;85;80;4
455;7.51212e-15;159;1577;23481;14803.5;1;953;539;3520;266;79;1745;817;187;928;85;80;4
456;7.5644e-15;148;1564;23571;14887.5;1;968;525;3520;253;71;1663;842;182;821;85;79;4
457;7.62914e-15;154;1655;23629;14970.5;1;999;572;3521;241;74;1722;784;167;938;86;80;4
458;7.6933e-15;157;1682;23705;15029.5;1;1021;520;3521;316;71;1720;806;245;914;86;79;4
459;7.73901e-15;136;1635;23839;15101.5;1;1015;555;3521;244;71;1782;803;173;979;84;80;4
460;7.79492e-15;150;1755;23945;15188.5;1;1014;488;3522;282;68;1730;797;214;933;83;79;4
461;7.86265e-15;134;1690;24048;15265.5;1;1018;550;3522;245;75;1700;850;170;850;83;80;4
462;7.92276e-15;146;1622;24179;15331.5;1;1010;455;3423;273;72;1770;833;201;937;84;80;4
463;7.97441e-15;135;1561;24276;15413.5;1;1020;549;3523;234;81;1662;806;153;856;83;80;4
464;8.03873e-15;143;1672;24352;15485.5;1;1044;557;3523;279;73;1794;846;206;948;82;80;4
465;8.09535e-15;149;1678;24514;15563.5;1;1013;551;3524;273;61;1752;866;212;886;82;80;4
466;8.15684e-15;142;1623;24598;15628.5;1;1029;552;3524;279;63;1785;797;216;988;82;80;4
467;8.2082e-15;154;1622;24695;15704.5;1;1050;544;3524;289;75;1810;802;214;1008;81;79;4
468;8.26839e-15;146;1651;24808;15770.5;1;1053;536;3525;288;62;1716;766;226;950;81;78;4
469;8.32078e-15;138;1748;24894;15853.5;1;1068;541;3525;300;74;1901;812;226;1089;82;78;4
470;8.38682e-15;163;1703;25010;15926.5;1;1069;514;3525;260;84;1731;826;176;905;82;77;4
471;8.44505e-15;140;1651;25103;15999.5;1;1075;552;3526;244;78;1709;831;166;878;82;78;4
472;8.50341e-15;145;1653;25158;16068.5;1;1103;551;3526;296;78;1772;830;218;942;81;78;4
473;8.5587e-15;132;1688;25268;16141.5;1;1105;549;3526;279;69;1769;822;210;947;81;78;4
474;8.61732e-15;170;1656;25351;16218.5;1;1124;537;3527;280;75;1767;808;205;959;82;78;4
475;8.6793e-15;149;1729;25454;16283.5;1;1126;551;3527;270;84;1739;854;186;885;81;78;4
476;8.73174e-15;147;1655;25513;16344.5;1;1165;519;3527;283;80;1795;888;203;907;81;78;4
477;8.78104e-15;147;1653;25639;16407.5;1;1157;532;3528;260;66;1805;802;194;1003;81;78;4
478;8.83206e-15;129;1633;25743;16486.5;1;1161;524;3528;256;87;1781;842;169;939;81;78;4
479;8.89618e-15;147;1605;25880;16553.5;1;1146;543;3528;258;64;1847;768;194;1079;81;77;4
480;8.95068e-15;158;1664;25913;16629.5;1;1197;535;3529;268;73;1723;839;195;884;81;77;4
481;9.01263e-15;174;1672;26031;16697.5;1;1191;514;3529;312;82;1806;873;230;933;81;77;4
482;9.06819e-15;150;1612;26135;16771.5;1;1198;507;3529;272;87;1795;872;185;923;80;77;4
483;9.12877e-15;167;1618;26243;16824.5;1;1192;487;3530;220;67;1755;767;153;988;80;76;4
484;9.17225e-15;162;1601;26343;16896.5;1;1193;486;3530;203;85;1740;779;118;961;80;76;5
485;9.23142e-15;138;1621;26456;16960.5;1;1193;404;3430;224;85;1740;829;139;911;81;76;5
486;9.28412e-15;129;1571;26565;17033.5;1;1180;488;3531;223;63;1721;799;160;922;79;75;5
487;9.34436e-15;155;1645;26650;17112.5;1;1194;383;3431;235;68;1773;815;167;958;80;75;5
488;9.40969e-15;141;1566;26761;17188.5;1;1190;481;3531;184;49;1801;802;135;999;80;75;5
489;9.47269e-15;147;1596;26874;17261.5;1;1187;386;3432;238;74;1831;801;164;1030;81;74;5
490;9.53333e-15;116;1591;26956;17324.5;1;1194;491;3532;206;57;1739;796;149;943;79;74;5
491;9.58577e-15;162;1596;27035;17379.5;1;1206;472;3532;238;60;1744;766;178;978;79;74;5
492;9.63163e-15;150;1641;27137;17457.5;1;1210;433;3533;263;70;1770;813;193;957;78;74;5
493;9.69679e-15;113;1613;27234;17540.5;1;1202;471;3533;212;78;1772;851;134;921;78;73;5
494;9.76629e-15;141;1593;27349;17589.5;1;1182;470;3533;232;60;1747;820;172;927;78;73;5
495;9.8074e-15;135;1667;27423;17649.5;1;1202;408;3534;236;67;1797;763;169;1034;78;73;5
496;9.85782e-15;123;1725;27507;17705.5;1;1203;465;3534;213;52;1751;790;161;961;78;73;5
497;9.90495e-15;142;1672;27641;17774.5;1;1178;474;3534;222;66;1754;879;156;875;78;72;5
498;9.96313e-15;133;1640;27727;17838.5;1;1177;454;3535;248;71;1751;869;177;882;77;72;5
499;1.00172e-14;131;1611;27834;17899.5;1;1169;400;3535;231;66;1762;820;165;942;77;72;5
500;1.00688e-14;115;1697;27917;17959.5;1;1170;417;3535;214;63;1844;815;151;1029;77;72;5
501;1.01197e-14;116;1700;28043;18020.5;1;1151;402;3536;196;65;1797;835;131;962;76;72;5
502;1.01715e-14;121;1696;28120;18088.5;1;1163;362;3436;218;80;1800;852;138;948;77;72;5
503;1.02293e-14;104;1633;28252;18161.5;1;1140;375;3436;170;48;1742;901;122;841;77;72;5
504;1.02915e-14;101;1588;28367;18229.5;1;1117;435;3537;205;60;1636;797;145;839;75;72;5
505;1.03496e-14;122;1583;28466;18302.5;1;1108;378;3437;188;60;1756;839;128;917;76;72;5
506;1.04121e-14;131;1643;28537;18362.5;1;1114;451;3537;178;56;1771;803;122;968;74;71;5
507;1.04635e-14;141;1702;28613;18427.5;1;1124;384;3437;205;57;1797;824;148;973;75;71;5
508;1.05193e-14;145;1646;28735;18493.5;1;1097;454;3538;204;56;1790;831;148;959;75;71;5
509;1.05761e-14;142;1666;28834;18548.5;1;1098;438;3538;249;70;1761;856;179;905;74;71;5
510;1.06235e-14;129;1636;28920;18612.5;1;1096;445;3538;192;81;1769;852;111;917;74;71;5
511;1.06787e-14;127;1647;28994;18675.5;1;1108;440;3539;193;81;1801;860;112;941;73;71;5
512;1.07332e-14;111;1707;29079;18762.5;1;1109;449;3539;227;52;1682;828;175;854;72;71;5
513;1.08085e-14;109;1711;29124;18840.5;1;1135;385;3539;225;55;1693;868;170;825;72;70;5
514;1.08763e-14;114;1702;29233;18907.5;1;1117;391;3540;185;52;1742;862;133;880;72;70;5
515;1.09345e-14;126;1653;29334;18969.5;1;1107;340;3540;187;59;1669;880;128;789;72;69;5
516;1.09886e-14;102;1642;29421;19042.5;1;1106;365;3540;177;60;1752;858;117;894;72;70;5
517;1.10523e-14;117;1739;29535;19115.5;1;1081;361;3541;182;54;1763;801;128;962;73;70;5
518;1.11161e-14;97;1704;29632;19172.5;1;1070;385;3541;193;69;1811;850;124;961;72;70;5
519;1.11661e-14;127;1743;29720;19248.5;1;1058;358;3541;193;59;1815;805;134;1010;71;70;5
520;1.12328e-14;103;1628;29792;19312.5;1;1053;352;3541;173;74;1646;877;99;769;72;69;5
521;1.1289e-14;91;1668;29890;19389.5;1;1037;376;3542;210;55;1795;812;155;983;71;69;5
522;1.13569e-14;127;1779;29940;19466.5;1;1049;350;3542;192;55;1781;851;137;930;71;68;5
523;1.14248e-14;101;1794;30036;19538.5;1;1039;319;3542;173;59;1777;889;114;888;70;68;5
524;1.14885e-14;78;1747;30123;19603.5;1;1028;355;3543;142;55;1781;870;87;911;70;68;5
525;1.15461e-14;97;1613;30220;19675.5;1;1010;385;3543;179;53;1780;899;126;881;70;68;5
526;1.161e-14;105;1668;30327;19736.5;1;987;324;3543;191;55;1802;829;136;973;70;68;5
527;1.16642e-14;98;1659;30405;19777.5;1;981;389;3544;157;67;1766;884;90;882;69;68;5
528;1.17007e-14;107;1611;30456;19846.5;1;992;307;3544;186;60;1853;872;126;981;70;68;5
529;1.17622e-14;98;1675;30533;19910.5;1;995;385;3544;126;47;1750;824;79;926;70;67;5
530;1.18194e-14;103;1658;30652;19974.5;1;966;378;3544;187;54;1791;823;133;968;70;68;5
531;1.18766e-14;120;1659;30707;20049.5;1;971;385;3545;169;56;1805;808;113;997;70;68;5
532;4.20395e-15;92;1270;11012;10093.8;1;919;384;3545;231;37;1785;483;194;1302;70;68;5
533;4.24765e-15;117;1523;11252;10151.8;1;833;341;3545;192;48;1849;674;144;1175;69;68;5
534;4.2845e-15;103;1583;11453;10220.8;1;772;329;3546;148;54;1769;794;94;975;69;68;5
535;4.32848e-15;94;1587;11651;10303.8;1;707;308;3546;164;55;1832;842;109;990;69;68;5
536;4.38158e-15;91;1600;11834;10358.7;1;646;287;3546;156;43;1794;855;113;939;69;68;5
537;4.41688e-15;103;1660;11986;10430.8;1;599;282;3546;177;31;1735;819;146;916;68;68;5
538;4.46325e-15;99;1683;12135;10509.8;1;554;314;3547;142;44;1733;827;98;906;68;68;5
539;4.5143e-15;96;1673;12259;10571.8;1;525;347;3547;133;45;1731;852;88;879;68;67;6
540;4.55451e-15;96;1673;12368;10641.8;1;503;285;3547;180;52;1820;821;128;999;68;67;6
541;4.60004e-15;96;1688;12485;10697.8;1;476;351;3548;158;37;1747;860;121;887;68;66;6
542;4.63658e-15;103;1656;12570;10780.8;1;466;303;3548;197;49;1803;874;148;929;68;67;6
543;4.69091e-15;97;1671;12676;10836.7;1;446;254;3548;148;49;1807;834;99;973;68;66;6
544;4.72769e-15;101;1638;12771;10904.8;1;426;312;3548;127;35;1804;855;92;949;67;67;6
545;4.77247e-15;87;1731;12847;10969.8;1;419;314;3549;140;47;1711;825;93;886;68;67;6
546;4.81542e-15;112;1788;12937;11024.8;1;407;325;3549;171;47;1741;867;124;874;68;67;6
547;4.85185e-15;80;1727;12999;11080.8;1;413;332;3549;164;57;1770;897;107;873;68;66;6
548;4.88905e-15;95;1693;13115;11139.8;1;384;329;3550;171;42;1733;859;129;874;67;66;6
549;4.92834e-15;109;1670;13210;11194.8;1;364;327;3550;148;44;1804;894;104;910;67;66;6
550;4.96506e-15;101;1673;13257;11267.8;1;374;228;3450;154;49;1729;853;105;876;68;66;6
551;5.01393e-15;73;1624;13321;11322.8;1;370;334;3550;101;51;1746;847;50;899;67;66;6
552;5.05087e-15;80;1682;13364;11390.8;1;377;346;3551;178;50;1748;805;128;943;67;66;6
553;5.09665e-15;92;1645;13445;11447.8;1;365;286;3551;182;43;1798;865;139;933;66;65;6
554;5.13514e-15;81;1706;13492;11532.8;1;370;331;3551;150;46;1758;866;104;892;66;65;6
555;5.19271e-15;101;1705;13537;11594.8;1;380;335;3551;155;39;1739;837;116;902;66;65;6
556;5.23484e-15;95;1698;13580;11654.8;1;391;327;3552;169;68;1751;863;101;888;66;65;6
557;5.27572e-15;103;1733;13650;11718.8;1;383;290;3552;190;54;1772;852;136;920;66;64;6
558;5.31944e-15;80;1787;13705;11804.8;1;390;294;3552;153;46;1811;895;107;916;66;63;6
559;5.37838e-15;90;1749;13770;11877.8;1;387;323;3553;128;40;1816;906;88;910;66;64;6
560;5.42858e-15;95;1749;13826;11931.8;1;388;220;3453;166;40;1806;878;126;928;66;64;6
561;5.46581e-15;72;1680;13894;11992.8;1;379;333;3553;92;32;1665;889;60;776;65;64;6
562;5.50798e-15;121;1714;13955;12047.8;1;375;344;3553;174;37;1733;879;137;854;65;64;6
563;5.54609e-15;118;1745;14007;12118.8;1;390;304;3554;184;55;1798;861;129;937;64;63;6
564;5.59541e-15;100;1746;14060;12185.8;1;399;1.07374e+08;-2.14748e+09;147;48;1737;915;99;822;64;63;6
565;5.6421e-15;100;1746;14060;12185.8;1;399;2.10574e+08;-2.06399e+09;0;0;-1;0;0;-1;64;62;6
566;5.6421e-15;100;1742;14060;12185.8;1;399;2.02414e+08;-1.98428e+09;0;0;-1;0;0;-1;65;63;6
567;5.6421e-15;100;1742;14060;12185.8;1;399;2.97823e+08;-1.90817e+09;0;0;-1;0;0;-1;239;238;6
568;5.6421e-15;100;1740;14060;12185.8;1;399;4.96971e+08;-1.83548e+09;1;0;-1;0;1;-1;913;913;6
569;5.6421e-15;101;1733;14060;12185.8;1;399;5.85273e+08;-1.76604e+09;4;0;-1;0;4;-1;2534;2533;6
570;5.6421e-15;101;1733;14060;12185.8;1;399;6.70258e+08;-1.69969e+09;0;0;-1;0;0;-1;5648;5647;6
571;5.6421e-15;101;1733;14060;12185.8;1;399;6.44698e+08;-1.63627e+09;0;0;-1;0;0;-1;10888;10887;6
572;5.6421e-15;101;1733;14060;12185.8;1;399;7.2348e+08;-1.57565e+09;1;0;-1;0;1;-1;18951;18950;6
573;5.6421e-15;102;1733;14060;12185.8;1;399;9.06739e+08;-1.51768e+09;0;0;-1;0;0;-1;30582;30581;6
574;5.6421e-15;103;1730;14060;12185.8;1;399;8.72477e+08;-1.46224e+09;0;0;-1;0;0;-1;46565;46564;6
575;5.6421e-15;104;1724;14060;12185.8;1;399;1.05031e+09;-1.40921e+09;2;0;-1;0;2;-1;67707;67706;6
576;5.6421e-15;104;1724;14060;12185.8;1;399;1.01086e+09;-1.35846e+09;1;0;-1;0;1;-1;94830;94828;6
577;5.6421e-15;104;1724;14060;12185.8;1;399;1.07636e+09;-1.30989e+09;0;0;-1;0;0;-1;128760;128758;6
578;5.6421e-15;108;1719;14060;12185.8;1;399;1.13953e+09;-1.2634e+09;1;0;-1;0;1;-1;170321;170319;6
579;5.6421e-15;108;1718;14060;12185.8;1;399;1.30785e+09;-1.21888e+09;0;0;-1;0;0;-1;220327;220326;6
580;5.6421e-15;109;1718;14060;12185.8;1;399;1.25928e+09;-1.17625e+09;0;0;-1;0;0;-1;279577;279575;6
581;5.6421e-15;109;1717;14060;12185.8;1;399;1.31605e+09;-1.13541e+09;0;0;-1;0;0;-1;348848;348846;6
582;5.6421e-15;109;1717;14060;12185.8;1;399;1.37087e+09;-1.09627e+09;0;0;-1;0;0;-1;428893;428891;6
583;5.6421e-15;109;1717;14060;12185.8;1;399;1.53118e+09;-1.05877e+09;0;0;-1;0;0;-1;520437;520436;6
584;5.6421e-15;110;1717;14060;12185.8;1;399;1.47495e+09;-1.02281e+09;0;0;-1;0;0;-1;624174;624173;6
585;5.6421e-15;110;1717;14060;12185.8;1;399;1.52436e+09;-9.88342e+08;0;0;-1;0;0;-1;740764;740762;6
586;5.6421e-15;111;1717;14060;12185.8;1;399;1.6795e+09;-9.5528e+08;4;0;-1;0;4;-1;870830;870828;6
587;5.6421e-15;112;1715;14060;12185.8;1;399;1.72568e+09;-9.23566e+08;4;0;-1;0;4;-1;1014962;1014960;6
588;5.6421e-15;117;1715;14060;12185.8;1;399;1.66296e+09;-8.93136e+08;0;0;-1;0;0;-1;1173709;1173707;6
589;5.6421e-15;117;1714;14060;12185.8;1;399;1.70616e+09;-8.63933e+08;0;0;-1;0;0;-1;1347583;1347581;6
590;5.6421e-15;119;1714;14060;12185.8;1;399;1.74796e+09;-8.359e+08;1;0;-1;0;1;-1;1537058;1537056;6
591;5.6421e-15;120;1713;14060;12185.8;1;399;1.78841e+09;-8.08984e+08;3;0;-1;0;3;-1;1742568;1742566;6
592;5.6421e-15;130;1709;14060;12185.8;1;399;1.82756e+09;-7.83135e+08;13;0;-1;0;13;-1;1964509;1964508;6
593;5.6421e-15;132;1709;14060;12185.8;1;399;1.86548e+09;-7.58305e+08;1;0;-1;0;1;-1;2203240;2203238;6
594;5.6421e-15;134;1708;14060;12185.8;1;399;1.9022e+09;-7.34449e+08;1;0;-1;0;1;-1;2459079;2459077;6
595;5.6421e-15;139;1707;14060;12185.8;1;399;1.93778e+09;-7.11523e+08;3;0;-1;0;3;-1;2732311;2732309;6
596;5.6421e-15;143;1705;14060;12185.8;1;399;1.97225e+09;-6.89486e+08;5;0;-1;0;5;-1;3023183;3023181;7
597;5.6421e-15;149;1705;14060;12185.8;1;399;2.00567e+09;-6.68298e+08;4;0;-1;0;4;-1;3331907;3331905;7
598;5.6421e-15;149;1705;14060;12185.8;1;399;2.03806e+09;-6.47923e+08;0;0;-1;0;0;-1;3658661;3658659;7
599;5.6421e-15;151;1701;14060;12185.8;1;399;2.06948e+09;-6.28325e+08;2;0;-1;0;2;-1;4003589;4003587;7
600;5.6421e-15;152;1701;14060;12185.8;1;399;2.09995e+09;-6.0947e+08;1;0;-1;0;1;-1;4366806;4366804;7
601;5.6421e-15;161;1698;14060;12185.8;1;399;2.12952e+09;-5.91326e+08;5;0;-1;0;5;-1;4748392;4748390;7
602;5.6421e-15;185;1694;14060;12185.8;1;399;-2.14748e+09;-5.73862e+08;12;0;-1;0;12;-1;5148402;5148400;7
603;5.6421e-15;184;1693;14060;12185.8;1;399;-2.14748e+09;-5.57049e+08;-1;0;0;0;-1;0;5566860;5566858;8
604;5.6421e-15;183;1693;14060;12185.8;1;399;-2.14748e+09;-5.40859e+08;-1;0;0;0;-1;0;6003764;6003762;8
605;5.6421e-15;183;1692;14060;12185.8;1;399;-2.14748e+09;-5.25265e+08;-1;0;0;0;-1;0;6459086;6459085;8
606;5.6421e-15;183;1692;14060;12185.8;1;399;-2.14748e+09;-5.10244e+08;-1;0;0;0;-1;0;6932775;6932773;9
607;5.6421e-15;183;1692;14060;12185.8;1;399;-2.14748e+09;-4.95769e+08;-1;0;0;0;-1;0;7424755;7424753;9
608;5.6421e-15;183;1692;14060;12185.8;1;399;-2.14748e+09;-4.81819e+08;-1;0;0;0;-1;0;7934928;7934927;10
609;5.6421e-15;183;1692;14060;12185.8;1;399;-2.14748e+09;-4.68371e+08;0;0;-1;0;0;-1;8463179;8463177;11
610;5.6421e-15;183;1692;14060;12185.8;1;399;-2.14748e+09;-4.55404e+08;-1;0;0;0;-1;0;9009369;9009367;12
611;5.6421e-15;180;1690;14060;12185.8;1;399;-2.14748e+09;-4.429e+08;-1;0;0;0;-1;0;9573344;9573342;13
612;5.6421e-15;180;1690;14060;12185.8;1;399;-2.14748e+09;-4.30837e+08;-1;0;0;0;-1;0;10154931;10154930;14
613;5.6421e-15;179;1690;14060;12185.8;1;399;-2.14748e+09;-4.192e+08;-1;0;0;0;-1;0;10753944;10753942;16
614;5.6421e-15;176;1690;14060;12185.8;1;399;-2.14748e+09;-4.07969e+08;-1;0;0;0;-1;0;11370178;11370177;18
615;5.6421e-15;176;1690;14060;12185.8;1;399;-2.14748e+09;-3.97129e+08;0;0;-1;0;0;-1;12003419;12003418;20
616;5.6421e-15;175;1690;14060;12185.8;1;399;-2.14748e+09;-3.86664e+08;-1;0;0;0;-1;0;12653436;12653435;23
617;5.6421e-15;174;1689;14060;12185.8;1;399;-2.14748e+09;-3.76558e+08;-1;0;0;0;-1;0;13319990;13319989;26
618;5.6421e-15;174;1689;14060;12185.8;1;399;-2.14748e+09;-3.66798e+08;-1;0;0;0;-1;0;14002829;14002828;29
619;5.6421e-15;173;1689;14060;12185.8;1;399;-2.14748e+09;-3.57369e+08;0;0;-1;0;0;-1;14701692;14701692;33
620;5.6421e-15;173;1689;14060;12185.8;1;399;-2.14748e+09;-3.48258e+08;-1;0;0;0;-1;0;15416310;15416309;38
621;5.6421e-15;172;1689;14060;12185.8;1;399;-2.14748e+09;-3.39454e+08;-1;0;0;0;-1;0;16146404;16146404;43
622;5.6421e-15;172;1689;14060;12185.8;1;399;-2.14748e+09;-3.30943e+08;-1;0;0;0;-1;0;16891690;16891690;49
623;5.6421e-15;170;1688;14060;12185.8;1;399;-2.14748e+09;-3.22714e+08;0;0;-1;0;0;-1;17651876;17651876;56
624;5.6421e-15;170;1688;14060;12185.8;1;399;-2.14748e+09;-3.14757e+08;-1;0;0;0;-1;0;18426665;18426666;64
625;5.6421e-15;170;1688;14060;12185.8;1;399;-2.14748e+09;-3.07061e+08;-1;0;0;0;-1;0;19215756;19215757;72
626;5.6421e-15;169;1686;14060;12185.8;1;399;-2.14748e+09;-2.99615e+08;-1;0;0;0;-1;0;20018843;20018844;82
627;5.6421e-15;169;1686;14060;12185.8;1;399;-2.14748e+09;-2.92411e+08;-1;0;0;0;-1;0;20835615;20835617;93
628;5.6421e-15;169;1686;14060;12185.8;1;399;-2.14748e+09;-2.85438e+08;-1;0;0;0;-1;0;21665761;21665763;106
629;5.6421e-15;166;1686;14060;12185.8;1;399;-2.14748e+09;-2.78689e+08;-1;0;0;0;-1;0;22508964;22508967;120
630;5.6421e-15;166;1686;14060;12185.8;1;399;-2.14748e+09;-2.72154e+08;-1;0;0;0;-1;0;23364909;23364913;136
631;5.6421e-15;166;1686;14060;12185.8;1;399;-2.14748e+09;-2.65826e+08;-1;0;0;0;-1;0;24233278;24233283;153
632;5.6421e-15;165;1686;14060;12185.8;1;399;-2.14748e+09;-2.59697e+08;-1;0;0;0;-1;0;25113751;25113756;172
633;5.6421e-15;165;1686;14060;12185.8;1;399;-2.14748e+09;-2.53759e+08;-1;0;0;0;-1;0;26006008;26006015;194
634;5.6421e-15;165;1686;14060;12185.8;1;399;-2.14748e+09;-2.48005e+08;-1;0;0;0;-1;0;26909732;26909740;218
635;5.6421e-15;165;1686;14060;12185.8;1;399;-2.14748e+09;-2.42429e+08;-1;0;0;0;-1;0;27824602;27824611;244
636;5.6421e-15;165;1686;14060;12185.8;1;399;-2.14748e+09;-2.37024e+08;-1;0;0;0;-1;0;28750301;28750312;273
637;5.6421e-15;165;1686;14060;12185.8;1;399;-2.14748e+09;-2.31784e+08;-1;0;0;0;-1;0;29686513;29686525;305
638;5.6421e-15;164;1686;14060;12185.8;1;399;-2.14748e+09;-2.26703e+08;-1;0;0;0;-1;0;30632922;30632935;340
639;5.6421e-15;163;1686;14060;12185.8;1;399;-2.14748e+09;-2.21775e+08;-1;0;0;0;-1;0;31589215;31589230;379
640;5.6421e-15;163;1686;14060;12185.8;1;399;-2.14748e+09;-2.16994e+08;-1;0;0;0;-1;0;32555081;32555098;421
641;5.6421e-15;161;1686;14060;12185.8;1;399;-2.14748e+09;-2.12356e+08;-1;0;0;0;-1;0;33530210;33530230;467
642;5.6421e-15;160;1686;14060;12185.8;1;399;-2.14748e+09;-2.07855e+08;-1;0;0;0;-1;0;34514298;34514320;517
643;5.6421e-15;159;1686;14060;12185.8;1;399;-2.14748e+09;-2.03486e+08;-1;0;0;0;-1;0;35507041;35507065;572
644;5.6421e-15;159;1686;14060;12185.8;1;399;-2.14748e+09;-1.99245e+08;-1;0;0;0;-1;0;36508138;36508166;632
645;5.6421e-15;159;1686;14060;12185.8;1;399;-2.14748e+09;-1.95127e+08;-1;0;0;0;-1;0;37517293;37517324;697
646;5.6421e-15;159;1686;14060;12185.8;1;399;-2.14748e+09;-1.91128e+08;-1;0;0;0;-1;0;38534214;38534248;767
647;5.6421e-15;159;1686;14060;12185.8;1;399;-2.14748e+09;-1.87243e+08;-1;0;0;0;-1;0;39558609;39558647;843
648;5.6421e-15;158;1686;14060;12185.8;1;399;-2.14748e+09;-1.83469e+08;-1;0;0;0;-1;0;40590194;40590236;926
649;5.6421e-15;157;1686;14060;12185.8;1;399;-2.14748e+09;-1.79803e+08;-1;0;0;0;-1;0;41628686;41628732;1015
650;5.6421e-15;156;1685;14060;12185.8;1;399;-2.14748e+09;-1.76239e+08;-1;0;0;0;-1;0;42673808;42673858;1111
651;5.6421e-15;154;1685;14060;12185.8;1;399;-2.14748e+09;-1.72776e+08;-1;0;0;0;-1;0;43725285;43725340;1214
652;5.6421e-15;153;1685;14060;12185.8;1;399;-2.14748e+09;-1.69408e+08;-1;0;0;0;-1;0;44782848;44782909;1326
653;5.6421e-15;150;1685;14060;12185.8;1;399;-2.14748e+09;-1.66134e+08;-1;0;0;0;-1;0;45846232;45846298;1445
654;5.6421e-15;149;1685;14060;12185.8;1;399;-2.14748e+09;-1.6295e+08;-1;0;0;0;-1;0;46915175;46915248;1574
655;5.6421e-15;149;1685;14060;12185.8;1;399;-2.14748e+09;-1.59853e+08;-1;0;0;0;-1;0;47989423;47989502;1712
656;5.6421e-15;146;1685;14060;12185.8;1;399;-2.14748e+09;-1.56839e+08;-1;0;0;0;-1;0;49068721;49068807;1860
657;5.6421e-15;146;1685;14060;12185.8;1;399;-2.14748e+09;-1.53907e+08;0;0;-1;0;0;-1;50152824;50152917;2018
658;5.6421e-15;146;1685;14060;12185.8;1;399;-2.14748e+09;-1.51054e+08;-1;0;0;0;-1;0;51241487;51241589;2186
659;5.6421e-15;146;1685;14060;12185.8;1;399;-2.14748e+09;-1.48277e+08;-1;0;0;0;-1;0;52334473;52334584;2367
660;5.6421e-15;142;1685;14060;12185.8;1;399;-2.14748e+09;-1.45573e+08;-1;0;0;0;-1;0;53431548;53431668;2559
661;5.6421e-15;142;1685;14060;12185.8;1;399;-2.14748e+09;-1.42941e+08;-1;0;0;0;-1;0;54532483;54532613;2764
662;5.6421e-15;142;1685;14060;12185.8;1;399;-2.14748e+09;-1.40378e+08;-1;0;0;0;-1;0;55637054;55637194;2982
663;5.6421e-15;142;1685;14060;12185.8;1;399;-2.14748e+09;-1.37881e+08;-1;0;0;0;-1;0;56745040;56745192;3214
664;5.6421e-15;141;1685;14060;12185.8;1;399;-2.14748e+09;-1.35448e+08;-1;0;0;0;-1;0;57856226;57856390;3461
665;5.6421e-15;141;1684;14060;12185.8;1;399;-2.14748e+09;-1.33079e+08;-1;0;0;0;-1;0;58970402;58970579;3722
666;5.6421e-15;140;1684;14060;12185.8;1;399;-2.14748e+09;-1.30769e+08;-1;0;0;0;-1;0;60087362;60087552;4000
667;5.6421e-15;138;1684;14060;12185.8;1;399;-2.14748e+09;-1.28519e+08;-1;0;0;0;-1;0;61206903;61207107;4294
668;5.6421e-15;138;1684;14060;12185.8;1;399;-2.14748e+09;-1.26325e+08;-1;0;0;0;-1;0;62328829;62329048;4605
669;5.6421e-15;135;1684;14060;12185.8;1;399;-2.14748e+09;-1.24186e+08;-1;0;0;0;-1;0;63452947;63453183;4935
670;5.6421e-15;134;1684;14060;12185.8;1;399;-2.14748e+09;-1.221e+08;-1;0;0;0;-1;0;64579069;64579322;5283
671;5.6421e-15;134;1684;14060;12185.8;1;399;-2.14748e+09;-1.20066e+08;-1;0;0;0;-1;0;65707012;65707284;5651
672;5.6421e-15;134;1684;14060;12185.8;1;399;-2.14748e+09;-1.18082e+08;-1;0;0;0;-1;0;66836596;66836887;6039
673;5.6421e-15;133;1684;14060;12185.8;1;399;-2.14748e+09;-1.16147e+08;-1;0;0;0;-1;0;67967647;67967958;6448
674;5.6421e-15;131;1684;14060;12185.8;1;399;-2.14748e+09;-1.14258e+08;-1;0;0;0;-1;0;69099992;69100325;6879
675;5.6421e-15;131;1684;14060;12185.8;1;399;-2.14748e+09;-1.12416e+08;-1;0;0;0;-1;0;70233467;70233822;7333
676;5.6421e-15;130;1684;14060;12185.8;1;399;-2.14748e+09;-1.10617e+08;-1;0;0;0;-1;0;71367908;71368288;7811
677;5.6421e-15;129;1684;14060;12185.8;1;399;-2.14748e+09;-1.08861e+08;-1;0;0;0;-1;0;72503157;72503563;8313
678;5.6421e-15;129;1684;14060;12185.8;1;399;-2.14748e+09;-1.07148e+08;-1;0;0;0;-1;0;73639061;73639493;8841
679;5.6421e-15;129;1684;14060;12185.8;1;399;-2.14748e+09;-1.05474e+08;-1;0;0;0;-1;0;74775469;74775930;9395
680;5.6421e-15;129;1684;14060;12185.8;1;399;-2.14748e+09;-1.0384e+08;-1;0;0;0;-1;0;75912236;75912726;9976
681;5.6421e-15;128;1684;14060;12185.8;1;399;-2.14748e+09;-1.02244e+08;-1;0;0;0;-1;0;77049218;77049740;10585
682;5.6421e-15;127;1684;14060;12185.8;1;399;-2.14748e+09;-1.00684e+08;-1;0;0;0;-1;0;78186278;78186832;11224
683;5.6421e-15;126;1684;14060;12185.8;1;399;-2.14748e+09;-9.91611e+07;-1;0;0;0;-1;0;79323281;79323869;11893
684;5.6421e-15;126;1684;14060;12185.8;1;399;-2.14748e+09;-9.76726e+07;0;0;-1;0;0;-1;80460096;80460720;12593
685;5.6421e-15;126;1684;14060;12185.8;1;399;-2.14748e+09;-9.62178e+07;-1;0;0;0;-1;0;81596595;81597258;13325
686;5.6421e-15;125;1684;14060;12185.8;1;399;-2.14748e+09;-9.47961e+07;-1;0;0;0;-1;0;82732656;82733358;14091
687;5.6421e-15;123;1684;14060;12185.8;1;399;-2.14748e+09;-9.34062e+07;0;0;-1;0;0;-1;83868157;83868901;14890
688;5.6421e-15;121;1684;14060;12185.8;1;399;-2.14748e+09;-9.20474e+07;-1;0;0;0;-1;0;85002983;85003771;15725
689;5.6421e-15;121;1684;14060;12185.8;1;399;-2.14748e+09;-9.07187e+07;-1;0;0;0;-1;0;86137020;86137853;16596
690;5.6421e-15;120;1684;14060;12185.8;1;399;-2.14748e+09;-8.94193e+07;-1;0;0;0;-1;0;87270158;87271039;17505
691;5.6421e-15;119;1684;14060;12185.8;1;399;-2.14748e+09;-8.81483e+07;-1;0;0;0;-1;0;88402290;88403222;18452
692;5.6421e-15;118;1684;14060;12185.8;1;399;-2.14748e+09;-8.69051e+07;-1;0;0;0;-1;0;89533314;89534297;19438
693;5.6421e-15;117;1684;14060;12185.8;1;399;-2.14748e+09;-8.56888e+07;-1;0;0;0;-1;0;90663128;90664166;20466
694;5.6421e-15;117;1684;14060;12185.8;1;399;-2.14748e+09;-8.44988e+07;-1;0;0;0;-1;0;91791635;91792731;21535
695;5.6421e-15;116;1684;14060;12185.8;1;399;-2.14748e+09;-8.33342e+07;-1;0;0;0;-1;0;92918742;92919898;22647
696;5.6421e-15;116;1684;14060;12185.8;1;399;-2.14748e+09;-8.21942e+07;-1;0;0;0;-1;0;94044357;94045575;23804
697;5.6421e-15;116;1684;14060;12185.8;1;399;-2.14748e+09;-8.10786e+07;-1;0;0;0;-1;0;95168392;95169675;25005
698;5.6421e-15;113;1684;14060;12185.8;1;399;-2.14748e+09;-7.99863e+07;-1;0;0;0;-1;0;96290761;96292112;26253
699;5.6421e-15;110;1684;14060;12185.8;1;399;-2.14748e+09;-7.89168e+07;-1;0;0;0;-1;0;97411382;97412803;27549
700;5.6421e-15;110;1684;14060;12185.8;1;399;-2.14748e+09;-7.78695e+07;-1;0;0;0;-1;0;98530174;98531668;28894
701;5.6421e-15;109;1684;14060;12185.8;1;399;-2.14748e+09;-7.68437e+07;-1;0;0;0;-1;0;99647061;99648631;30288
702;5.6421e-15;107;1684;14060;12185.8;1;399;-2.14748e+09;-7.58392e+07;-1;0;0;0;-1;0;100761967;100763617;31734
703;5.6421e-15;99;1684;14060;12185.8;1;399;-2.14748e+09;-7.48551e+07;-1;0;0;0;-1;0;101874821;101876553;33233
704;5.6421e-15;98;1684;14060;12185.8;1;399;-2.14748e+09;-7.38908e+07;-1;0;0;0;-1;0;102985552;102987369;34785
705;5.6421e-15;98;1684;14060;12185.8;1;399;-2.14748e+09;-7.29461e+07;-1;0;0;0;-1;0;104094094;104096000;36392
706;5.6421e-15;97;1684;14060;12185.8;1;399;-2.14748e+09;-7.20203e+07;-1;0;0;0;-1;0;105200381;105202380;38055
707;5.6421e-15;94;1684;14060;12185.8;1;399;-2.14748e+09;-7.11128e+07;0;0;-1;0;0;-1;106304350;106306446;39776
708;5.6421e-15;93;1684;14060;12185.8;1;399;-2.14748e+09;-7.02234e+07;-1;0;0;0;-1;0;107405942;107408137;41555
709;5.6421e-15;91;1684;14060;12185.8;1;399;-2.14748e+09;-6.93515e+07;-1;0;0;0;-1;0;108505098;108507397;43394
710;5.6421e-15;89;1684;14060;12185.8;1;399;-2.14748e+09;-6.84967e+07;-1;0;0;0;-1;0;109601764;109604169;45295
711;5.6421e-15;87;1684;14060;12185.8;1;399;-2.14748e+09;-6.76584e+07;-1;0;0;0;-1;0;110695882;110698399;47258
712;5.6421e-15;85;1684;14060;12185.8;1;399;-2.14748e+09;-6.68363e+07;-1;0;0;0;-1;0;111787404;111790036;49285
713;5.6421e-15;85;1684;14060;12185.8;1;399;-2.14748e+09;-6.60301e+07;-1;0;0;0;-1;0;112876279;112879029;51377
714;5.6421e-15;83;1684;14060;12185.8;1;399;-2.14748e+09;-6.52393e+07;-1;0;0;0;-1;0;113962459;113965331;53535
715;5.6421e-15;83;1684;14060;12185.8;1;399;-2.14748e+09;-6.44636e+07;-1;0;0;0;-1;0;115045897;115048897;55762
716;5.6421e-15;81;1684;14060;12185.8;1;399;-2.14748e+09;-6.37024e+07;-1;0;0;0;-1;0;116126550;116129683;58057
717;5.6421e-15;81;1684;14060;12185.8;1;399;-2.14748e+09;-6.29556e+07;-1;0;0;0;-1;0;117204376;117207645;60422
718;5.6421e-15;80;1684;14060;12185.8;1;399;-2.14748e+09;-6.22227e+07;-1;0;0;0;-1;0;118279333;118282744;62859
719;5.6421e-15;78;1684;14060;12185.8;1;399;-2.14748e+09;-6.15033e+07;-1;0;0;0;-1;0;119351383;119354940;65369
720;5.6421e-15;78;1684;14060;12185.8;1;399;-2.14748e+09;-6.07973e+07;-1;0;0;0;-1;0;120420490;120424197;67953
721;5.6421e-15;78;1684;14060;12185.8;1;399;-2.14748e+09;-6.01041e+07;-1;0;0;0;-1;0;121486616;121490479;70612
722;5.6421e-15;78;1684;14060;12185.8;1;399;-2.14748e+09;-5.94236e+07;-1;0;0;0;-1;0;122549729;122553753;73348
723;5.6421e-15;78;1684;14060;12185.8;1;399;-2.14748e+09;-5.87556e+07;-1;0;0;0;-1;0;123609795;123613985;76163
724;5.6421e-15;78;1684;14060;12185.8;1;399;-2.14748e+09;-5.80994e+07;-1;0;0;0;-1;0;124666785;124671146;79057
725;5.6421e-15;78;1684;14060;12185.8;1;399;-2.14748e+09;-5.74551e+07;-1;0;0;0;-1;0;125720668;125725205;82031
726;5.6421e-15;78;1684;14060;12185.8;1;399;-2.14748e+09;-5.68223e+07;-1;0;0;0;-1;0;126771416;126776136;85088
727;5.6421e-15;77;1684;14060;12185.8;1;399;-2.14748e+09;-5.62006e+07;-1;0;0;0;-1;0;127819003;127823911;88228
728;5.6421e-15;75;1684;14060;12185.8;1;399;-2.14748e+09;-5.55901e+07;-1;0;0;0;-1;0;128863404;128868505;91453
729;5.6421e-15;73;1684;14060;12185.8;1;399;-2.14748e+09;-5.499e+07;-1;0;0;0;-1;0;129904594;129909894;94763
730;5.6421e-15;73;1684;14060;12185.8;1;399;-2.14748e+09;-5.44005e+07;-1;0;0;0;-1;0;130942550;130948056;98161
731;5.6421e-15;71;1684;14060;12185.8;1;399;-2.14748e+09;-5.38211e+07;-1;0;0;0;-1;0;131977251;131982970;101648
732;5.6421e-15;70;1684;14060;12185.8;1;399;-2.14748e+09;-5.32518e+07;-1;0;0;0;-1;0;133008677;133014614;105224
733;5.6421e-15;68;1684;14060;12185.8;1;399;-2.14748e+09;-5.26922e+07;-1;0;0;0;-1;0;134036809;134042970;108892
734;5.6421e-15;68;1684;14060;12185.8;1;399;-2.14748e+09;-5.21421e+07;-1;0;0;0;-1;0;135061629;135068021;112652
735;5.6421e-15;68;1684;14060;12185.8;1;399;-2.14748e+09;-5.16013e+07;-1;0;0;0;-1;0;136083119;136089749;116505
736;5.6421e-15;67;1684;14060;12185.8;1;399;-2.14748e+09;-5.10696e+07;-1;0;0;0;-1;0;137101264;137108138;120454
737;5.6421e-15;63;1684;14060;12185.8;1;399;-2.14748e+09;-5.05468e+07;0;0;-1;0;0;-1;138116049;138123175;124499
738;5.6421e-15;63;1684;14060;12185.8;1;399;-2.14748e+09;-5.00327e+07;-1;0;0;0;-1;0;139127460;139134844;128642
739;5.6421e-15;58;1684;14060;12185.8;1;399;-2.14748e+09;-4.95273e+07;-1;0;0;0;-1;0;140135485;140143135;132884
740;5.6421e-15;54;1684;14060;12185.8;1;399;-2.14748e+09;-4.90299e+07;-1;0;0;0;-1;0;141140112;141148035;137225
741;5.6421e-15;54;1684;14060;12185.8;1;399;-2.14748e+09;-4.85409e+07;-1;0;0;0;-1;0;142141329;142149532;141668
742;5.6421e-15;54;1684;14060;12185.8;1;399;-2.14748e+09;-4.80598e+07;-1;0;0;0;-1;0;143139127;143147618;146214
743;5.6421e-15;53;1684;14060;12185.8;1;399;-2.14748e+09;-4.75864e+07;-1;0;0;0;-1;0;144133496;144142284;150864
744;5.6421e-15;48;1684;14060;12185.8;1;399;-2.14748e+09;-4.71205e+07;-1;0;0;0;-1;0;145124429;145133519;155618
745;5.6421e-15;48;1684;14060;12185.8;1;399;-2.14748e+09;-4.66623e+07;-1;0;0;0;-1;0;146111917;146121319;160479
746;5.6421e-15;48;1684;14060;12185.8;1;399;-2.14748e+09;-4.62113e+07;-1;0;0;0;-1;0;147095954;147105676;165448
747;5.6421e-15;47;1684;14060;12185.8;1;399;-2.14748e+09;-4.57674e+07;-1;0;0;0;-1;0;148076534;148086584;170525
748;5.6421e-15;46;1684;14060;12185.8;1;399;-2.14748e+09;-4.53305e+07;-1;0;0;0;-1;0;149053653;149064038;175712
749;5.6421e-15;46;1684;14060;12185.8;1;399;-2.14748e+09;-4.49004e+07;-1;0;0;0;-1;0;150027304;150038035;181010
750;5.6421e-15;46;1684;14060;12185.8;1;399;-2.14748e+09;-4.44771e+07;-1;0;0;0;-1;0;150997485;151008569;186421
751;5.6421e-15;46;1684;14060;12185.8;1;399;-2.14748e+09;-4.40604e+07;-1;0;0;0;-1;0;151964192;151975638;191945
752;5.6421e-15;44;1684;14060;12185.8;1;399;-2.14748e+09;-4.36499e+07;-1;0;0;0;-1;0;152927424;152939241;197584
753;5.6421e-15;44;1684;14060;12185.8;1;399;-2.14748e+09;-4.32459e+07;-1;0;0;0;-1;0;153887177;153899375;203339
754;5.6421e-15;43;1684;14060;12185.8;1;399;-2.14748e+09;-4.2848e+07;-1;0;0;0;-1;0;154843452;154856039;209211
755;5.6421e-15;41;1684;14060;12185.8;1;399;-2.14748e+09;-4.2456e+07;-1;0;0;0;-1;0;155796247;155809233;215201
756;5.6421e-15;41;1684;14060;12185.8;1;399;-2.14748e+09;-4.207e+07;-1;0;0;0;-1;0;156745562;156758957;221310
757;5.6421e-15;40;1684;14060;12185.8;1;399;-2.14748e+09;-4.16897e+07;-1;0;0;0;-1;0;157691398;157705212;227539
758;5.6421e-15;40;1684;14060;12185.8;1;399;-2.14748e+09;-4.13152e+07;-1;0;0;0;-1;0;158633756;158647998;233890
759;5.6421e-15;40;1684;14060;12185.8;1;399;-2.14748e+09;-4.09462e+07;0;0;-1;0;0;-1;159572638;159587318;240364
760;5.6421e-15;40;1684;14060;12185.8;1;399;-2.14748e+09;-4.05826e+07;-1;0;0;0;-1;0;160508045;160523173;246961
761;5.6421e-15;40;1684;14060;12185.8;1;399;-2.14748e+09;-4.02245e+07;-1;0;0;0;-1;0;161439981;161455567;253684
762;5.6421e-15;39;1684;14060;12185.8;1;399;-2.14748e+09;-3.98715e+07;-1;0;0;0;-1;0;162368447;162384503;260532
763;5.6421e-15;39;1684;14060;12185.8;1;399;-2.14748e+09;-3.95236e+07;-1;0;0;0;-1;0;163293449;163309984;267506
764;5.6421e-15;36;1684;14060;12185.8;1;399;-2.14748e+09;-3.91808e+07;-1;0;0;0;-1;0;164214989;164232014;274609
765;5.6421e-15;36;1684;14060;12185.8;1;399;-2.14748e+09;-3.88429e+07;-1;0;0;0;-1;0;165133072;165150598;281841
766;5.6421e-15;36;1684;14060;12185.8;1;399;-2.14748e+09;-3.85098e+07;-1;0;0;0;-1;0;166047702;166065741;289202
767;5.6421e-15;34;1683;14060;12185.8;1;399;-2.14748e+09;-3.81814e+07;-1;0;0;0;-1;0;166958886;166977448;296695
768;5.6421e-15;34;1683;14060;12185.8;1;399;-2.14748e+09;-3.78576e+07;-1;0;0;0;-1;0;167866628;167885724;304320
769;5.6421e-15;31;1683;14060;12185.8;1;399;-2.14748e+09;-3.75384e+07;-1;0;0;0;-1;0;168770934;168790577;312077
770;5.6421e-15;31;1683;14060;12185.8;1;399;-2.14748e+09;-3.72238e+07;-1;0;0;0;-1;0;169671811;169692012;319969
771;5.6421e-15;31;1683;14060;12185.8;1;399;-2.14748e+09;-3.69134e+07;-1;0;0;0;-1;0;170569266;170590035;327995
772;5.6421e-15;30;1683;14060;12185.8;1;399;-2.14748e+09;-3.66073e+07;-1;0;0;0;-1;0;171463304;171484655;336157
773;5.6421e-15;30;1683;14060;12185.8;1;399;-2.14748e+09;-3.63056e+07;-1;0;0;0;-1;0;172353933;172375878;344456
774;5.6421e-15;30;1683;14060;12185.8;1;399;-2.14748e+09;-3.60078e+07;-1;0;0;0;-1;0;173241162;173263712;352892
775;5.6421e-15;28;1683;14060;12185.8;1;399;-2.14748e+09;-3.57142e+07;-1;0;0;0;-1;0;174124997;174148165;361467
776;5.6421e-15;27;1683;14060;12185.8;1;399;-2.14748e+09;-3.54246e+07;-1;0;0;0;-1;0;175005447;175029246;370182
777;5.6421e-15;27;1683;14060;12185.8;1;399;-2.14748e+09;-3.51389e+07;-1;0;0;0;-1;0;175882520;175906962;379036
778;5.6421e-15;26;1683;14060;12185.8;1;399;-2.14748e+09;-3.4857e+07;-1;0;0;0;-1;0;176756225;176781323;388032
779;5.6421e-15;24;1683;14060;12185.8;1;399;-2.14748e+09;-3.45788e+07;-1;0;0;0;-1;0;177626570;177652338;397170
780;5.6421e-15;24;1683;14060;12185.8;1;399;-2.14748e+09;-3.43044e+07;-1;0;0;0;-1;0;178493566;178520015;406451
781;5.6421e-15;23;1683;14060;12185.8;1;399;-2.14748e+09;-3.40337e+07;-1;0;0;0;-1;0;179357220;179384365;415876
782;5.6421e-15;22;1683;14060;12185.8;1;399;-2.14748e+09;-3.37665e+07;-1;0;0;0;-1;0;180217543;180245398;425445
783;5.6421e-15;21;1683;14060;12185.8;1;399;-2.14748e+09;-3.35027e+07;-1;0;0;0;-1;0;181074545;181103122;435159
784;5.6421e-15;21;1683;14060;12185.8;1;399;-2.14748e+09;-3.32423e+07;-1;0;0;0;-1;0;181928235;181957548;445019
785;5.6421e-15;21;1683;14060;12185.8;1;399;-2.14748e+09;-3.29854e+07;-1;0;0;0;-1;0;182778623;182808688;455026
786;5.6421e-15;20;1683;14060;12185.8;1;399;-2.14748e+09;-3.27318e+07;-1;0;0;0;-1;0;183625721;183656550;465181
787;5.6421e-15;12;1683;14060;12185.8;1;399;-2.14748e+09;-3.24814e+07;-1;0;0;0;-1;0;184469538;184501146;475484
788;5.6421e-15;11;1683;14060;12185.8;1;399;-2.14748e+09;-3.22343e+07;-1;0;0;0;-1;0;185310085;185342486;485936
789;5.6421e-15;10;1683;14060;12185.8;1;399;-2.14748e+09;-3.19902e+07;-1;0;0;0;-1;0;186147373;186180582;496537
790;5.6421e-15;9;1683;14060;12185.8;1;399;-2.14748e+09;-3.17493e+07;-1;0;0;0;-1;0;186981414;187015445;507289
791;5.6421e-15;9;1683;14060;12185.8;1;399;-2.14748e+09;-3.15114e+07;-1;0;0;0;-1;0;187812217;187847086;518192
792;5.6421e-15;6;1683;14060;12185.8;1;399;-2.14748e+09;-3.12764e+07;-1;0;0;0;-1;0;188639795;188675517;529247
793;5.6421e-15;4;1683;14060;12185.8;1;399;-2.14748e+09;-3.10444e+07;-1;0;0;0;-1;0;189464159;189500748;540455
794;5.6421e-15;3;1683;14060;12185.8;1;399;-2.14748e+09;-3.08153e+07;-1;0;0;0;-1;0;190285320;190322793;551815
795;5.6421e-15;0;1683;14060;12185.8;1;399;-2.14748e+09;-3.0589e+07;-1;0;0;0;-1;0;191103291;191141662;563329
796;5.6421e-15;0;1683;14060;12185.8;1;399;-2.14748e+09;-3.03654e+07;-1;0;0;0;-1;0;191918082;191957367;574997
797;5.6421e-15;-1;1683;14060;12185.8;1;399;-2.14748e+09;-3.01446e+07;0;0;0;0;0;0;192729706;192769921;586820
798;5.6421e-15;-1;1683;14060;12185.8;1;399;-2.14748e+09;-2.99265e+07;-1;0;0;0;-1;0;193538174;193579336;598799
799;5.6421e-15;-1;1683;14060;12185.8;1;399;-2.14748e+09;-2.97112e+07;-1;0;0;0;-1;0;194343500;194385624;610933
800;5.6421e-15;-1;1683;14060;12185.8;1;399;-2.14748e+09;-2.94983e+07;-1;0;0;0;-1;0;195145695;195188797;623224
801;5.6421e-15;-1;1683;14060;12185.8;1;399;-2.14748e+09;-2.92879e+07;-1;0;0;0;-1;0;195944770;195988868;635672
802;5.6421e-15;-1;1683;14060;12185.8;1;399;-2.14748e+09;-2.90801e+07;-1;0;0;0;-1;0;196740740;196785849;648278
803;5.6421e-15;-2;1683;14060;12185.8;1;399;-2.14748e+09;-2.88747e+07;0;0;0;0;0;0;197533615;197579753;661042
804;5.6421e-15;-3;1683;14060;12185.8;1;399;-2.14748e+09;-2.86718e+07;0;0;0;0;0;0;198323408;198370592;673964
805;5.6421e-15;-4;1683;14060;12185.8;1;399;-2.14748e+09;-2.84714e+07;0;0;0;0;0;0;199110133;199158379;687046
806;5.6421e-15;-4;1683;14060;12185.8;1;399;-2.14748e+09;-2.82731e+07;-1;0;0;0;-1;0;199893801;199943127;700287
807;5.6421e-15;-5;1683;14060;12185.8;1;399;-2.14748e+09;-2.80773e+07;0;0;0;0;0;0;200674426;200724848;713688
808;5.6421e-15;-5;1683;14060;12185.8;1;399;-2.14748e+09;-2.78838e+07;-1;0;0;0;-1;0;201452019;201503556;727249
809;5.6421e-15;-6;1683;14060;12185.8;1;399;-2.14748e+09;-2.76923e+07;0;0;0;0;0;0;202226593;202279263;740971
810;5.6421e-15;-6;1683;14060;12185.8;1;399;-2.14748e+09;-2.75033e+07;-1;0;0;0;-1;0;202998163;203051983;754854
811;5.6421e-15;-7;1683;14060;12185.8;1;399;-2.14748e+09;-2.73162e+07;0;0;0;0;0;0;203766739;203821727;768899
812;5.6421e-15;-8;1683;14060;12185.8;1;399;-2.14748e+09;-2.71313e+07;0;0;0;0;0;0;204532335;204588510;783106
813;5.6421e-15;-9;1683;14060;12185.8;1;399;-2.14748e+09;-2.69486e+07;0;0;0;0;0;0;205294965;205352345;797476
814;5.6421e-15;-10;1683;14060;12185.8;1;399;-2.14748e+09;-2.67678e+07;0;0;0;0;0;0;206054640;206113243;812008
815;5.6421e-15;-11;1683;14060;12185.8;1;399;-2.14748e+09;-2.65892e+07;0;0;0;0;0;0;206811374;206871219;826703
816;5.6421e-15;-12;1683;14060;12185.8;1;399;-2.14748e+09;-2.64126e+07;0;0;0;0;0;0;207565180;207626286;841561
817;5.6421e-15;-12;1683;14060;12185.8;1;399;-2.14748e+09;-2.62378e+07;0;0;-1;0;0;-1;208316071;208378456;856583
818;5.6421e-15;-13;1683;14060;12185.8;1;399;-2.14748e+09;-2.60651e+07;0;0;0;0;0;0;209064059;209127744;871769
819;5.6421e-15;-13;1683;14060;12185.8;1;399;-2.14748e+09;-2.58942e+07;-1;0;0;0;-1;0;209809158;209874161;887120
820;5.6421e-15;-14;1683;14060;12185.8;1;399;-2.14748e+09;-2.57251e+07;0;0;0;0;0;0;210551381;210617721;902634
821;5.6421e-15;-15;1683;14060;12185.8;1;399;-2.14748e+09;-2.55581e+07;0;0;0;0;0;0;211290741;211358438;918314
822;5.6421e-15;-15;1683;14060;12185.8;1;399;-2.14748e+09;-2.53927e+07;-1;0;0;0;-1;0;212027250;212096324;934158
823;5.6421e-15;-15;1683;14060;12185.8;1;399;-2.14748e+09;-2.52292e+07;-1;0;0;0;-1;0;212760922;212831393;950168
824;5.6421e-15;-16;1683;14060;12185.8;1;399;-2.14748e+09;-2.50675e+07;0;0;0;0;0;0;213491770;213563658;966343
825;5.6421e-15;-16;1683;14060;12185.8;1;399;-2.14748e+09;-2.49075e+07;-1;0;0;0;-1;0;214219807;214293132;982684
826;5.6421e-15;-17;1683;14060;12185.8;1;399;-2.14748e+09;-2.47491e+07;0;0;0;0;0;0;214945046;215019828;999191
827;5.6421e-15;-17;1683;14060;12185.8;1;399;-2.14748e+09;-2.45925e+07;-1;0;0;0;-1;0;215667500;215743759;1015864
828;5.6421e-15;-18;1683;14060;12185.8;1;399;-2.14748e+09;-2.44375e+07;0;0;0;0;0;0;216387181;216464939;1032703
829;5.6421e-15;-18;1683;14060;12185.8;1;399;-2.14748e+09;-2.42842e+07;-1;0;0;0;-1;0;217104103;217183380;1049708
830;5.6421e-15;-19;1683;14060;12185.8;1;399;-2.14748e+09;-2.41324e+07;0;0;0;0;0;0;217818279;217899096;1066879
831;5.6421e-15;-20;1683;14060;12185.8;1;399;-2.14748e+09;-2.39824e+07;0;0;0;0;0;0;218529722;218612100;1084217
832;5.6421e-15;-21;1683;14060;12185.8;1;399;-2.14748e+09;-2.38338e+07;0;0;0;0;0;0;219238444;219322404;1101722
833;5.6421e-15;-21;1683;14060;12185.8;1;399;-2.14748e+09;-2.36868e+07;-1;0;0;0;-1;0;219944459;220030023;1119394
834;5.6421e-15;-22;1683;14060;12185.8;1;399;-2.14748e+09;-2.35413e+07;0;0;0;0;0;0;220647779;220734968;1137232
835;5.6421e-15;-23;1683;14060;12185.8;1;399;-2.14748e+09;-2.33972e+07;0;0;0;0;0;0;221348418;221437254;1155238
836;5.6421e-15;-23;1683;14060;12185.8;1;399;-2.14748e+09;-2.32548e+07;-1;0;0;0;-1;0;222046388;222136892;1173410
837;5.6421e-15;-23;1683;14060;12185.8;1;399;-2.14748e+09;-2.31137e+07;-1;0;0;0;-1;0;222741701;222833896;1191750
838;5.6421e-15;-24;1683;14060;12185.8;1;399;-2.14748e+09;-2.2974e+07;0;0;0;0;0;0;223434371;223528279;1210256
839;5.6421e-15;-25;1683;14060;12185.8;1;399;-2.14748e+09;-2.28357e+07;0;0;0;0;0;0;224124411;224220053;1228930
840;5.6421e-15;-25;1683;14060;12185.8;1;399;-2.14748e+09;-2.2699e+07;-1;0;0;0;-1;0;224811832;224909232;1247771
841;5.6421e-15;-26;1683;14060;12185.8;1;399;-2.14748e+09;-2.25635e+07;0;0;0;0;0;0;225496649;225595828;1266779
842;5.6421e-15;-26;1683;14060;12185.8;1;399;-2.14748e+09;-2.24293e+07;-1;0;0;0;-1;0;226178873;226279854;1285954
843;5.6421e-15;-27;1683;14060;12185.8;1;399;-2.14748e+09;-2.22966e+07;0;0;0;0;0;0;226858517;226961324;1305296
844;5.6421e-15;-27;1683;14060;12185.8;1;399;-2.14748e+09;-2.21652e+07;-1;0;0;0;-1;0;227535593;227640248;1324805
845;5.6421e-15;-27;1683;14060;12185.8;1;399;-2.14748e+09;-2.20349e+07;-1;0;0;0;-1;0;228210115;228316641;1344482
846;5.6421e-15;-27;1683;14060;12185.8;1;399;-2.14748e+09;-2.19061e+07;-1;0;0;0;-1;0;228882094;228990515;1364325
847;5.6421e-15;-27;1683;14060;12185.8;1;399;-2.14748e+09;-2.17785e+07;-1;0;0;0;-1;0;229551544;229661882;1384335
848;5.6421e-15;-27;1683;14060;12185.8;1;399;-2.14748e+09;-2.16522e+07;-1;0;0;0;-1;0;230218475;230330755;1404512
849;5.6421e-15;-28;1683;14060;12185.8;1;399;-2.14748e+09;-2.15269e+07;0;0;0;0;0;0;230882902;230997147;1424856
850;5.6421e-15;-28;1683;14060;12185.8;1;399;-2.14748e+09;-2.1403e+07;-1;0;0;0;-1;0;231544836;231661069;1445366
851;5.6421e-15;-29;1683;14060;12185.8;1;399;-2.14748e+09;-2.12802e+07;0;0;0;0;0;0;232204289;232322535;1466043
852;5.6421e-15;-30;1683;14060;12185.8;1;399;-2.14748e+09;-2.11588e+07;0;0;0;0;0;0;232861274;232981557;1486886
853;5.6421e-15;-31;1683;14060;12185.8;1;399;-2.14748e+09;-2.10383e+07;0;0;0;0;0;0;233515803;233638146;1507896
854;5.6421e-15;-31;1683;14060;12185.8;1;399;-2.14748e+09;-2.09191e+07;-1;0;0;0;-1;0;234167888;234292317;1529072
855;5.6421e-15;-31;1683;14060;12185.8;1;399;-2.14748e+09;-2.08009e+07;-1;0;0;0;-1;0;234817541;234944079;1550414
856;5.6421e-15;-32;1683;14060;12185.8;1;399;-2.14748e+09;-2.06839e+07;0;0;0;0;0;0;235464775;235593447;1571921
857;5.6421e-15;-33;1683;14060;12185.8;1;399;-2.14748e+09;-2.05679e+07;0;0;0;0;0;0;236109600;236240431;1593595
858;5.6421e-15;-33;1683;14060;12185.8;1;399;-2.14748e+09;-2.04531e+07;-1;0;0;0;-1;0;236752030;236885044;1615433
859;5.6421e-15;-34;1683;14060;12185.8;1;399;-2.14748e+09;-2.03394e+07;0;0;0;0;0;0;237392075;237527299;1637437
860;5.6421e-15;-34;1683;14060;12185.8;1;399;-2.14748e+09;-2.02268e+07;-1;0;0;0;-1;0;238029749;238167206;1659607
861;5.6421e-15;-35;1683;14060;12185.8;1;399;-2.14748e+09;-2.0115e+07;0;0;0;0;0;0;238665062;238804778;1681941
862;5.6421e-15;-36;1683;14060;12185.8;1;399;-2.14748e+09;-2.00045e+07;0;0;0;0;0;0;239298027;239440027;1704440
863;5.6421e-15;-37;1683;14060;12185.8;1;399;-2.14748e+09;-1.98949e+07;0;0;0;0;0;0;239928655;240072965;1727103
864;5.6421e-15;-38;1683;14060;12185.8;1;399;-2.14748e+09;-1.97863e+07;0;0;0;0;0;0;240556958;240703603;1749930
865;5.6421e-15;-38;1683;14060;12185.8;1;399;-2.14748e+09;-1.96787e+07;-1;0;0;0;-1;0;241182947;241331953;1772922
866;5.6421e-15;-38;1683;14060;12185.8;1;399;-2.14748e+09;-1.95719e+07;-1;0;0;0;-1;0;241806634;241958027;1796077
867;5.6421e-15;-39;1683;14060;12185.8;1;399;-2.14748e+09;-1.94663e+07;0;0;0;0;0;0;242428031;242581837;1819396
868;5.6421e-15;-39;1683;14060;12185.8;1;399;-2.14748e+09;-1.93615e+07;-1;0;0;0;-1;0;243047148;243203394;1842878
869;5.6421e-15;-39;1683;14060;12185.8;1;399;-2.14748e+09;-1.92579e+07;-1;0;0;0;-1;0;243663998;243822709;1866523
870;5.6421e-15;-40;1683;14060;12185.8;1;399;-2.14748e+09;-1.91549e+07;0;0;0;0;0;0;244278591;244439794;1890330
871;5.6421e-15;-41;1683;14060;12185.8;1;399;-2.14748e+09;-1.9053e+07;0;0;0;0;0;0;244890940;245054660;1914300
872;5.6421e-15;-41;1683;14060;12185.8;1;399;-2.14748e+09;-1.8952e+07;-1;0;0;0;-1;0;245501054;245667319;1938432
873;5.6421e-15;-42;1683;14060;12185.8;1;399;-2.14748e+09;-1.88519e+07;0;0;0;0;0;0;246108946;246277782;1962725
874;5.6421e-15;-42;1683;14060;12185.8;1;399;-2.14748e+09;-1.87527e+07;-1;0;0;0;-1;0;246714626;246886061;1987180
875;5.6421e-15;-43;1683;14060;12185.8;1;399;-2.14748e+09;-1.86542e+07;0;0;0;0;0;0;247318106;247492166;2011796
876;5.6421e-15;-44;1683;14060;12185.8;1;399;-2.14748e+09;-1.85566e+07;0;0;0;0;0;0;247919396;248096108;2036573
877;5.6421e-15;-44;1683;14060;12185.8;1;399;-2.14748e+09;-1.846e+07;-1;0;0;0;-1;0;248518508;248697899;2061510
878;5.6421e-15;-44;1683;14060;12185.8;1;399;-2.14748e+09;-1.83641e+07;-1;0;0;0;-1;0;249115452;249297549;2086608
879;5.6421e-15;-44;1683;14060;12185.8;1;399;-2.14748e+09;-1.82692e+07;-1;0;0;0;-1;0;249710239;249895070;2111865
880;5.6421e-15;-45;1683;14060;12185.8;1;399;-2.14748e+09;-1.8175e+07;0;0;0;0;0;0;250302880;250490473;2137281
881;5.6421e-15;-45;1683;14060;12185.8;1;399;-2.14748e+09;-1.80817e+07;-1;0;0;0;-1;0;250893386;251083768;2162856
882;5.6421e-15;-46;1683;14060;12185.8;1;399;-2.14748e+09;-1.7989e+07;0;0;0;0;0;0;251481767;251674966;2188590
883;5.6421e-15;-46;1683;14060;12185.8;1;399;-2.14748e+09;-1.78972e+07;-1;0;0;0;-1;0;252068034;252264077;2214482
884;5.6421e-15;-46;1683;14060;12185.8;1;399;-2.14748e+09;-1.78062e+07;-1;0;0;0;-1;0;252652197;252851113;2240532
885;5.6421e-15;-46;1683;14060;12185.8;1;399;-2.14748e+09;-1.7716e+07;-1;0;0;0;-1;0;253234268;253436085;2266739
886;5.6421e-15;-47;1683;14060;12185.8;1;399;-2.14748e+09;-1.76266e+07;0;0;0;0;0;0;253814256;254019002;2293103
887;5.6421e-15;-48;1683;14060;12185.8;1;399;-2.14748e+09;-1.75379e+07;0;0;0;0;0;0;254392172;254599875;2319624
888;5.6421e-15;-48;1683;14060;12185.8;1;399;-2.14748e+09;-1.74499e+07;-1;0;0;0;-1;0;254968026;255178714;2346301
889;5.6421e-15;-49;1683;14060;12185.8;1;399;-2.14748e+09;-1.73625e+07;0;0;0;0;0;0;255541829;255755531;2373134
890;5.6421e-15;-49;1683;14060;12185.8;1;399;-2.14748e+09;-1.72761e+07;-1;0;0;0;-1;0;256113590;256330335;2400122
891;5.6421e-15;-49;1683;14060;12185.8;1;399;-2.14748e+09;-1.71902e+07;-1;0;0;0;-1;0;256683320;256903136;2427265
892;5.6421e-15;-49;1683;14060;12185.8;1;399;-2.14748e+09;-1.71052e+07;-1;0;0;0;-1;0;257251030;257473946;2454562
893;5.6421e-15;-49;1683;14060;12185.8;1;399;-2.14748e+09;-1.70207e+07;-1;0;0;0;-1;0;257816728;258042773;2482013
894;5.6421e-15;-50;1683;14060;12185.8;1;399;-2.14748e+09;-1.6937e+07;0;0;0;0;0;0;258380425;258609628;2509618
895;5.6421e-15;-51;1683;14060;12185.8;1;399;-2.14748e+09;-1.68541e+07;0;0;0;0;0;0;258942132;259174521;2537376
896;5.6421e-15;-51;1683;14060;12185.8;1;399;-2.14748e+09;-1.67716e+07;-1;0;0;0;-1;0;259501857;259737463;2565286
897;5.6421e-15;-51;1683;14060;12185.8;1;399;-2.14748e+09;-1.669e+07;-1;0;0;0;-1;0;260059611;260298462;2593349
898;5.6421e-15;-51;1683;14060;12185.8;1;399;-2.14748e+09;-1.66089e+07;-1;0;0;0;-1;0;260615404;260857530;2621563
899;5.6421e-15;-52;1683;14060;12185.8;1;399;-2.14748e+09;-1.65286e+07;0;0;0;0;0;0;261169244;261414675;2649928
900;5.6421e-15;-52;1683;14060;12185.8;1;399;-2.14748e+09;-1.64489e+07;-1;0;0;0;-1;0;261721143;261969907;2678444
901;5.6421e-15;-53;1683;14060;12185.8;1;399;-2.14748e+09;-1.63698e+07;0;0;0;0;0;0;262271109;262523237;2707110
902;5.6421e-15;-54;1683;14060;12185.8;1;399;-2.14748e+09;-1.62913e+07;0;0;0;0;0;0;262819153;263074673;2735926
903;5.6421e-15;-54;1683;14060;12185.8;1;399;-2.14748e+09;-1.62134e+07;-1;0;0;0;-1;0;263365283;263624226;2764891
904;5.6421e-15;-55;1683;14060;12185.8;1;399;-2.14748e+09;-1.61363e+07;0;0;0;0;0;0;263909509;264171905;2794005
905;5.6421e-15;-56;1683;14060;12185.8;1;399;-2.14748e+09;-1.60597e+07;0;0;0;0;0;0;264451840;264717720;2823266
906;5.6421e-15;-56;1683;14060;12185.8;1;399;-2.14748e+09;-1.59836e+07;-1;0;0;0;-1;0;264992286;265261679;2852676
907;5.6421e-15;-56;1683;14060;12185.8;1;399;-2.14748e+09;-1.59083e+07;-1;0;0;0;-1;0;265530857;265803793;2882232
908;5.6421e-15;-57;1683;14060;12185.8;1;399;-2.14748e+09;-1.58334e+07;0;0;0;0;0;0;266067560;266344070;2911936
909;5.6421e-15;-58;1683;14060;12185.8;1;399;-2.14748e+09;-1.57593e+07;0;0;0;0;0;0;266602406;266882520;2941785
910;5.6421e-15;-58;1683;14060;12185.8;1;399;-2.14748e+09;-1.56856e+07;-1;0;0;0;-1;0;267135404;267419152;2971779
911;5.6421e-15;-59;1683;14060;12185.8;1;399;-2.14748e+09;-1.56125e+07;0;0;0;0;0;0;267666563;267953975;3001919
912;5.6421e-15;-60;1683;14060;12185.8;1;399;-2.14748e+09;-1.55399e+07;0;0;0;0;0;0;268195891;268486999;3032203
913;5.6421e-15;-61;1683;14060;12185.8;1;399;-2.14748e+09;-1.54679e+07;0;0;0;0;0;0;268723398;269018232;3062631
914;5.6421e-15;-62;1683;14060;12185.8;1;399;-2.14748e+09;-1.53965e+07;0;0;0;0;0;0;269249092;269547683;3093202
915;5.6421e-15;-62;1683;14060;12185.8;1;399;-2.14748e+09;-1.53257e+07;-1;0;0;0;-1;0;269772983;270075362;3123916
916;5.6421e-15;-62;1683;14060;12185.8;1;399;-2.14748e+09;-1.52554e+07;-1;0;0;0;-1;0;270295079;270601277;3154773
917;5.6421e-15;-63;1683;14060;12185.8;1;399;-2.14748e+09;-1.51855e+07;0;0;0;0;0;0;270815390;271125437;3185771
918;5.6421e-15;-64;1683;14060;12185.8;1;399;-2.14748e+09;-1.51163e+07;0;0;0;0;0;0;271333923;271647851;3216910
919;5.6421e-15;-65;1683;14060;12185.8;1;399;-2.14748e+09;-1.50475e+07;0;0;0;0;0;0;271850687;272168527;3248189
920;5.6421e-15;-65;1683;14060;12185.8;1;399;-2.14748e+09;-1.49793e+07;-1;0;0;0;-1;0;272365692;272687474;3279608
921;5.6421e-15;-66;1683;14060;12185.8;1;399;-2.14748e+09;-1.49115e+07;0;0;0;0;0;0;272878945;273204702;3311167
922;5.6421e-15;-67;1683;14060;12185.8;1;399;-2.14748e+09;-1.48444e+07;0;0;0;0;0;0;273390455;273720218;3342865
923;5.6421e-15;-68;1683;14060;12185.8;1;399;-2.14748e+09;-1.47777e+07;0;0;0;0;0;0;273900230;274234031;3374701
924;5.6421e-15;-68;1683;14060;12185.8;1;399;-2.14748e+09;-1.47113e+07;-1;0;0;0;-1;0;274408280;274746149;3406674
925;5.6421e-15;-69;1683;14060;12185.8;1;399;-2.14748e+09;-1.46457e+07;0;0;0;0;0;0;274914612;275256581;3438784
926;5.6421e-15;-69;1683;14060;12185.8;1;399;-2.14748e+09;-1.45803e+07;-1;0;0;0;-1;0;275419234;275765336;3471031
927;5.6421e-15;-69;1683;14060;12185.8;1;399;-2.14748e+09;-1.45157e+07;-1;0;0;0;-1;0;275922155;276272421;3503414
928;5.6421e-15;-70;1683;14060;12185.8;1;399;-2.14748e+09;-1.44514e+07;0;0;0;0;0;0;276423384;276777845;3535932
929;5.6421e-15;-71;1683;14060;12185.8;1;399;-2.14748e+09;-1.43874e+07;0;0;0;0;0;0;276922927;277281615;3568584
930;5.6421e-15;-71;1683;14060;12185.8;1;399;-2.14748e+09;-1.43241e+07;-1;0;0;0;-1;0;277420794;277783741;3601371
931;5.6421e-15;-72;1683;14060;12185.8;1;399;-2.14748e+09;-1.42612e+07;0;0;0;0;0;0;277916992;278284231;3634291
932;5.6421e-15;-73;1683;14060;12185.8;1;399;-2.14748e+09;-1.41988e+07;0;0;0;0;0;0;278411530;278783091;3667344
933;5.6421e-15;-73;1683;14060;12185.8;1;399;-2.14748e+09;-1.41367e+07;-1;0;0;0;-1;0;278904415;279280332;3700529
934;5.6421e-15;-73;1683;14060;12185.8;1;399;-2.14748e+09;-1.40752e+07;-1;0;0;0;-1;0;279395655;279775959;3733845
935;5.6421e-15;-74;1683;14060;12185.8;1;399;-2.14748e+09;-1.4014e+07;0;0;0;0;0;0;279885258;280269982;3767293
936;5.6421e-15;-75;1683;14060;12185.8;1;399;-2.14748e+09;-1.39535e+07;0;0;0;0;0;0;280373232;280762408;3800871
937;5.6421e-15;-75;1683;14060;12185.8;1;399;-2.14748e+09;-1.38932e+07;-1;0;0;0;-1;0;280859584;281253245;3834578
938;5.6421e-15;-76;1683;14060;12185.8;1;399;-2.14748e+09;-1.38333e+07;0;0;0;0;0;0;281344324;281742501;3868415
939;5.6421e-15;-76;1683;14060;12185.8;1;399;-2.14748e+09;-1.37739e+07;-1;0;0;0;-1;0;281827457;282230183;3902380
940;5.6421e-15;-77;1683;14060;12185.8;1;399;-2.14748e+09;-1.3715e+07;0;0;0;0;0;0;282308992;282716300;3936473
941;5.6421e-15;-78;1683;14060;12185.8;1;399;-2.14748e+09;-1.36565e+07;0;0;0;0;0;0;282788936;283200858;3970693
942;5.6421e-15;-78;1683;14060;12185.8;1;399;-2.14748e+09;-1.35983e+07;-1;0;0;0;-1;0;283267297;283683866;4005040
943;5.6421e-15;-79;1683;14060;12185.8;1;399;-2.14748e+09;-1.35406e+07;0;0;0;0;0;0;283744082;284165331;4039513
944;5.6421e-15;-79;1683;14060;12185.8;1;399;-2.14748e+09;-1.34831e+07;-1;0;0;0;-1;0;284219299;284645260;4074111
945;5.6421e-15;-80;1683;14060;12185.8;1;399;-2.14748e+09;-1.34263e+07;0;0;0;0;0;0;284692955;285123661;4108834
946;5.6421e-15;-81;1683;14060;12185.8;1;399;-2.14748e+09;-1.33696e+07;0;0;0;0;0;0;285165058;285600541;4143681
947;5.6421e-15;-81;1683;14060;12185.8;1;399;-2.14748e+09;-1.33134e+07;-1;0;0;0;-1;0;285635615;286075908;4178652
948;5.6421e-15;-81;1683;14060;12185.8;1;399;-2.14748e+09;-1.32577e+07;-1;0;0;0;-1;0;286104632;286549770;4213745
949;5.6421e-15;-81;1683;14060;12185.8;1;399;-2.14748e+09;-1.32023e+07;-1;0;0;0;-1;0;286572118;287022132;4248960
950;5.6421e-15;-82;1683;14060;12185.8;1;399;-2.14748e+09;-1.31473e+07;0;0;0;0;0;0;287038080;287493003;4284297
951;5.6421e-15;-83;1683;14060;12185.8;1;399;-2.14748e+09;-1.30927e+07;0;0;0;0;0;0;287502524;287962389;4319755
952;5.6421e-15;-83;1683;14060;12185.8;1;399;-2.14748e+09;-1.30385e+07;-1;0;0;0;-1;0;287965458;288430298;4355333
953;5.6421e-15;-84;1683;14060;12185.8;1;399;-2.14748e+09;-1.29846e+07;0;0;0;0;0;0;288426888;288896737;4391030
954;5.6421e-15;-85;1683;14060;12185.8;1;399;-2.14748e+09;-1.29309e+07;0;0;0;0;0;0;288886823;289361713;4426846
955;5.6421e-15;-86;1683;14060;12185.8;1;399;-2.14748e+09;-1.28777e+07;0;0;0;0;0;0;289345268;289825233;4462781
956;5.6421e-15;-87;1683;14060;12185.8;1;399;-2.14748e+09;-1.2825e+07;0;0;0;0;0;0;289802231;290287304;4498833
957;5.6421e-15;-88;1683;14060;12185.8;1;399;-2.14748e+09;-1.27726e+07;0;0;0;0;0;0;290257718;290747933;4535003
958;5.6421e-15;-88;1682;14060;12185.8;1;399;-2.14748e+09;-1.27203e+07;0;0;0;0;0;0;290711737;291207126;4571288
959;5.6421e-15;-88;1682;14060;12185.8;1;399;-2.14748e+09;-1.26687e+07;-1;0;0;0;-1;0;291164294;291664891;4607689
960;5.6421e-15;-89;1682;14060;12185.8;1;399;-2.14748e+09;-1.26172e+07;0;0;0;0;0;0;291615395;292121234;4644206
961;5.6421e-15;-89;1682;14060;12185.8;1;399;-2.14748e+09;-1.25661e+07;-1;0;0;0;-1;0;292065049;292576162;4680836
962;5.6421e-15;-90;1682;14060;12185.8;1;399;-2.14748e+09;-1.25153e+07;0;0;0;0;0;0;292513260;293029682;4717581
963;5.6421e-15;-90;1682;14060;12185.8;1;399;-2.14748e+09;-1.2465e+07;-1;0;0;0;-1;0;292960037;293481800;4754438
964;5.6421e-15;-90;1682;14060;12185.8;1;399;-2.14748e+09;-1.24148e+07;-1;0;0;0;-1;0;293405385;293932523;4791408
965;5.6421e-15;-90;1682;14060;12185.8;1;399;-2.14748e+09;-1.23652e+07;-1;0;0;0;-1;0;293849312;294381858;4828489
966;5.6421e-15;-91;1682;14060;12185.8;1;399;-2.14748e+09;-1.23158e+07;0;0;0;0;0;0;294291823;294829811;4865682
967;5.6421e-15;-91;1682;14060;12185.8;1;399;-2.14748e+09;-1.22665e+07;-1;0;0;0;-1;0;294732925;295276388;4902985
968;5.6421e-15;-92;1682;14060;12185.8;1;399;-2.14748e+09;-1.22179e+07;0;0;0;0;0;0;295172624;295721597;4940398
969;5.6421e-15;-93;1682;14060;12185.8;1;399;-2.14748e+09;-1.21694e+07;0;0;0;0;0;0;295610927;296165443;4977920
970;5.6421e-15;-94;1682;14060;12185.8;1;399;-2.14748e+09;-1.21212e+07;0;0;0;0;0;0;296047841;296607934;5015550
971;5.6421e-15;-94;1682;14060;12185.8;1;399;-2.14748e+09;-1.20733e+07;-1;0;0;0;-1;0;296483371;297049074;5053288
972;5.6421e-15;-95;1682;14060;12185.8;1;399;-2.14748e+09;-1.20258e+07;0;0;0;0;0;0;296917524;297488871;5091134
973;5.6421e-15;-96;1682;14060;12185.8;1;399;-2.14748e+09;-1.19785e+07;0;0;0;0;0;0;297350307;297927331;5129086
974;5.6421e-15;-97;1682;14060;12185.8;1;399;-2.14748e+09;-1.19317e+07;0;0;0;0;0;0;297781724;298364459;5167143
975;5.6421e-15;-98;1682;14060;12185.8;1;399;-2.14748e+09;-1.1885e+07;0;0;0;0;0;0;298211783;298800263;5205306
976;5.6421e-15;-99;1682;14060;12185.8;1;399;-2.14748e+09;-1.18386e+07;0;0;0;0;0;0;298640490;299234749;5243574
977;5.6421e-15;-100;1682;14060;12185.8;1;399;-2.14748e+09;-1.17926e+07;0;0;0;0;0;0;299067850;299667922;5281945
978;5.6421e-15;-100;1682;14060;12185.8;1;399;-2.14748e+09;-1.17469e+07;-1;0;0;0;-1;0;299493870;300099788;5320419
979;5.6421e-15;-101;1682;14060;12185.8;1;399;-2.14748e+09;-1.17013e+07;0;0;0;0;0;0;299918556;300530354;5358996
980;5.6421e-15;-101;1682;14060;12185.8;1;399;-2.14748e+09;-1.16562e+07;-1;0;0;0;-1;0;300341913;300959626;5397675
981;5.6421e-15;-101;1682;14060;12185.8;1;399;-2.14748e+09;-1.16113e+07;-1;0;0;0;-1;0;300763949;301387609;5436455
982;5.6421e-15;-102;1682;14060;12185.8;1;399;-2.14748e+09;-1.15667e+07;0;0;0;0;0;0;301184668;301814310;5475336
983;5.6421e-15;-102;1682;14060;12185.8;1;399;-2.14748e+09;-1.15224e+07;-1;0;0;0;-1;0;301604076;302239734;5514317
984;5.6421e-15;-102;1682;14060;12185.8;1;399;-2.14748e+09;-1.14782e+07;-1;0;0;0;-1;0;302022180;302663887;5553396
985;5.6421e-15;-102;1682;14060;12185.8;1;399;-2.14748e+09;-1.14345e+07;-1;0;0;0;-1;0;302438985;303086775;5592575
986;5.6421e-15;-103;1682;14060;12185.8;1;399;-2.14748e+09;-1.13909e+07;0;0;0;0;0;0;302854496;303508405;5631851
987;5.6421e-15;-104;1682;14060;12185.8;1;399;-2.14748e+09;-1.13476e+07;0;0;0;0;0;0;303268721;303928780;5671225
988;5.6421e-15;-104;1682;14060;12185.8;1;399;-2.14748e+09;-1.13046e+07;-1;0;0;0;-1;0;303681663;304347908;5710695
989;5.6421e-15;-104;1682;14060;12185.8;1;399;-2.14748e+09;-1.12619e+07;-1;0;0;0;-1;0;304093330;304765794;5750262
990;5.6421e-15;-104;1682;14060;12185.8;1;399;-2.14748e+09;-1.12195e+07;-1;0;0;0;-1;0;304503727;305182444;5789923
991;5.6421e-15;-105;1682;14060;12185.8;1;399;-2.14748e+09;-1.11772e+07;0;0;0;0;0;0;304912858;305597862;5829680
992;5.6421e-15;-106;1682;14060;12185.8;1;399;-2.14748e+09;-1.11352e+07;0;0;0;0;0;0;305320731;306012056;5869530
993;5.6421e-15;-106;1682;14060;12185.8;1;399;-2.14748e+09;-1.10935e+07;-1;0;0;0;-1;0;305727349;306425029;5909474
994;5.6421e-15;-106;1682;14060;12185.8;1;399;-2.14748e+09;-1.10521e+07;-1;0;0;0;-1;0;306132720;306836789;5949510
995;5.6421e-15;-107;1682;14060;12185.8;1;399;-2.14748e+09;-1.10109e+07;0;0;0;0;0;0;306536848;307247340;5989639
996;5.6421e-15;-108;1682;14060;12185.8;1;399;-2.14748e+09;-1.097e+07;0;0;0;0;0;0;306939739;307656687;6029859
997;5.6421e-15;-109;1682;14060;12185.8;1;399;-2.14748e+09;-1.09292e+07;0;0;0;0;0;0;307341398;308064837;6070169
998;5.6421e-15;-110;1682;14060;12185.8;1;399;-2.14748e+09;-1.08889e+07;0;0;0;0;0;0;307741830;308471794;6110570
999;5.6421e-15;-111;1682;14060;12185.8;1;399;-2.14748e+09;-1.08486e+07;0;0;0;0;0;0;308141042;308877564;6151060
1000;5.6421e-15;-112;1682;14060;12185.8;1;399;-2.14748e+09;-1.08086e+07;0;0;0;0;0;0;308539037;309282152;6191639
1001;5.6421e-15;-112;1682;14060;12185.8;1;399;-2.14748e+09;-1.07689e+07;-1;0;0;0;-1;0;308935822;309685563;6232307
1002;5.6421e-15;-113;1682;14060;12185.8;1;399;-2.14748e+09;-1.07293e+07;0;0;0;0;0;0;309331402;310087803;6273061
1003;5.6421e-15;-113;1682;14060;12185.8;1;399;-2.14748e+09;-1.06901e+07;-1;0;0;0;-1;0;309725781;310488877;6313903
1004;5.6421e-15;-113;1682;14060;12185.8;1;399;-2.14748e+09;-1.0651e+07;-1;0;0;0;-1;0;310118966;310888790;6354831
1005;5.6421e-15;-113;1682;14060;12185.8;1;399;-2.14748e+09;-1.06123e+07;-1;0;0;0;-1;0;310510961;311287548;6395845
1006;5.6421e-15;-114;1682;14060;12185.8;1;399;-2.14748e+09;-1.05736e+07;0;0;0;0;0;0;310901771;311685154;6436943
1007;5.6421e-15;-114;1682;14060;12185.8;1;399;-2.14748e+09;-1.05353e+07;-1;0;0;0;-1;0;311291402;312081615;6478126
1008;5.6421e-15;-115;1682;14060;12185.8;1;399;-2.14748e+09;-1.04972e+07;0;0;0;0;0;0;311679858;312476935;6519392
1009;5.6421e-15;-115;1682;14060;12185.8;1;399;-2.14748e+09;-1.04593e+07;-1;0;0;0;-1;0;312067145;312871120;6560742
1010;5.6421e-15;-115;1682;14060;12185.8;1;399;-2.14748e+09;-1.04215e+07;-1;0;0;0;-1;0;312453268;313264174;6602174
1011;5.6421e-15;-115;1682;14060;12185.8;1;399;-2.14748e+09;-1.0384e+07;-1;0;0;0;-1;0;312838231;313656102;6643688
1012;5.6421e-15;-115;1682;14060;12185.8;1;399;-2.14748e+09;-1.03467e+07;-1;0;0;0;-1;0;313222039;314046910;6685282
1013;5.6421e-15;-116;1682;14060;12185.8;1;399;-2.14748e+09;-1.03096e+07;0;0;0;0;0;0;313604698;314436602;6726958
1014;5.6421e-15;-117;1682;14060;12185.8;1;399;-2.14748e+09;-1.02729e+07;0;0;0;0;0;0;313986212;314825184;6768713
1015;5.6421e-15;-117;1682;14060;12185.8;1;399;-2.14748e+09;-1.02363e+07;-1;0;0;0;-1;0;314366587;315212659;6810547
1016;5.6421e-15;-118;1682;14060;12185.8;1;399;-2.14748e+09;-1.01998e+07;0;0;0;0;0;0;314745826;315599033;6852460
1017;5.6421e-15;-118;1682;14060;12185.8;1;399;-2.14748e+09;-1.01635e+07;-1;0;0;0;-1;0;315123935;315984310;6894451
1018;5.6421e-15;-118;1682;14060;12185.8;1;399;-2.14748e+09;-1.01276e+07;-1;0;0;0;-1;0;315500919;316368496;6936520
1019;5.6421e-15;-119;1682;14060;12185.8;1;399;-2.14748e+09;-1.00918e+07;0;0;0;0;0;0;315876782;316751595;6978665
1020;5.6421e-15;-120;1682;14060;12185.8;1;399;-2.14748e+09;-1.00561e+07;0;0;0;0;0;0;316251529;317133611;7020886
1021;5.6421e-15;-120;1682;14060;12185.8;1;399;-2.14748e+09;-1.00208e+07;-1;0;0;0;-1;0;316625164;317514550;7063183
1022;5.6421e-15;-120;1682;14060;12185.8;1;399;-2.14748e+09;-9.98562e+06;-1;0;0;0;-1;0;316997693;317894416;7105554
1023;5.6421e-15;-120;1682;14060;12185.8;1;399;-2.14748e+09;-9.95061e+06;-1;0;0;0;-1;0;317369120;318273214;7148000
1024;5.6421e-15;-120;1682;14060;12185.8;1;399;-2.14748e+09;-9.9158e+06;-1;0;0;0;-1;0;317739450;318650948;7190519
1025;5.6421e-15;-120;1682;14060;12185.8;1;399;-2.14748e+09;-9.88108e+06;-1;0;0;0;-1;0;318108687;319027623;7233112
1026;5.6421e-15;-121;1682;14060;12185.8;1;399;-2.14748e+09;-9.84666e+06;0;0;0;0;0;0;318476836;319403243;7275777
1027;5.6421e-15;-121;1682;14060;12185.8;1;399;-2.14748e+09;-9.81252e+06;-1;0;0;0;-1;0;318843901;319777813;7318513
1028;5.6421e-15;-122;1682;14060;12185.8;1;399;-2.14748e+09;-9.77838e+06;0;0;0;0;0;0;319209887;320151337;7361321
1029;5.6421e-15;-123;1682;14060;12185.8;1;399;-2.14748e+09;-9.74452e+06;0;0;0;0;0;0;319574798;320523820;7404199
1030;5.6421e-15;-123;1682;14060;12185.8;1;399;-2.14748e+09;-9.71095e+06;-1;0;0;0;-1;0;319938639;320895267;7447147
1031;5.6421e-15;-123;1682;14060;12185.8;1;399;-2.14748e+09;-9.67736e+06;-1;0;0;0;-1;0;320301414;321265681;7490164
1032;5.6421e-15;-124;1682;14060;12185.8;1;399;-2.14748e+09;-9.64416e+06;0;0;0;0;0;0;320663127;321635067;7533251
1033;5.6421e-15;-124;1682;14060;12185.8;1;399;-2.14748e+09;-9.61104e+06;-1;0;0;0;-1;0;321023784;322003429;7576405
1034;5.6421e-15;-124;1682;14060;12185.8;1;399;-2.14748e+09;-9.5781e+06;-1;0;0;0;-1;0;321383388;322370772;7619627
1035;5.6421e-15;-124;1682;14060;12185.8;1;399;-2.14748e+09;-9.54524e+06;-1;0;0;0;-1;0;321741944;322737100;7662915
1036;5.6421e-15;-124;1682;14060;12185.8;1;399;-2.14748e+09;-9.51266e+06;-1;0;0;0;-1;0;322099455;323102417;7706270
1037;5.6421e-15;-124;1682;14060;12185.8;1;399;-2.14748e+09;-9.48035e+06;-1;0;0;0;-1;0;322455927;323466728;7749691
1038;5.6421e-15;-124;1681;14060;12185.8;1;399;-2.14748e+09;-9.44802e+06;0;0;0;0;0;0;322811363;323830036;7793176
1039;5.6421e-15;-124;1681;14060;12185.8;1;399;-2.14748e+09;-9.41606e+06;-1;0;0;0;-1;0;323165768;324192347;7836727
1040;5.6421e-15;-124;1681;14060;12185.8;1;399;-2.14748e+09;-9.38407e+06;-1;0;0;0;-1;0;323519146;324553663;7880341
1041;5.6421e-15;-124;1681;14060;12185.8;1;399;-2.14748e+09;-9.35236e+06;-1;0;0;0;-1;0;323871501;324913990;7924018
1042;5.6421e-15;-124;1681;14060;12185.8;1;399;-2.14748e+09;-9.32091e+06;-1;0;0;0;-1;0;324222837;325273331;7967758
1043;5.6421e-15;-125;1681;14060;12185.8;1;399;-2.14748e+09;-9.28953e+06;0;0;0;0;0;0;324573159;325631690;8011560
1044;5.6421e-15;-126;1681;14060;12185.8;1;399;-2.14748e+09;-9.25832e+06;0;0;0;0;0;0;324922470;325989072;8055424
1045;5.6421e-15;-126;1681;14060;12185.8;1;399;-2.14748e+09;-9.22718e+06;-1;0;0;0;-1;0;325270774;326345481;8099349
1046;5.6421e-15;-127;1681;14060;12185.8;1;399;-2.14748e+09;-9.1963e+06;0;0;0;0;0;0;325618077;326700920;8143334
1047;5.6421e-15;-128;1681;14060;12185.8;1;399;-2.14748e+09;-9.16558e+06;0;0;0;0;0;0;325964381;327055394;8187379
1048;5.6421e-15;-129;1681;14060;12185.8;1;399;-2.14748e+09;-9.13502e+06;0;0;0;0;0;0;326309691;327408906;8231483
1049;5.6421e-15;-129;1681;14060;12185.8;1;399;-2.14748e+09;-9.10463e+06;-1;0;0;0;-1;0;326654010;327761461;8275646
1050;5.6421e-15;-129;1681;14060;12185.8;1;399;-2.14748e+09;-9.07449e+06;-1;0;0;0;-1;0;326997343;328113063;8319866
1051;5.6421e-15;-130;1681;14060;12185.8;1;399;-2.14748e+09;-9.04441e+06;0;0;0;0;0;0;327339694;328463715;8364145
1052;5.6421e-15;-131;1681;14060;12185.8;1;399;-2.14748e+09;-9.01439e+06;0;0;0;0;0;0;327681067;328813421;8408480
1053;5.6421e-15;-131;1681;14060;12185.8;1;399;-2.14748e+09;-8.98462e+06;-1;0;0;0;-1;0;328021465;329162185;8452871
1054;5.6421e-15;-131;1681;14060;12185.8;1;399;-2.14748e+09;-8.95501e+06;-1;0;0;0;-1;0;328360892;329510012;8497318
1055;5.6421e-15;-131;1681;14060;12185.8;1;399;-2.14748e+09;-8.92556e+06;-1;0;0;0;-1;0;328699352;329856904;8541821
1056;5.6421e-15;-131;1681;14060;12185.8;1;399;-2.14748e+09;-8.89625e+06;-1;0;0;0;-1;0;329036850;330202866;8586378
1057;5.6421e-15;-132;1681;14060;12185.8;1;399;-2.14748e+09;-8.8671e+06;0;0;0;0;0;0;329373389;330547901;8630989
1058;5.6421e-15;-133;1681;14060;12185.8;1;399;-2.14748e+09;-8.83809e+06;0;0;0;0;0;0;329708972;330892014;8675653
1059;5.6421e-15;-133;1681;14060;12185.8;1;399;-2.14748e+09;-8.80934e+06;-1;0;0;0;-1;0;330043604;331235207;8720370
1060;5.6421e-15;-134;1681;14060;12185.8;1;399;-2.14748e+09;-8.78053e+06;0;0;0;0;0;0;330377288;331577485;8765140
1061;5.6421e-15;-134;1681;14060;12185.8;1;399;-2.14748e+09;-8.75207e+06;-1;0;0;0;-1;0;330710029;331918851;8809962
1062;5.6421e-15;-134;1681;14060;12185.8;1;399;-2.14748e+09;-8.72355e+06;-1;0;0;0;-1;0;331041828;332259309;8854835
1063;5.6421e-15;-134;1681;14060;12185.8;1;399;-2.14748e+09;-8.69538e+06;-1;0;0;0;-1;0;331372692;332598863;8899758
1064;5.6421e-15;-135;1681;14060;12185.8;1;399;-2.14748e+09;-8.66715e+06;0;0;0;0;0;0;331702622;332937516;8944732
1065;5.6421e-15;-136;1681;14060;12185.8;1;399;-2.14748e+09;-8.63917e+06;0;0;0;0;0;0;332031624;333275272;8989755
1066;5.6421e-15;-137;1681;14060;12185.8;1;399;-2.14748e+09;-8.61142e+06;0;0;0;0;0;0;332359699;333612135;9034827
1067;5.6421e-15;-138;1681;14060;12185.8;1;399;-2.14748e+09;-8.58362e+06;0;0;0;0;0;0;332686853;333948107;9079948
1068;5.6421e-15;-138;1681;14060;12185.8;1;399;-2.14748e+09;-8.55606e+06;-1;0;0;0;-1;0;333013088;334283193;9125117
1069;5.6421e-15;-138;1681;14060;12185.8;1;399;-2.14748e+09;-8.52873e+06;-1;0;0;0;-1;0;333338409;334617397;9170333
1070;5.6421e-15;-139;1681;14060;12185.8;1;399;-2.14748e+09;-8.50144e+06;0;0;0;0;0;0;333662818;334950720;9215596
1071;5.6421e-15;-140;1681;14060;12185.8;1;399;-2.14748e+09;-8.47429e+06;0;0;0;0;0;0;333986320;335283168;9260905
1072;5.6421e-15;-140;1681;14060;12185.8;1;399;-2.14748e+09;-8.44717e+06;-1;0;0;0;-1;0;334308917;335614744;9306260
1073;5.6421e-15;-140;1681;14060;12185.8;1;399;-2.14748e+09;-8.42028e+06;-1;0;0;0;-1;0;334630614;335945450;9351661
1074;5.6421e-15;-141;1681;14060;12185.8;1;399;-2.14748e+09;-8.39354e+06;0;0;0;0;0;0;334951413;336275291;9397106
1075;5.6421e-15;-142;1681;14060;12185.8;1;399;-2.14748e+09;-8.36702e+06;0;0;0;0;0;0;335271319;336604270;9442595
1076;5.6421e-15;-142;1681;14060;12185.8;1;399;-2.14748e+09;-8.34043e+06;-1;0;0;0;-1;0;335590335;336932390;9488128
1077;5.6421e-15;-143;1681;14060;12185.8;1;399;-2.14748e+09;-8.31407e+06;0;0;0;0;0;0;335908463;337259654;9533704
1078;5.6421e-15;-144;1681;14060;12185.8;1;399;-2.14748e+09;-8.28795e+06;0;0;0;0;0;0;336225709;337586067;9579323
1079;5.6421e-15;-144;1681;14060;12185.8;1;399;-2.14748e+09;-8.26185e+06;-1;0;0;0;-1;0;336542074;337911631;9624983
1080;5.6421e-15;-144;1681;14060;12185.8;1;399;-2.14748e+09;-8.23588e+06;-1;0;0;0;-1;0;336857563;338236349;9670686
1081;5.6421e-15;-144;1681;14060;12185.8;1;399;-2.14748e+09;-8.21004e+06;-1;0;0;0;-1;0;337172178;338560226;9716429
1082;5.6421e-15;-144;1681;14060;12185.8;1;399;-2.14748e+09;-8.18422e+06;-1;0;0;0;-1;0;337485923;338883263;9762213
1083;5.6421e-15;-144;1681;14060;12185.8;1;399;-2.14748e+09;-8.15862e+06;-1;0;0;0;-1;0;337798802;339205465;9808037
1084;5.6421e-15;-144;1681;14060;12185.8;1;399;-2.14748e+09;-8.13316e+06;-1;0;0;0;-1;0;338110817;339526835;9853900
1085;5.6421e-15;-144;1681;14060;12185.8;1;399;-2.14748e+09;-8.10791e+06;-1;0;0;0;-1;0;338421972;339847375;9899802
1086;5.6421e-15;-144;1681;14060;12185.8;1;399;-2.14748e+09;-8.08258e+06;-1;0;0;0;-1;0;338732271;340167090;9945743
1087;5.6421e-15;-145;1681;14060;12185.8;1;399;-2.14748e+09;-8.05758e+06;0;0;0;0;0;0;339041716;340485982;9991722
1088;5.6421e-15;-145;1681;14060;12185.8;1;399;-2.14748e+09;-8.0326e+06;-1;0;0;0;-1;0;339350310;340804054;10037738
1089;5.6421e-15;-145;1681;14060;12185.8;1;399;-2.14748e+09;-8.00764e+06;-1;0;0;0;-1;0;339658057;341121310;10083791
1090;5.6421e-15;-146;1681;14060;12185.8;1;399;-2.14748e+09;-7.9829e+06;0;0;0;0;0;0;339964961;341437753;10129881
1091;5.6421e-15;-147;1681;14060;12185.8;1;399;-2.14748e+09;-7.95827e+06;0;0;0;0;0;0;340271024;341753386;10176006
1092;5.6421e-15;-147;1681;14060;12185.8;1;399;-2.14748e+09;-7.93376e+06;-1;0;0;0;-1;0;340576249;342068211;10222167
1093;5.6421e-15;-148;1681;14060;12185.8;1;399;-2.14748e+09;-7.90947e+06;0;0;0;0;0;0;340880640;342382233;10268363
1094;5.6421e-15;-148;1681;14060;12185.8;1;399;-2.14748e+09;-7.8851e+06;-1;0;0;0;-1;0;341184199;342695454;10314594
1095;5.6421e-15;-149;1681;14060;12185.8;1;399;-2.14748e+09;-7.86104e+06;0;0;0;0;0;0;341486930;343007877;10360858
1096;5.6421e-15;-149;1681;14060;12185.8;1;399;-2.14748e+09;-7.83699e+06;-1;0;0;0;-1;0;341788837;343319505;10407156
1097;5.6421e-15;-149;1681;14060;12185.8;1;399;-2.14748e+09;-7.81306e+06;-1;0;0;0;-1;0;342089921;343630341;10453487
1098;5.6421e-15;-149;1681;14060;12185.8;1;399;-2.14748e+09;-7.78914e+06;-1;0;0;0;-1;0;342390186;343940389;10499850
1099;5.6421e-15;-150;1681;14060;12185.8;1;399;-2.14748e+09;-7.76553e+06;0;0;0;0;0;0;342689636;344249650;10546245
1100;5.6421e-15;-150;1681;14060;12185.8;1;399;-2.14748e+09;-7.74183e+06;-1;0;0;0;-1;0;342988272;344558129;10592672
1101;5.6421e-15;-150;1681;14060;12185.8;1;399;-2.14748e+09;-7.71844e+06;-1;0;0;0;-1;0;343286099;344865828;10639130
1102;5.6421e-15;-151;1681;14060;12185.8;1;399;-2.14748e+09;-7.69506e+06;0;0;0;0;0;0;343583119;345172750;10685619
1103;5.6421e-15;-151;1681;14060;12185.8;1;399;-2.14748e+09;-7.67169e+06;-1;0;0;0;-1;0;343879335;345478898;10732137
1104;5.6421e-15;-151;1681;14060;12185.8;1;399;-2.14748e+09;-7.64853e+06;-1;0;0;0;-1;0;344174750;345784275;10778685
1105;5.6421e-15;-152;1681;14060;12185.8;1;399;-2.14748e+09;-7.62557e+06;0;0;0;0;0;0;344469367;346088884;10825263
1106;5.6421e-15;-153;1681;14060;12185.8;1;399;-2.14748e+09;-7.60262e+06;0;0;0;0;0;0;344763189;346392727;10871869
1107;5.6421e-15;-154;1681;14060;12185.8;1;399;-2.14748e+09;-7.57978e+06;0;0;0;0;0;0;345056220;346695807;10918503
1108;5.6421e-15;-155;1681;14060;12185.8;1;399;-2.14748e+09;-7.55704e+06;0;0;0;0;0;0;345348461;346998128;10965165
1109;5.6421e-15;-155;1681;14060;12185.8;1;399;-2.14748e+09;-7.53441e+06;-1;0;0;0;-1;0;345639916;347299692;11011854
1110;5.6421e-15;-156;1681;14060;12185.8;1;399;-2.14748e+09;-7.51188e+06;0;0;0;0;0;0;345930587;347600502;11058571
1111;5.6421e-15;-156;1681;14060;12185.8;1;399;-2.14748e+09;-7.48936e+06;-1;0;0;0;-1;0;346220478;347900561;11105313
1112;5.6421e-15;-157;1681;14060;12185.8;1;399;-2.14748e+09;-7.46713e+06;0;0;0;0;0;0;346509591;348199871;11152081
1113;5.6421e-15;-157;1681;14060;12185.8;1;399;-2.14748e+09;-7.44491e+06;-1;0;0;0;-1;0;346797930;348498436;11198875
1114;5.6421e-15;-157;1681;14060;12185.8;1;399;-2.14748e+09;-7.42279e+06;-1;0;0;0;-1;0;347085497;348796257;11245694
1115;5.6421e-15;-157;1681;14060;12185.8;1;399;-2.14748e+09;-7.40076e+06;-1;0;0;0;-1;0;347372294;349093338;11292537
1116;5.6421e-15;-158;1681;14060;12185.8;1;399;-2.14748e+09;-7.37874e+06;0;0;0;0;0;0;347658325;349389682;11339405
1117;5.6421e-15;-158;1681;14060;12185.8;1;399;-2.14748e+09;-7.35692e+06;-1;0;0;0;-1;0;347943592;349685291;11386296
1118;5.6421e-15;-158;1681;14060;12185.8;1;399;-2.14748e+09;-7.33529e+06;-1;0;0;0;-1;0;348228099;349980168;11433210
1119;5.6421e-15;-159;1681;14060;12185.8;1;399;-2.14748e+09;-7.31357e+06;0;0;0;0;0;0;348511847;350274315;11480147
1120;5.6421e-15;-159;1681;14060;12185.8;1;399;-2.14748e+09;-7.29204e+06;-1;0;0;0;-1;0;348794840;350567736;11527107
1121;5.6421e-15;-159;1681;14060;12185.8;1;399;-2.14748e+09;-7.2707e+06;-1;0;0;0;-1;0;349077081;350860432;11574088
1122;5.6421e-15;-160;1681;14060;12185.8;1;399;-2.14748e+09;-7.24926e+06;0;0;0;0;0;0;349358571;351152407;11621091
1123;5.6421e-15;-161;1681;14060;12185.8;1;399;-2.14748e+09;-7.22802e+06;0;0;0;0;0;0;349639315;351443663;11668114
1124;5.6421e-15;-161;1681;14060;12185.8;1;399;-2.14748e+09;-7.20687e+06;-1;0;0;0;-1;0;349919313;351734202;11715158
1125;5.6421e-15;-162;1681;14060;12185.8;1;399;-2.14748e+09;-7.18591e+06;0;0;0;0;0;0;350198570;352024028;11762223
1126;5.6421e-15;-163;1681;14060;12185.8;1;399;-2.14748e+09;-7.16485e+06;0;0;0;0;0;0;350477088;352313143;11809307
1127;5.6421e-15;-164;1681;14060;12185.8;1;399;-2.14748e+09;-7.14398e+06;0;0;0;0;0;0;350754869;352601549;11856410
1128;5.6421e-15;-164;1681;14060;12185.8;1;399;-2.14748e+09;-7.12321e+06;-1;0;0;0;-1;0;351031916;352889249;11903532
1129;5.6421e-15;-164;1681;14060;12185.8;1;399;-2.14748e+09;-7.10262e+06;-1;0;0;0;-1;0;351308232;353176246;11950673
1130;5.6421e-15;-165;1681;14060;12185.8;1;399;-2.14748e+09;-7.08193e+06;0;0;0;0;0;0;351583819;353462542;11997831
1131;5.6421e-15;-165;1681;14060;12185.8;1;399;-2.14748e+09;-7.06142e+06;-1;0;0;0;-1;0;351858680;353748139;12045007
1132;5.6421e-15;-165;1681;14060;12185.8;1;399;-2.14748e+09;-7.04111e+06;-1;0;0;0;-1;0;352132818;354033040;12092200
1133;5.6421e-15;-166;1681;14060;12185.8;1;399;-2.14748e+09;-7.02078e+06;0;0;0;0;0;0;352406234;354317248;12139410
1134;5.6421e-15;-167;1681;14060;12185.8;1;399;-2.14748e+09;-7.00044e+06;0;0;0;0;0;0;352678932;354600765;12186637
1135;5.6421e-15;-167;1681;14060;12185.8;1;399;-2.14748e+09;-6.98039e+06;-1;0;0;0;-1;0;352950915;354883593;12233879
1136;5.6421e-15;-167;1681;14060;12185.8;1;399;-2.14748e+09;-6.96033e+06;-1;0;0;0;-1;0;353222183;355165736;12281136
1137;5.6421e-15;-168;1681;14060;12185.8;1;399;-2.14748e+09;-6.94026e+06;0;0;0;0;0;0;353492741;355447194;12328409
1138;5.6421e-15;-168;1681;14060;12185.8;1;399;-2.14748e+09;-6.92037e+06;-1;0;0;0;-1;0;353762591;355727971;12375697
1139;5.6421e-15;-168;1681;14060;12185.8;1;399;-2.14748e+09;-6.90056e+06;-1;0;0;0;-1;0;354031735;356008070;12422998
1140;5.6421e-15;-169;1681;14060;12185.8;1;399;-2.14748e+09;-6.88085e+06;0;0;0;0;0;0;354300175;356287492;12470314
1141;5.6421e-15;-169;1681;14060;12185.8;1;399;-2.14748e+09;-6.86131e+06;-1;0;0;0;-1;0;354567914;356566240;12517643
1142;5.6421e-15;-169;1681;14060;12185.8;1;399;-2.14748e+09;-6.84176e+06;-1;0;0;0;-1;0;354834955;356844316;12564985
1143;5.6421e-15;-169;1681;14060;12185.8;1;399;-2.14748e+09;-6.8222e+06;-1;0;0;0;-1;0;355101300;357121723;12612340
1144;5.6421e-15;-170;1681;14060;12185.8;1;399;-2.14748e+09;-6.80282e+06;0;0;0;0;0;0;355366951;357398463;12659707
1145;5.6421e-15;-170;1681;14060;12185.8;1;399;-2.14748e+09;-6.78362e+06;-1;0;0;0;-1;0;355631911;357674539;12707086
1146;5.6421e-15;-171;1681;14060;12185.8;1;399;-2.14748e+09;-6.7644e+06;0;0;0;0;0;0;355896183;357949952;12754476
1147;5.6421e-15;-171;1681;14060;12185.8;1;399;-2.14748e+09;-6.74516e+06;-1;0;0;0;-1;0;356159768;358224705;12801877
1148;5.6421e-15;-171;1681;14060;12185.8;1;399;-2.14748e+09;-6.72621e+06;-1;0;0;0;-1;0;356422669;358498800;12849290
1149;5.6421e-15;-172;1681;14060;12185.8;1;399;-2.14748e+09;-6.70723e+06;0;0;0;0;0;0;356684888;358772240;12896712
1150;5.6421e-15;-173;1681;14060;12185.8;1;399;-2.14748e+09;-6.68834e+06;0;0;0;0;0;0;356946428;359045027;12944145
1151;5.6421e-15;-173;1681;14060;12185.8;1;399;-2.14748e+09;-6.66942e+06;-1;0;0;0;-1;0;357207291;359317163;12991587
1152;5.6421e-15;-174;1681;14060;12185.8;1;399;-2.14748e+09;-6.65079e+06;0;0;0;0;0;0;357467479;359588650;13039038
1153;5.6421e-15;-174;1681;14060;12185.8;1;399;-2.14748e+09;-6.63203e+06;-1;0;0;0;-1;0;357726996;359859490;13086498
1154;5.6421e-15;-174;1681;14060;12185.8;1;399;-2.14748e+09;-6.61355e+06;-1;0;0;0;-1;0;357985842;360129687;13133966
1155;5.6421e-15;-175;1681;14060;12185.8;1;399;-2.14748e+09;-6.59495e+06;0;0;0;0;0;0;358244021;360399242;13181442
1156;5.6421e-15;-175;1681;14060;12185.8;1;399;-2.14748e+09;-6.57662e+06;-1;0;0;0;-1;0;358501534;360668156;13228927
1157;5.6421e-15;-176;1681;14060;12185.8;1;399;-2.14748e+09;-6.55828e+06;0;0;0;0;0;0;358758384;360936434;13276418
1158;5.6421e-15;-176;1681;14060;12185.8;1;399;-2.14748e+09;-6.5399e+06;-1;0;0;0;-1;0;359014574;361204076;13323916
1159;5.6421e-15;-176;1681;14060;12185.8;1;399;-2.14748e+09;-6.52171e+06;-1;0;0;0;-1;0;359270105;361471084;13371421
1160;5.6421e-15;-176;1681;14060;12185.8;1;399;-2.14748e+09;-6.50359e+06;-1;0;0;0;-1;0;359524979;361737462;13418932
1161;5.6421e-15;-177;1681;14060;12185.8;1;399;-2.14748e+09;-6.48564e+06;0;0;0;0;0;0;359779200;362003211;13466449
1162;5.6421e-15;-177;1681;14060;12185.8;1;399;-2.14748e+09;-6.46757e+06;-1;0;0;0;-1;0;360032769;362268333;13513972
1163;5.6421e-15;-178;1681;14060;12185.8;1;399;-2.14748e+09;-6.44967e+06;0;0;0;0;0;0;360285688;362532830;13561499
1164;5.6421e-15;-178;1681;14060;12185.8;1;399;-2.14748e+09;-6.43194e+06;-1;0;0;0;-1;0;360537960;362796705;13609031
1165;5.6421e-15;-179;1681;14060;12185.8;1;399;-2.14748e+09;-6.41419e+06;0;0;0;0;0;0;360789586;363059959;13656568
1166;5.6421e-15;-179;1681;14060;12185.8;1;399;-2.14748e+09;-6.39642e+06;-1;0;0;0;-1;0;361040569;363322595;13704109
1167;5.6421e-15;-179;1681;14060;12185.8;1;399;-2.14748e+09;-6.37881e+06;-1;0;0;0;-1;0;361290912;363584615;13751653
1168;5.6421e-15;-180;1681;14060;12185.8;1;399;-2.14748e+09;-6.36127e+06;0;0;0;0;0;0;361540616;363846021;13799201
1169;5.6421e-15;-180;1681;14060;12185.8;1;399;-2.14748e+09;-6.34381e+06;-1;0;0;0;-1;0;361789684;364106814;13846751
1170;5.6421e-15;-180;1681;14060;12185.8;1;399;-2.14748e+09;-6.32642e+06;-1;0;0;0;-1;0;362038117;364366998;13894305
1171;5.6421e-15;-180;1681;14060;12185.8;1;399;-2.14748e+09;-6.30919e+06;-1;0;0;0;-1;0;362285918;364626574;13941860
1172;5.6421e-15;-181;1681;14060;12185.8;1;399;-2.14748e+09;-6.29184e+06;0;0;0;0;0;0;362533088;364885543;13989418
1173;5.6421e-15;-181;1681;14060;12185.8;1;399;-2.14748e+09;-6.27476e+06;-1;0;0;0;-1;0;362779631;365143909;14036977
1174;5.6421e-15;-182;1681;14060;12185.8;1;399;-2.14748e+09;-6.25754e+06;0;0;0;0;0;0;363025548;365401673;14084537
1175;5.6421e-15;-183;1681;14060;12185.8;1;399;-2.14748e+09;-6.2405e+06;0;0;0;0;0;0;363270841;365658837;14132099
1176;5.6421e-15;-183;1681;14060;12185.8;1;399;-2.14748e+09;-6.22352e+06;-1;0;0;0;-1;0;363515512;365915403;14179661
1177;5.6421e-15;-184;1681;14060;12185.8;1;399;-2.14748e+09;-6.20671e+06;0;0;0;0;0;0;363759564;366171373;14227223
1178;5.6421e-15;-184;1681;14060;12185.8;1;399;-2.14748e+09;-6.18987e+06;-1;0;0;0;-1;0;364002998;366426749;14274785
1179;5.6421e-15;-185;1681;14060;12185.8;1;399;-2.14748e+09;-6.1731e+06;0;0;0;0;0;0;364245816;366681533;14322347
1180;5.6421e-15;-185;1681;14060;12185.8;1;399;-2.14748e+09;-6.15639e+06;-1;0;0;0;-1;0;364488022;366935727;14369908
1181;5.6421e-15;-186;1681;14060;12185.8;1;399;-2.14748e+09;-6.13975e+06;0;0;0;0;0;0;364729615;367189333;14417467
1182;5.6421e-15;-186;1681;14060;12185.8;1;399;-2.14748e+09;-6.12307e+06;-1;0;0;0;-1;0;364970599;367442353;14465026
1183;5.6421e-15;-187;1681;14060;12185.8;1;399;-2.14748e+09;-6.10656e+06;0;0;0;0;0;0;365210976;367694789;14512583
1184;5.6421e-15;-187;1681;14060;12185.8;1;399;-2.14748e+09;-6.09022e+06;-1;0;0;0;-1;0;365450748;367946642;14560138
1185;5.6421e-15;-188;1681;14060;12185.8;1;399;-2.14748e+09;-6.07384e+06;0;0;0;0;0;0;365689916;368197915;14607690
1186;5.6421e-15;-189;1681;14060;12185.8;1;399;-2.14748e+09;-6.05753e+06;0;0;0;0;0;0;365928482;368448610;14655240
1187;5.6421e-15;-190;1681;14060;12185.8;1;399;-2.14748e+09;-6.04118e+06;0;0;0;0;0;0;366166450;368698728;14702786
1188;5.6421e-15;-190;1681;14060;12185.8;1;399;-2.14748e+09;-6.02499e+06;-1;0;0;0;-1;0;366403820;368948271;14750330
1189;5.6421e-15;-191;1681;14060;12185.8;1;399;-2.14748e+09;-6.00896e+06;0;0;0;0;0;0;366640594;369197241;14797870
1190;5.6421e-15;-191;1681;14060;12185.8;1;399;-2.14748e+09;-5.9928e+06;-1;0;0;0;-1;0;366876775;369445641;14845405
1191;5.6421e-15;-191;1681;14060;12185.8;1;399;-2.14748e+09;-5.97681e+06;-1;0;0;0;-1;0;367112364;369693471;14892937
1192;5.6421e-15;-191;1681;14060;12185.8;1;399;-2.14748e+09;-5.96097e+06;-1;0;0;0;-1;0;367347364;369940734;14940464
1193;5.6421e-15;-191;1681;14060;12185.8;1;399;-2.14748e+09;-5.945e+06;-1;0;0;0;-1;0;367581776;370187431;14987986
1194;5.6421e-15;-192;1681;14060;12185.8;1;399;-2.14748e+09;-5.92918e+06;0;0;0;0;0;0;367815602;370433565;15035503
1195;5.6421e-15;-192;1681;14060;12185.8;1;399;-2.14748e+09;-5.91343e+06;-1;0;0;0;-1;0;368048844;370679137;15083015
1196;5.6421e-15;-193;1681;14060;12185.8;1;399;-2.14748e+09;-5.89774e+06;0;0;0;0;0;0;368281505;370924149;15130520
1197;5.6421e-15;-193;1681;14060;12185.8;1;399;-2.14748e+09;-5.88211e+06;-1;0;0;0;-1;0;368513585;371168602;15178020
1198;5.6421e-15;-193;1681;14060;12185.8;1;399;-2.14748e+09;-5.86664e+06;-1;0;0;0;-1;0;368745087;371412500;15225513
1199;5.6421e-15;-193;1681;14060;12185.8;1;399;-2.14748e+09;-5.85103e+06;-1;0;0;0;-1;0;368976013;371655843;15273000
1200;5.6421e-15;-194;1681;14060;12185.8;1;399;-2.14748e+09;-5.83568e+06;0;0;0;0;0;0;369206364;371898632;15320479
1201;5.6421e-15;-195;1681;14060;12185.8;1;399;-2.14748e+09;-5.82019e+06;0;0;0;0;0;0;369436143;372140871;15367952
1202;5.6421e-15;-195;1681;14060;12185.8;1;399;-2.14748e+09;-5.80496e+06;-1;0;0;0;-1;0;369665351;372382561;15415416
1203;5.6421e-15;-195;1681;14060;12185.8;1;399;-2.14748e+09;-5.78968e+06;-1;0;0;0;-1;0;369893990;372623702;15462873
1204;5.6421e-15;-195;1681;14060;12185.8;1;399;-2.14748e+09;-5.77447e+06;-1;0;0;0;-1;0;370122062;372864299;15510322
1205;5.6421e-15;-195;1681;14060;12185.8;1;399;-2.14748e+09;-5.75921e+06;-1;0;0;0;-1;0;370349569;373104350;15557762
1206;5.6421e-15;-195;1681;14060;12185.8;1;399;-2.14748e+09;-5.74421e+06;-1;0;0;0;-1;0;370576513;373343860;15605194
1207;5.6421e-15;-195;1681;14060;12185.8;1;399;-2.14748e+09;-5.72907e+06;-1;0;0;0;-1;0;370802895;373582829;15652617
1208;5.6421e-15;-196;1681;14060;12185.8;1;399;-2.14748e+09;-5.71408e+06;0;0;0;0;0;0;371028717;373821259;15700030
1209;5.6421e-15;-197;1681;14060;12185.8;1;399;-2.14748e+09;-5.69915e+06;0;0;0;0;0;0;371253981;374059151;15747434
1210;5.6421e-15;-197;1681;14060;12185.8;1;399;-2.14748e+09;-5.68438e+06;-1;0;0;0;-1;0;371478689;374296508;15794828
1211;5.6421e-15;-197;1681;14060;12185.8;1;399;-2.14748e+09;-5.66946e+06;-1;0;0;0;-1;0;371702842;374533332;15842212
1212;5.6421e-15;-198;1681;14060;12185.8;1;399;-2.14748e+09;-5.6547e+06;0;0;0;0;0;0;371926443;374769623;15889585
1213;5.6421e-15;-199;1681;14060;12185.8;1;399;-2.14748e+09;-5.64009e+06;0;0;0;0;0;0;372149493;375005383;15936948
1214;5.6421e-15;-200;1681;14060;12185.8;1;399;-2.14748e+09;-5.62534e+06;0;0;0;0;0;0;372371994;375240615;15984300
1215;5.6421e-15;-200;1681;14060;12185.8;1;399;-2.14748e+09;-5.61084e+06;-1;0;0;0;-1;0;372593947;375475319;16031640
1216;5.6421e-15;-200;1681;14060;12185.8;1;399;-2.14748e+09;-5.5962e+06;-1;0;0;0;-1;0;372815355;375709498;16078969
1217;5.6421e-15;-200;1681;14060;12185.8;1;399;-2.14748e+09;-5.58171e+06;-1;0;0;0;-1;0;373036219;375943153;16126287
1218;5.6421e-15;-201;1681;14060;12185.8;1;399;-2.14748e+09;-5.56728e+06;0;0;0;0;0;0;373256540;376176285;16173592
1219;5.6421e-15;-202;1681;14060;12185.8;1;399;-2.14748e+09;-5.5529e+06;0;0;0;0;0;0;373476321;376408897;16220885
1220;5.6421e-15;-203;1681;14060;12185.8;1;399;-2.14748e+09;-5.53867e+06;0;0;0;0;0;0;373695564;376640990;16268166
1221;5.6421e-15;-203;1681;14060;12185.8;1;399;-2.14748e+09;-5.5243e+06;-1;0;0;0;-1;0;373914269;376872565;16315434
1222;5.6421e-15;-204;1681;14060;12185.8;1;399;-2.14748e+09;-5.51017e+06;0;0;0;0;0;0;374132439;377103625;16362688
1223;5.6421e-15;-204;1681;14060;12185.8;1;399;-2.14748e+09;-5.4959e+06;-1;0;0;0;-1;0;374350075;377334170;16409929
1224;5.6421e-15;-204;1681;14060;12185.8;1;399;-2.14748e+09;-5.48189e+06;-1;0;0;0;-1;0;374567180;377564203;16457157
1225;5.6421e-15;-204;1681;14060;12185.8;1;399;-2.14748e+09;-5.46772e+06;-1;0;0;0;-1;0;374783754;377793724;16504371
1226;5.6421e-15;-204;1681;14060;12185.8;1;399;-2.14748e+09;-5.45371e+06;-1;0;0;0;-1;0;374999799;378022736;16551571
1227;5.6421e-15;-205;1681;14060;12185.8;1;399;-2.14748e+09;-5.43984e+06;0;0;0;0;0;0;375215317;378251240;16598756
1228;5.6421e-15;-206;1681;14060;12185.8;1;399;-2.14748e+09;-5.42593e+06;0;0;0;0;0;0;375430310;378479237;16645927
1229;5.6421e-15;-207;1681;14060;12185.8;1;399;-2.14748e+09;-5.41197e+06;0;0;0;0;0;0;375644779;378706730;16693083
1230;5.6421e-15;-208;1681;14060;12185.8;1;399;-2.14748e+09;-5.39816e+06;0;0;0;0;0;0;375858727;378933719;16740224
1231;5.6421e-15;-209;1681;14060;12185.8;1;399;-2.14748e+09;-5.3844e+06;0;0;0;0;0;0;376072153;379160207;16787349
1232;5.6421e-15;-209;1681;14060;12185.8;1;399;-2.14748e+09;-5.37079e+06;-1;0;0;0;-1;0;376285061;379386194;16834459
1233;5.6421e-15;-210;1681;14060;12185.8;1;399;-2.14748e+09;-5.35702e+06;0;0;0;0;0;0;376497452;379611683;16881553
1234;5.6421e-15;-211;1681;14060;12185.8;1;399;-2.14748e+09;-5.34341e+06;0;0;0;0;0;0;376709327;379836674;16928631
1235;5.6421e-15;-211;1681;14060;12185.8;1;399;-2.14748e+09;-5.32985e+06;-1;0;0;0;-1;0;376920689;380061170;16975693
1236;5.6421e-15;-212;1681;14060;12185.8;1;399;-2.14748e+09;-5.31634e+06;0;0;0;0;0;0;377131537;380285171;17022738
1237;5.6421e-15;-212;1681;14060;12185.8;1;399;-2.14748e+09;-5.30297e+06;-1;0;0;0;-1;0;377341875;380508680;17069767
1238;5.6421e-15;-212;1681;14060;12185.8;1;399;-2.14748e+09;-5.28955e+06;-1;0;0;0;-1;0;377551704;380731697;17116778
1239;5.6421e-15;-213;1681;14060;12185.8;1;399;-2.14748e+09;-5.27608e+06;0;0;0;0;0;0;377761025;380954225;17163772
1240;5.6421e-15;-214;1681;14060;12185.8;1;399;-2.14748e+09;-5.26276e+06;0;0;0;0;0;0;377969841;381176264;17210748
1241;5.6421e-15;-214;1681;14060;12185.8;1;399;-2.14748e+09;-5.24959e+06;-1;0;0;0;-1;0;378178151;381397817;17257707
1242;5.6421e-15;-215;1681;14060;12185.8;1;399;-2.14748e+09;-5.23626e+06;0;0;0;0;0;0;378385959;381618884;17304648
1243;5.6421e-15;-216;1681;14060;12185.8;1;399;-2.14748e+09;-5.22308e+06;0;0;0;0;0;0;378593265;381839467;17351570
1244;5.6421e-15;-216;1681;14060;12185.8;1;399;-2.14748e+09;-5.21005e+06;-1;0;0;0;-1;0;378800072;382059568;17398474
1245;5.6421e-15;-217;1681;14060;12185.8;1;399;-2.14748e+09;-5.19696e+06;0;0;0;0;0;0;379006380;382279188;17445360
1246;5.6421e-15;-217;1681;14060;12185.8;1;399;-2.14748e+09;-5.18392e+06;-1;0;0;0;-1;0;379212191;382498328;17492226
1247;5.6421e-15;-218;1681;14060;12185.8;1;399;-2.14748e+09;-5.17083e+06;0;0;0;0;0;0;379417507;382716991;17539074
1248;5.6421e-15;-219;1681;14060;12185.8;1;399;-2.14748e+09;-5.15798e+06;0;0;0;0;0;0;379622330;382935176;17585902
1249;5.6421e-15;-219;1681;14060;12185.8;1;399;-2.14748e+09;-5.14508e+06;-1;0;0;0;-1;0;379826660;383152886;17632711
1250;5.6421e-15;-220;1681;14060;12185.8;1;399;-2.14748e+09;-5.13212e+06;0;0;0;0;0;0;380030499;383370122;17679500
1251;5.6421e-15;-220;1681;14060;12185.8;1;399;-2.14748e+09;-5.11941e+06;-1;0;0;0;-1;0;380233849;383586886;17726268
1252;5.6421e-15;-220;1681;14060;12185.8;1;399;-2.14748e+09;-5.10655e+06;-1;0;0;0;-1;0;380436712;383803179;17773017
1253;5.6421e-15;-221;1681;14060;12185.8;1;399;-2.14748e+09;-5.09382e+06;0;0;0;0;0;0;380639088;384019002;17819745
1254;5.6421e-15;-221;1681;14060;12185.8;1;399;-2.14748e+09;-5.08115e+06;-1;0;0;0;-1;0;380840979;384234356;17866453
1255;5.6421e-15;-222;1681;14060;12185.8;1;399;-2.14748e+09;-5.06861e+06;0;0;0;0;0;0;381042388;384449244;17913139
1256;5.6421e-15;-222;1681;14060;12185.8;1;399;-2.14748e+09;-5.05592e+06;-1;0;0;0;-1;0;381243314;384663666;17959805
1257;5.6421e-15;-222;1681;14060;12185.8;1;399;-2.14748e+09;-5.04338e+06;-1;0;0;0;-1;0;381443760;384877624;18006449
1258;5.6421e-15;-223;1681;14060;12185.8;1;399;-2.14748e+09;-5.03098e+06;0;0;0;0;0;0;381643727;385091119;18053072
1259;5.6421e-15;-224;1681;14060;12185.8;1;399;-2.14748e+09;-5.01842e+06;0;0;0;0;0;0;381843216;385304152;18099674
1260;5.6421e-15;-225;1681;14060;12185.8;1;399;-2.14748e+09;-5.0061e+06;0;0;0;0;0;0;382042230;385516726;18146253
1261;5.6421e-15;-226;1681;14060;12185.8;1;399;-2.14748e+09;-4.99363e+06;0;0;0;0;0;0;382240769;385728840;18192810
1262;5.6421e-15;-226;1681;14060;12185.8;1;399;-2.14748e+09;-4.9813e+06;-1;0;0;0;-1;0;382438834;385940497;18239345
1263;5.6421e-15;-227;1681;14060;12185.8;1;399;-2.14748e+09;-4.96901e+06;0;0;0;0;0;0;382636428;386151698;18285857
1264;5.6421e-15;-228;1681;14060;12185.8;1;399;-2.14748e+09;-4.95677e+06;0;0;0;0;0;0;382833552;386362445;18332347
1265;5.6421e-15;-228;1681;14060;12185.8;1;399;-2.14748e+09;-4.94466e+06;-1;0;0;0;-1;0;383030207;386572737;18378814
1266;5.6421e-15;-228;1681;14060;12185.8;1;399;-2.14748e+09;-4.9324e+06;-1;0;0;0;-1;0;383226394;386782578;18425257
1267;5.6421e-15;-228;1681;14060;12185.8;1;399;-2.14748e+09;-4.92028e+06;-1;0;0;0;-1;0;383422116;386991967;18471678
1268;5.6421e-15;-228;1681;14060;12185.8;1;399;-2.14748e+09;-4.9083e+06;-1;0;0;0;-1;0;383617372;387200908;18518074
1269;5.6421e-15;-228;1681;14060;12185.8;1;399;-2.14748e+09;-4.89617e+06;-1;0;0;0;-1;0;383812166;387409399;18564448
1270;5.6421e-15;-229;1681;14060;12185.8;1;399;-2.14748e+09;-4.88417e+06;0;0;0;0;0;0;384006497;387617444;18610797
1271;5.6421e-15;-230;1681;14060;12185.8;1;399;-2.14748e+09;-4.87232e+06;0;0;0;0;0;0;384200368;387825043;18657122
1272;5.6421e-15;-231;1681;14060;12185.8;1;399;-2.14748e+09;-4.8604e+06;0;0;0;0;0;0;384393780;388032198;18703423
1273;5.6421e-15;-232;1681;14060;12185.8;1;399;-2.14748e+09;-4.84853e+06;0;0;0;0;0;0;384586734;388238910;18749699
1274;5.6421e-15;-233;1681;14060;12185.8;1;399;-2.14748e+09;-4.83659e+06;0;0;0;0;0;0;384779231;388445179;18795951
1275;5.6421e-15;-234;1681;14060;12185.8;1;399;-2.14748e+09;-4.8248e+06;0;0;0;0;0;0;384971273;388651008;18842178
1276;5.6421e-15;-234;1681;14060;12185.8;1;399;-2.14748e+09;-4.81304e+06;-1;0;0;0;-1;0;385162862;388856398;18888380
1277;5.6421e-15;-234;1681;14060;12185.8;1;399;-2.14748e+09;-4.80133e+06;-1;0;0;0;-1;0;385353998;389061350;18934557
1278;5.6421e-15;-234;1681;14060;12185.8;1;399;-2.14748e+09;-4.78975e+06;-1;0;0;0;-1;0;385544684;389265865;18980708
1279;5.6421e-15;-234;1681;14060;12185.8;1;399;-2.14748e+09;-4.77812e+06;-1;0;0;0;-1;0;385734919;389469944;19026834
1280;5.6421e-15;-234;1681;14060;12185.8;1;399;-2.14748e+09;-4.76642e+06;-1;0;0;0;-1;0;385924707;389673589;19072933
1281;5.6421e-15;-234;1681;14060;12185.8;1;399;-2.14748e+09;-4.75486e+06;-1;0;0;0;-1;0;386114047;389876800;19119007
1282;5.6421e-15;-235;1681;14060;12185.8;1;399;-2.14748e+09;-4.74344e+06;0;0;0;0;0;0;386302942;390079580;19165055
1283;5.6421e-15;-236;1681;14060;12185.8;1;399;-2.14748e+09;-4.73186e+06;0;0;0;0;0;0;386491392;390281929;19211077
1284;5.6421e-15;-237;1681;14060;12185.8;1;399;-2.14748e+09;-4.72052e+06;0;0;0;0;0;0;386679399;390483849;19257072
1285;5.6421e-15;-238;1681;14060;12185.8;1;399;-2.14748e+09;-4.70901e+06;0;0;0;0;0;0;386866964;390685340;19303041
1286;5.6421e-15;-239;1681;14060;12185.8;1;399;-2.14748e+09;-4.69764e+06;0;0;0;0;0;0;387054089;390886404;19348982
1287;5.6421e-15;-239;1681;14060;12185.8;1;399;-2.14748e+09;-4.68631e+06;-1;0;0;0;-1;0;387240775;391087043;19394897
1288;5.6421e-15;-240;1681;14060;12185.8;1;399;-2.14748e+09;-4.67512e+06;0;0;0;0;0;0;387427022;391287257;19440784
1289;5.6421e-15;-240;1681;14060;12185.8;1;399;-2.14748e+09;-4.66377e+06;-1;0;0;0;-1;0;387612833;391487047;19486644
1290;5.6421e-15;-240;1681;14060;12185.8;1;399;-2.14748e+09;-4.65265e+06;-1;0;0;0;-1;0;387798209;391686415;19532477
1291;5.6421e-15;-240;1681;14060;12185.8;1;399;-2.14748e+09;-4.64137e+06;-1;0;0;0;-1;0;387983151;391885362;19578282
1292;5.6421e-15;-241;1681;14060;12185.8;1;399;-2.14748e+09;-4.63022e+06;0;0;0;0;0;0;388167660;392083889;19624059
1293;5.6421e-15;-241;1681;14060;12185.8;1;399;-2.14748e+09;-4.61922e+06;-1;0;0;0;-1;0;388351737;392281997;19669808
1294;5.6421e-15;-241;1681;14060;12185.8;1;399;-2.14748e+09;-4.60815e+06;-1;0;0;0;-1;0;388535384;392479688;19715529
1295;5.6421e-15;-242;1681;14060;12185.8;1;399;-2.14748e+09;-4.59701e+06;0;0;0;0;0;0;388718602;392676962;19761222
1296;5.6421e-15;-242;1681;14060;12185.8;1;399;-2.14748e+09;-4.58611e+06;-1;0;0;0;-1;0;388901393;392873821;19806886
1297;5.6421e-15;-243;1681;14060;12185.8;1;399;-2.14748e+09;-4.57505e+06;0;0;0;0;0;0;389083757;393070266;19852521
1298;5.6421e-15;-243;1681;14060;12185.8;1;399;-2.14748e+09;-4.56422e+06;-1;0;0;0;-1;0;389265695;393266298;19898128
1299;5.6421e-15;-243;1681;14060;12185.8;1;399;-2.14748e+09;-4.55323e+06;-1;0;0;0;-1;0;389447210;393461918;19943706
1300;5.6421e-15;-243;1681;14060;12185.8;1;399;-2.14748e+09;-4.54238e+06;-1;0;0;0;-1;0;389628301;393657127;19989254
1301;5.6421e-15;-243;1681;14060;12185.8;1;399;-2.14748e+09;-4.53166e+06;-1;0;0;0;-1;0;389808971;393851927;20034774
1302;5.6421e-15;-243;1681;14060;12185.8;1;399;-2.14748e+09;-4.52077e+06;-1;0;0;0;-1;0;389989221;394046318;20080263
1303;5.6421e-15;-243;1681;14060;12185.8;1;399;-2.14748e+09;-4.51012e+06;-1;0;0;0;-1;0;390169052;394240303;20125724
1304;5.6421e-15;-244;1681;14060;12185.8;1;399;-2.14748e+09;-4.4993e+06;0;0;0;0;0;0;390348464;394433880;20171154
1305;5.6421e-15;-245;1681;14060;12185.8;1;399;-2.14748e+09;-4.48862e+06;0;0;0;0;0;0;390527460;394627053;20216554
1306;5.6421e-15;-245;1681;14060;12185.8;1;399;-2.14748e+09;-4.47798e+06;-1;0;0;0;-1;0;390706040;394819822;20261925
1307;5.6421e-15;-245;1681;14060;12185.8;1;399;-2.14748e+09;-4.46746e+06;-1;0;0;0;-1;0;390884206;395012188;20307265
1308;5.6421e-15;-245;1681;14060;12185.8;1;399;-2.14748e+09;-4.45688e+06;-1;0;0;0;-1;0;391061959;395204152;20352575
1309;5.6421e-15;-245;1681;14060;12185.8;1;399;-2.14748e+09;-4.44634e+06;-1;0;0;0;-1;0;391239300;395395716;20397855
1310;5.6421e-15;-246;1681;14060;12185.8;1;399;-2.14748e+09;-4.43573e+06;0;0;0;0;0;0;391416230;395586880;20443103
1311;5.6421e-15;-246;1681;14060;12185.8;1;399;-2.14748e+09;-4.42525e+06;-1;0;0;0;-1;0;391592750;395777646;20488321
1312;5.6421e-15;-247;1681;14060;12185.8;1;399;-2.14748e+09;-4.41481e+06;0;0;0;0;0;0;391768862;395968014;20533508
1313;5.6421e-15;-247;1681;14060;12185.8;1;399;-2.14748e+09;-4.4045e+06;-1;0;0;0;-1;0;391944567;396157985;20578664
1314;5.6421e-15;-247;1681;14060;12185.8;1;399;-2.14748e+09;-4.39412e+06;-1;0;0;0;-1;0;392119866;396347562;20623789
1315;5.6421e-15;-248;1681;14060;12185.8;1;399;-2.14748e+09;-4.38378e+06;0;0;0;0;0;0;392294760;396536744;20668882
1316;5.6421e-15;-249;1681;14060;12185.8;1;399;-2.14748e+09;-4.37346e+06;0;0;0;0;0;0;392469249;396725534;20713944
1317;5.6421e-15;-250;1681;14060;12185.8;1;399;-2.14748e+09;-4.36318e+06;0;0;0;0;0;0;392643337;396913931;20758974
1318;5.6421e-15;-250;1681;14060;12185.8;1;399;-2.14748e+09;-4.35294e+06;-1;0;0;0;-1;0;392817023;397101937;20803972
1319;5.6421e-15;-250;1681;14060;12185.8;1;399;-2.14748e+09;-4.34262e+06;-1;0;0;0;-1;0;392990308;397289553;20848939
1320;5.6421e-15;-250;1681;14060;12185.8;1;399;-2.14748e+09;-4.33244e+06;-1;0;0;0;-1;0;393163194;397476781;20893873
1321;5.6421e-15;-251;1681;14060;12185.8;1;399;-2.14748e+09;-4.32229e+06;0;0;0;0;0;0;393335683;397663620;20938775
1322;5.6421e-15;-251;1681;14060;12185.8;1;399;-2.14748e+09;-4.31218e+06;-1;0;0;0;-1;0;393507774;397850073;20983645
1323;5.6421e-15;-252;1681;14060;12185.8;1;399;-2.14748e+09;-4.30209e+06;0;0;0;0;0;0;393679469;398036140;21028482
1324;5.6421e-15;-253;1681;14060;12185.8;1;399;-2.14748e+09;-4.29214e+06;0;0;0;0;0;0;393850770;398221823;21073287
1325;5.6421e-15;-254;1681;14060;12185.8;1;399;-2.14748e+09;-4.28201e+06;0;0;0;0;0;0;394021677;398407121;21118059
1326;5.6421e-15;-255;1681;14060;12185.8;1;399;-2.14748e+09;-4.27202e+06;0;0;0;0;0;0;394192192;398592037;21162798
1327;5.6421e-15;-256;1681;14060;12185.8;1;399;-2.14748e+09;-4.26206e+06;0;0;0;0;0;0;394362315;398776571;21207504
1328;5.6421e-15;-256;1681;14060;12185.8;1;399;-2.14748e+09;-4.25213e+06;-1;0;0;0;-1;0;394532048;398960725;21252178
1329;5.6421e-15;-257;1681;14060;12185.8;1;399;-2.14748e+09;-4.24224e+06;0;0;0;0;0;0;394701392;399144499;21296817
1330;5.6421e-15;-258;1681;14060;12185.8;1;399;-2.14748e+09;-4.23237e+06;0;0;0;0;0;0;394870348;399327894;21341424
1331;5.6421e-15;-258;1681;14060;12185.8;1;399;-2.14748e+09;-4.22253e+06;-1;0;0;0;-1;0;395038917;399510912;21385997
1332;5.6421e-15;-258;1681;14060;12185.8;1;399;-2.14748e+09;-4.21272e+06;-1;0;0;0;-1;0;395207100;399693553;21430536
1333;5.6421e-15;-258;1681;14060;12185.8;1;399;-2.14748e+09;-4.20295e+06;-1;0;0;0;-1;0;395374899;399875819;21475041
1334;5.6421e-15;-258;1681;14060;12185.8;1;399;-2.14748e+09;-4.1932e+06;0;0;-1;0;0;-1;395542313;400057709;21519513
1335;5.6421e-15;-259;1681;14060;12185.8;1;399;-2.14748e+09;-4.18349e+06;0;0;0;0;0;0;395709345;400239227;21563951
1336;5.6421e-15;-260;1681;14060;12185.8;1;399;-2.14748e+09;-4.1739e+06;0;0;0;0;0;0;395875996;400420371;21608354
1337;5.6421e-15;-260;1681;14060;12185.8;1;399;-2.14748e+09;-4.16425e+06;-1;0;0;0;-1;0;396042265;400601144;21652724
1338;5.6421e-15;-261;1681;14060;12185.8;1;399;-2.14748e+09;-4.15452e+06;0;0;0;0;0;0;396208156;400781546;21697059
1339;5.6421e-15;-262;1681;14060;12185.8;1;399;-2.14748e+09;-4.14502e+06;0;0;0;0;0;0;396373668;400961579;21741359
1340;5.6421e-15;-263;1681;14060;12185.8;1;399;-2.14748e+09;-4.13546e+06;0;0;0;0;0;0;396538803;401141242;21785625
1341;5.6421e-15;-263;1681;14060;12185.8;1;399;-2.14748e+09;-4.12592e+06;-1;0;0;0;-1;0;396703561;401320538;21829856
1342;5.6421e-15;-263;1681;14060;12185.8;1;399;-2.14748e+09;-4.11631e+06;-1;0;0;0;-1;0;396867944;401499467;21874053
1343;5.6421e-15;-263;1681;14060;12185.8;1;399;-2.14748e+09;-4.10693e+06;-1;0;0;0;-1;0;397031954;401678030;21918214
1344;5.6421e-15;-263;1681;14060;12185.8;1;399;-2.14748e+09;-4.09738e+06;-1;0;0;0;-1;0;397195590;401856229;21962340
1345;5.6421e-15;-264;1681;14060;12185.8;1;399;-2.14748e+09;-4.08796e+06;0;0;0;0;0;0;397358853;402034063;22006432
1346;5.6421e-15;-265;1681;14060;12185.8;1;399;-2.14748e+09;-4.07857e+06;0;0;0;0;0;0;397521746;402211534;22050488
1347;5.6421e-15;-265;1681;14060;12185.8;1;399;-2.14748e+09;-4.0693e+06;-1;0;0;0;-1;0;397684269;402388643;22094508
1348;5.6421e-15;-265;1681;14060;12185.8;1;399;-2.14748e+09;-4.05997e+06;-1;0;0;0;-1;0;397846423;402565391;22138493
1349;5.6421e-15;-266;1681;14060;12185.8;1;399;-2.14748e+09;-4.05056e+06;0;0;0;0;0;0;398008209;402741779;22182443
1350;5.6421e-15;-267;1681;14060;12185.8;1;399;-2.14748e+09;-4.04128e+06;0;0;0;0;0;0;398169628;402917808;22226356
1351;5.6421e-15;-267;1681;14060;12185.8;1;399;-2.14748e+09;-4.03213e+06;-1;0;0;0;-1;0;398330681;403093478;22270234
1352;5.6421e-15;-267;1681;14060;12185.8;1;399;-2.14748e+09;-4.02281e+06;-1;0;0;0;-1;0;398491369;403268791;22314076
1353;5.6421e-15;-268;1681;14060;12185.8;1;399;-2.14748e+09;-4.01361e+06;0;0;0;0;0;0;398651693;403443747;22357882
1354;5.6421e-15;-269;1681;14060;12185.8;1;399;-2.14748e+09;-4.00454e+06;0;0;0;0;0;0;398811654;403618348;22401652
1355;5.6421e-15;-269;1681;14060;12185.8;1;399;-2.14748e+09;-3.9953e+06;-1;0;0;0;-1;0;398971253;403792594;22445386
1356;5.6421e-15;-270;1681;14060;12185.8;1;399;-2.14748e+09;-3.98629e+06;0;0;0;0;0;0;399130491;403966486;22489083
1357;5.6421e-15;-271;1681;14060;12185.8;1;399;-2.14748e+09;-3.9772e+06;0;0;0;0;0;0;399289370;404140026;22532744
1358;5.6421e-15;-272;1681;14060;12185.8;1;399;-2.14748e+09;-3.96815e+06;0;0;0;0;0;0;399447889;404313214;22576368
1359;5.6421e-15;-272;1681;14060;12185.8;1;399;-2.14748e+09;-3.95912e+06;-1;0;0;0;-1;0;399606050;404486050;22619956
1360;5.6421e-15;-272;1681;14060;12185.8;1;399;-2.14748e+09;-3.95001e+06;-1;0;0;0;-1;0;399763855;404658537;22663507
1361;5.6421e-15;-273;1681;14060;12185.8;1;399;-2.14748e+09;-3.94113e+06;0;0;0;0;0;0;399921303;404830674;22707021
1362;5.6421e-15;-273;1681;14060;12185.8;1;399;-2.14748e+09;-3.93218e+06;-1;0;0;0;-1;0;400078397;405002463;22750498
1363;5.6421e-15;-274;1681;14060;12185.8;1;399;-2.14748e+09;-3.92316e+06;0;0;0;0;0;0;400235136;405173904;22793938
1364;5.6421e-15;-274;1681;14060;12185.8;1;399;-2.14748e+09;-3.91436e+06;-1;0;0;0;-1;0;400391522;405344999;22837341
1365;5.6421e-15;-274;1681;14060;12185.8;1;399;-2.14748e+09;-3.90549e+06;-1;0;0;0;-1;0;400547556;405515748;22880707
1366;5.6421e-15;-275;1681;14060;12185.8;1;399;-2.14748e+09;-3.89665e+06;0;0;0;0;0;0;400703239;405686152;22924036
1367;5.6421e-15;-275;1681;14060;12185.8;1;399;-2.14748e+09;-3.88783e+06;-1;0;0;0;-1;0;400858572;405856213;22967327
1368;5.6421e-15;-275;1681;14060;12185.8;1;399;-2.14748e+09;-3.87893e+06;-1;0;0;0;-1;0;401013555;406025930;23010580
1369;5.6421e-15;-275;1681;14060;12185.8;1;399;-2.14748e+09;-3.87017e+06;-1;0;0;0;-1;0;401168190;406195305;23053796
1370;5.6421e-15;-275;1681;14060;12185.8;1;399;-2.14748e+09;-3.86153e+06;-1;0;0;0;-1;0;401322478;406364339;23096974
1371;5.6421e-15;-275;1681;14060;12185.8;1;399;-2.14748e+09;-3.85281e+06;-1;0;0;0;-1;0;401476419;406533032;23140115
1372;5.6421e-15;-276;1681;14060;12185.8;1;399;-2.14748e+09;-3.84402e+06;0;0;0;0;0;0;401630015;406701386;23183217
1373;5.6421e-15;-276;1681;14060;12185.8;1;399;-2.14748e+09;-3.83536e+06;-1;0;0;0;-1;0;401783267;406869401;23226282
1374;5.6421e-15;-277;1681;14060;12185.8;1;399;-2.14748e+09;-3.82672e+06;0;0;0;0;0;0;401936174;407037078;23269309
1375;5.6421e-15;-278;1681;14060;12185.8;1;399;-2.14748e+09;-3.81811e+06;0;0;0;0;0;0;402088739;407204418;23312297
1376;5.6421e-15;-278;1681;14060;12185.8;1;399;-2.14748e+09;-3.80952e+06;-1;0;0;0;-1;0;402240963;407371421;23355247
1377;5.6421e-15;-278;1681;14060;12185.8;1;399;-2.14748e+09;-3.80096e+06;-1;0;0;0;-1;0;402392845;407538090;23398159
1378;5.6421e-15;-278;1681;14060;12185.8;1;399;-2.14748e+09;-3.79242e+06;-1;0;0;0;-1;0;402544388;407704424;23441033
1379;5.6421e-15;-279;1681;14060;12185.8;1;399;-2.14748e+09;-3.784e+06;0;0;0;0;0;0;402695591;407870424;23483868
1380;5.6421e-15;-280;1681;14060;12185.8;1;399;-2.14748e+09;-3.77542e+06;0;0;0;0;0;0;402846457;408036091;23526664
1381;5.6421e-15;-280;1681;14060;12185.8;1;399;-2.14748e+09;-3.76695e+06;-1;0;0;0;-1;0;402996985;408201426;23569422
1382;5.6421e-15;-281;1681;14060;12185.8;1;399;-2.14748e+09;-3.75861e+06;0;0;0;0;0;0;403147177;408366431;23612141
1383;5.6421e-15;-281;1681;14060;12185.8;1;399;-2.14748e+09;-3.7502e+06;-1;0;0;0;-1;0;403297034;408531104;23654822
1384;5.6421e-15;-281;1680;14060;12185.8;1;399;-2.14748e+09;-3.74181e+06;0;0;0;0;0;0;403446556;408695448;23697463
1385;5.6421e-15;-281;1680;14060;12185.8;1;399;-2.14748e+09;-3.73334e+06;-1;0;0;0;-1;0;403595745;408859464;23740065
1386;5.6421e-15;-282;1680;14060;12185.8;1;399;-2.14748e+09;-3.725e+06;0;0;0;0;0;0;403744601;409023151;23782629
1387;5.6421e-15;-283;1680;14060;12185.8;1;399;-2.14748e+09;-3.71678e+06;0;0;0;0;0;0;403893125;409186512;23825153
1388;5.6421e-15;-283;1680;14060;12185.8;1;399;-2.14748e+09;-3.70839e+06;-1;0;0;0;-1;0;404041318;409349546;23867638
1389;5.6421e-15;-284;1680;14060;12185.8;1;399;-2.14748e+09;-3.70012e+06;0;0;0;0;0;0;404189181;409512255;23910084
1390;5.6421e-15;-285;1680;14060;12185.8;1;399;-2.14748e+09;-3.69197e+06;0;0;0;0;0;0;404336716;409674639;23952491
1391;5.6421e-15;-286;1680;14060;12185.8;1;399;-2.14748e+09;-3.68365e+06;0;0;0;0;0;0;404483922;409836699;23994858
1392;5.6421e-15;-286;1680;14060;12185.8;1;399;-2.14748e+09;-3.67545e+06;-1;0;0;0;-1;0;404630800;409998436;24037185
1393;5.6421e-15;-287;1680;14060;12185.8;1;399;-2.14748e+09;-3.66738e+06;0;0;0;0;0;0;404777352;410159850;24079473
1394;5.6421e-15;-288;1680;14060;12185.8;1;399;-2.14748e+09;-3.65923e+06;0;0;0;0;0;0;404923579;410320944;24121722
1395;5.6421e-15;-288;1680;14060;12185.8;1;399;-2.14748e+09;-3.6511e+06;-1;0;0;0;-1;0;405069481;410481716;24163930
1396;5.6421e-15;-288;1680;14060;12185.8;1;399;-2.14748e+09;-3.64299e+06;-1;0;0;0;-1;0;405215059;410642169;24206099
1397;5.6421e-15;-289;1680;14060;12185.8;1;399;-2.14748e+09;-3.63491e+06;0;0;0;0;0;0;405360313;410802302;24248228
1398;5.6421e-15;-290;1680;14060;12185.8;1;399;-2.14748e+09;-3.62675e+06;0;0;0;0;0;0;405505246;410962117;24290317
1399;5.6421e-15;-290;1680;14060;12185.8;1;399;-2.14748e+09;-3.61881e+06;-1;0;0;0;-1;0;405649858;411121615;24332366
1400;5.6421e-15;-290;1680;14060;12185.8;1;399;-2.14748e+09;-3.6107e+06;-1;0;0;0;-1;0;405794149;411280795;24374376
1401;5.6421e-15;-290;1680;14060;12185.8;1;399;-2.14748e+09;-3.60281e+06;-1;0;0;0;-1;0;405938120;411439660;24416344
1402;5.6421e-15;-291;1680;14060;12185.8;1;399;-2.14748e+09;-3.59484e+06;0;0;0;0;0;0;406081772;411598210;24458273
1403;5.6421e-15;-291;1680;14060;12185.8;1;399;-2.14748e+09;-3.58689e+06;-1;0;0;0;-1;0;406225107;411756444;24500161
1404;5.6421e-15;-292;1680;14060;12185.8;1;399;-2.14748e+09;-3.57887e+06;0;0;0;0;0;0;406368125;411914366;24542010
1405;5.6421e-15;-292;1680;14060;12185.8;1;399;-2.14748e+09;-3.57107e+06;-1;0;0;0;-1;0;406510826;412071974;24583817
1406;5.6421e-15;-293;1680;14060;12185.8;1;399;-2.14748e+09;-3.56319e+06;0;0;0;0;0;0;406653212;412229270;24625584
1407;5.6421e-15;-294;1680;14060;12185.8;1;399;-2.14748e+09;-3.55533e+06;0;0;0;0;0;0;406795283;412386255;24667311
1408;5.6421e-15;-295;1680;14060;12185.8;1;399;-2.14748e+09;-3.5475e+06;0;0;0;0;0;0;406937041;412542929;24708997
1409;5.6421e-15;-296;1680;14060;12185.8;1;399;-2.14748e+09;-3.53959e+06;0;0;0;0;0;0;407078485;412699293;24750643
1410;5.6421e-15;-297;1680;14060;12185.8;1;399;-2.14748e+09;-3.5318e+06;0;0;0;0;0;0;407219618;412855348;24792247
1411;5.6421e-15;-297;1680;14060;12185.8;1;399;-2.14748e+09;-3.52413e+06;-1;0;0;0;-1;0;407360439;413011094;24833811
1412;5.6421e-15;-297;1680;14060;12185.8;1;399;-2.14748e+09;-3.51628e+06;-1;0;0;0;-1;0;407500950;413166533;24875334
1413;5.6421e-15;-297;1680;14060;12185.8;1;399;-2.14748e+09;-3.50866e+06;-1;0;0;0;-1;0;407641151;413321665;24916816
1414;5.6421e-15;-298;1680;14060;12185.8;1;399;-2.14748e+09;-3.50085e+06;0;0;0;0;0;0;407781044;413476490;24958258
1415;5.6421e-15;-299;1680;14060;12185.8;1;399;-2.14748e+09;-3.49327e+06;0;0;0;0;0;0;407920628;413631010;24999658
1416;5.6421e-15;-300;1680;14060;12185.8;1;399;-2.14748e+09;-3.48551e+06;0;0;0;0;0;0;408059905;413785226;25041017
1417;5.6421e-15;-301;1680;14060;12185.8;1;399;-2.14748e+09;-3.47797e+06;0;0;0;0;0;0;408198876;413939137;25082335
1418;5.6421e-15;-301;1680;14060;12185.8;1;399;-2.14748e+09;-3.47025e+06;-1;0;0;0;-1;0;408337541;414092745;25123612
1419;5.6421e-15;-301;1680;14060;12185.8;1;399;-2.14748e+09;-3.46275e+06;-1;0;0;0;-1;0;408475901;414246050;25164847
1420;5.6421e-15;-302;1680;14060;12185.8;1;399;-2.14748e+09;-3.45508e+06;0;0;0;0;0;0;408613957;414399054;25206042
1421;5.6421e-15;-302;1680;14060;12185.8;1;399;-2.14748e+09;-3.44762e+06;-1;0;0;0;-1;0;408751711;414551757;25247195
1422;5.6421e-15;-302;1680;14060;12185.8;1;399;-2.14748e+09;-3.44009e+06;-1;0;0;0;-1;0;408889161;414704159;25288306
1423;5.6421e-15;-303;1680;14060;12185.8;1;399;-2.14748e+09;-3.43258e+06;0;0;0;0;0;0;409026310;414856261;25329376
1424;5.6421e-15;-304;1680;14060;12185.8;1;399;-2.14748e+09;-3.42508e+06;0;0;0;0;0;0;409163158;415008065;25370405
1425;5.6421e-15;-305;1680;14060;12185.8;1;399;-2.14748e+09;-3.41751e+06;0;0;0;0;0;0;409299706;415159570;25411392
1426;5.6421e-15;-306;1680;14060;12185.8;1;399;-2.14748e+09;-3.41016e+06;0;0;0;0;0;0;409435955;415310778;25452337
1427;5.6421e-15;-307;1680;14060;12185.8;1;399;-2.14748e+09;-3.40273e+06;0;0;0;0;0;0;409571905;415461689;25493241
1428;5.6421e-15;-308;1680;14060;12185.8;1;399;-2.14748e+09;-3.39532e+06;0;0;0;0;0;0;409707558;415612303;25534103
1429;5.6421e-15;-308;1680;14060;12185.8;1;399;-2.14748e+09;-3.38793e+06;-1;0;0;0;-1;0;409842913;415762623;25574923
1430;5.6421e-15;-309;1680;14060;12185.8;1;399;-2.14748e+09;-3.38056e+06;0;0;0;0;0;0;409977973;415912647;25615701
1431;5.6421e-15;-310;1680;14060;12185.8;1;399;-2.14748e+09;-3.37321e+06;0;0;0;0;0;0;410112737;416062378;25656437
1432;5.6421e-15;-311;1680;14060;12185.8;1;399;-2.14748e+09;-3.36578e+06;0;0;0;0;0;0;410247206;416211815;25697132
1433;5.6421e-15;-312;1680;14060;12185.8;1;399;-2.14748e+09;-3.35857e+06;0;0;0;0;0;0;410381381;416360960;25737785
1434;5.6421e-15;-312;1680;14060;12185.8;1;399;-2.14748e+09;-3.35128e+06;-1;0;0;0;-1;0;410515263;416509812;25778395
1435;5.6421e-15;-312;1680;14060;12185.8;1;399;-2.14748e+09;-3.34391e+06;-1;0;0;0;-1;0;410648853;416658373;25818964
1436;5.6421e-15;-312;1680;14060;12185.8;1;399;-2.14748e+09;-3.33666e+06;-1;0;0;0;-1;0;410782151;416806644;25859490
1437;5.6421e-15;-313;1680;14060;12185.8;1;399;-2.14748e+09;-3.32943e+06;0;0;0;0;0;0;410915159;416954625;25899974
1438;5.6421e-15;-313;1680;14060;12185.8;1;399;-2.14748e+09;-3.32232e+06;-1;0;0;0;-1;0;411047876;417102317;25940416
1439;5.6421e-15;-313;1680;14060;12185.8;1;399;-2.14748e+09;-3.31513e+06;-1;0;0;0;-1;0;411180304;417249720;25980816
1440;5.6421e-15;-314;1680;14060;12185.8;1;399;-2.14748e+09;-3.30796e+06;0;0;0;0;0;0;411312443;417396835;26021174
1441;5.6421e-15;-315;1680;14060;12185.8;1;399;-2.14748e+09;-3.3007e+06;0;0;0;0;0;0;411444294;417543663;26061489
1442;5.6421e-15;-316;1680;14060;12185.8;1;399;-2.14748e+09;-3.29357e+06;0;0;0;0;0;0;411575858;417690204;26101762
1443;5.6421e-15;-317;1680;14060;12185.8;1;399;-2.14748e+09;-3.28656e+06;0;0;0;0;0;0;411707136;417836460;26141992
1444;5.6421e-15;-318;1680;14060;12185.8;1;399;-2.14748e+09;-3.27946e+06;0;0;0;0;0;0;411838128;417982431;26182180
1445;5.6421e-15;-319;1680;14060;12185.8;1;399;-2.14748e+09;-3.27239e+06;0;0;0;0;0;0;411968835;418128116;26222325
1446;5.6421e-15;-320;1680;14060;12185.8;1;399;-2.14748e+09;-3.26533e+06;0;0;0;0;0;0;412099258;418273519;26262428
1447;5.6421e-15;-321;1680;14060;12185.8;1;399;-2.14748e+09;-3.2582e+06;0;0;0;0;0;0;412229397;418418638;26302488
1448;5.6421e-15;-321;1680;14060;12185.8;1;399;-2.14748e+09;-3.25128e+06;-1;0;0;0;-1;0;412359254;418563474;26342506
1449;5.6421e-15;-322;1680;14060;12185.8;1;399;-2.14748e+09;-3.24428e+06;0;0;0;0;0;0;412488828;418708028;26382481
1450;5.6421e-15;-323;1680;14060;12185.8;1;399;-2.14748e+09;-3.2373e+06;0;0;0;0;0;0;412618121;418852302;26422414
1451;5.6421e-15;-323;1680;14060;12185.8;1;399;-2.14748e+09;-3.23024e+06;-1;0;0;0;-1;0;412747134;418996294;26462303
1452;5.6421e-15;-323;1680;14060;12185.8;1;399;-2.14748e+09;-3.22339e+06;-1;0;0;0;-1;0;412875867;419140007;26502150
1453;5.6421e-15;-323;1680;14060;12185.8;1;399;-2.14748e+09;-3.21647e+06;-1;0;0;0;-1;0;413004320;419283441;26541954
1454;5.6421e-15;-323;1680;14060;12185.8;1;399;-2.14748e+09;-3.20956e+06;-1;0;0;0;-1;0;413132495;419426595;26581715
1455;5.6421e-15;-323;1680;14060;12185.8;1;399;-2.14748e+09;-3.20257e+06;-1;0;0;0;-1;0;413260392;419569472;26621434
1456;5.6421e-15;-324;1680;14060;12185.8;1;399;-2.14748e+09;-3.1958e+06;0;0;0;0;0;0;413388013;419712072;26661109
1457;5.6421e-15;-325;1680;14060;12185.8;1;399;-2.14748e+09;-3.18885e+06;0;0;0;0;0;0;413515357;419854395;26700742
1458;5.6421e-15;-326;1680;14060;12185.8;1;399;-2.14748e+09;-3.18202e+06;0;0;0;0;0;0;413642425;419996442;26740331
1459;5.6421e-15;-327;1680;14060;12185.8;1;399;-2.14748e+09;-3.1753e+06;0;0;0;0;0;0;413769218;420138213;26779878
1460;5.6421e-15;-327;1680;14060;12185.8;1;399;-2.14748e+09;-3.16851e+06;-1;0;0;0;-1;0;413895737;420279709;26819381
1461;5.6421e-15;-328;1680;14060;12185.8;1;399;-2.14748e+09;-3.16173e+06;0;0;0;0;0;0;414021983;420420932;26858841
1462;5.6421e-15;-328;1680;14060;12185.8;1;399;-2.14748e+09;-3.15497e+06;-1;0;0;0;-1;0;414147955;420561880;26898259
1463;5.6421e-15;-329;1680;14060;12185.8;1;399;-2.14748e+09;-3.14822e+06;0;0;0;0;0;0;414273656;420702556;26937633
1464;5.6421e-15;-330;1680;14060;12185.8;1;399;-2.14748e+09;-3.1414e+06;0;0;0;0;0;0;414399085;420842960;26976964
1465;5.6421e-15;-330;1680;14060;12185.8;1;399;-2.14748e+09;-3.13479e+06;-1;0;0;0;-1;0;414524243;420983092;27016252
1466;5.6421e-15;-330;1680;14060;12185.8;1;399;-2.14748e+09;-3.128e+06;-1;0;0;0;-1;0;414649131;421122953;27055496
1467;5.6421e-15;-331;1680;14060;12185.8;1;399;-2.14748e+09;-3.12143e+06;0;0;0;0;0;0;414773750;421262544;27094697
1468;5.6421e-15;-331;1680;14060;12185.8;1;399;-2.14748e+09;-3.11478e+06;-1;0;0;0;-1;0;414898099;421401864;27133855
1469;5.6421e-15;-332;1680;14060;12185.8;1;399;-2.14748e+09;-3.10804e+06;0;0;0;0;0;0;415022181;421540916;27172970
1470;5.6421e-15;-333;1680;14060;12185.8;1;399;-2.14748e+09;-3.10152e+06;0;0;0;0;0;0;415145996;421679699;27212041
1471;5.6421e-15;-334;1680;14060;12185.8;1;399;-2.14748e+09;-3.09482e+06;0;0;0;0;0;0;415269543;421818214;27251069
1472;5.6421e-15;-335;1680;14060;12185.8;1;399;-2.14748e+09;-3.08833e+06;0;0;0;0;0;0;415392825;421956461;27290054
1473;5.6421e-15;-336;1680;14060;12185.8;1;399;-2.14748e+09;-3.08176e+06;0;0;0;0;0;0;415515841;422094442;27328995
1474;5.6421e-15;-336;1680;14060;12185.8;1;399;-2.14748e+09;-3.07521e+06;-1;0;0;0;-1;0;415638593;422232157;27367892
1475;5.6421e-15;-337;1680;14060;12185.8;1;399;-2.14748e+09;-3.06868e+06;0;0;0;0;0;0;415761080;422369606;27406746
1476;5.6421e-15;-337;1680;14060;12185.8;1;399;-2.14748e+09;-3.06216e+06;-1;0;0;0;-1;0;415883305;422506790;27445557
1477;5.6421e-15;-337;1680;14060;12185.8;1;399;-2.14748e+09;-3.05566e+06;-1;0;0;0;-1;0;416005266;422643710;27484324
1478;5.6421e-15;-338;1680;14060;12185.8;1;399;-2.14748e+09;-3.04918e+06;0;0;0;0;0;0;416126965;422780366;27523048
1479;5.6421e-15;-338;1680;14060;12185.8;1;399;-2.14748e+09;-3.04262e+06;-1;0;0;0;-1;0;416248403;422916759;27561728
1480;5.6421e-15;-338;1680;14060;12185.8;1;399;-2.14748e+09;-3.03627e+06;-1;0;0;0;-1;0;416369581;423052890;27600364
1481;5.6421e-15;-339;1680;14060;12185.8;1;399;-2.14748e+09;-3.02974e+06;0;0;0;0;0;0;416490498;423188758;27638957
1482;5.6421e-15;-339;1680;14060;12185.8;1;399;-2.14748e+09;-3.02332e+06;-1;0;0;0;-1;0;416611155;423324366;27677506
1483;5.6421e-15;-340;1680;14060;12185.8;1;399;-2.14748e+09;-3.01702e+06;0;0;0;0;0;0;416731554;423459712;27716011
1484;5.6421e-15;-340;1680;14060;12185.8;1;399;-2.14748e+09;-3.01054e+06;-1;0;0;0;-1;0;416851695;423594798;27754473
1485;5.6421e-15;-341;1680;14060;12185.8;1;399;-2.14748e+09;-3.00427e+06;0;0;0;0;0;0;416971578;423729625;27792891
1486;5.6421e-15;-342;1680;14060;12185.8;1;399;-2.14748e+09;-2.99792e+06;0;0;0;0;0;0;417091204;423864192;27831265
1487;5.6421e-15;-342;1680;14060;12185.8;1;399;-2.14748e+09;-2.99149e+06;-1;0;0;0;-1;0;417210574;423998501;27869596
1488;5.6421e-15;-342;1680;14060;12185.8;1;399;-2.14748e+09;-2.98528e+06;-1;0;0;0;-1;0;417329689;424132552;27907882
1489;5.6421e-15;-343;1680;14060;12185.8;1;399;-2.14748e+09;-2.97898e+06;0;0;0;0;0;0;417448548;424266346;27946125
1490;5.6421e-15;-344;1680;14060;12185.8;1;399;-2.14748e+09;-2.97259e+06;0;0;0;0;0;0;417567153;424399884;27984324
1491;5.6421e-15;-345;1680;14060;12185.8;1;399;-2.14748e+09;-2.96642e+06;0;0;0;0;0;0;417685505;424533165;28022480
1492;5.6421e-15;-346;1680;14060;12185.8;1;399;-2.14748e+09;-2.96007e+06;0;0;0;0;0;0;417803603;424666190;28060591
1493;5.6421e-15;-347;1680;14060;12185.8;1;399;-2.14748e+09;-2.95394e+06;0;0;0;0;0;0;417921449;424798961;28098659
1494;5.6421e-15;-347;1680;14060;12185.8;1;399;-2.14748e+09;-2.94772e+06;-1;0;0;0;-1;0;418039043;424931477;28136682
1495;5.6421e-15;-347;1680;14060;12185.8;1;399;-2.14748e+09;-2.94141e+06;-1;0;0;0;-1;0;418156386;425063739;28174662
1496;5.6421e-15;-348;1680;14060;12185.8;1;399;-2.14748e+09;-2.93522e+06;0;0;0;0;0;0;418273479;425195748;28212598
1497;5.6421e-15;-348;1680;14060;12185.8;1;399;-2.14748e+09;-2.92905e+06;-1;0;0;0;-1;0;418390321;425327505;28250490
1498;5.6421e-15;-348;1680;14060;12185.8;1;399;-2.14748e+09;-2.923e+06;-1;0;0;0;-1;0;418506914;425459009;28288338
1499;5.6421e-15;-349;1680;14060;12185.8;1;399;-2.14748e+09;-2.91676e+06;0;0;0;0;0;0;418623259;425590261;28326142
1500;5.6421e-15;-350;1680;14060;12185.8;1;399;-2.14748e+09;-2.91073e+06;0;0;0;0;0;0;418739355;425721262;28363902
1501;5.6421e-15;-350;1680;14060;12185.8;1;399;-2.14748e+09;-2.90462e+06;-1;0;0;0;-1;0;418855204;425852013;28401618
1502;5.6421e-15;-350;1680;14060;12185.8;1;399;-2.14748e+09;-2.89843e+06;-1;0;0;0;-1;0;418970806;425982514;28439290
1503;5.6421e-15;-351;1680;14060;12185.8;1;399;-2.14748e+09;-2.89235e+06;0;0;0;0;0;0;419086162;426112766;28476918
1504;5.6421e-15;-351;1680;14060;12185.8;1;399;-2.14748e+09;-2.88629e+06;-1;0;0;0;-1;0;419201272;426242769;28514502
1505;5.6421e-15;-352;1680;14060;12185.8;1;399;-2.14748e+09;-2.88024e+06;0;0;0;0;0;0;419316137;426372523;28552042
1506;5.6421e-15;-353;1680;14060;12185.8;1;399;-2.14748e+09;-2.87431e+06;0;0;0;0;0;0;419430758;426502030;28589538
1507;5.6421e-15;-353;1680;14060;12185.8;1;399;-2.14748e+09;-2.86829e+06;-1;0;0;0;-1;0;419545134;426631290;28626989
1508;5.6421e-15;-354;1680;14060;12185.8;1;399;-2.14748e+09;-2.86219e+06;0;0;0;0;0;0;419659268;426760303;28664397
1509;5.6421e-15;-355;1680;14060;12185.8;1;399;-2.14748e+09;-2.8562e+06;0;0;0;0;0;0;419773159;426889069;28701761
1510;5.6421e-15;-355;1680;14060;12185.8;1;399;-2.14748e+09;-2.85033e+06;-1;0;0;0;-1;0;419886808;427017591;28739080
1511;5.6421e-15;-355;1680;14060;12185.8;1;399;-2.14748e+09;-2.84427e+06;-1;0;0;0;-1;0;420000215;427145867;28776355
1512;5.6421e-15;-355;1680;14060;12185.8;1;399;-2.14748e+09;-2.83843e+06;-1;0;0;0;-1;0;420113382;427273899;28813587
1513;5.6421e-15;-355;1680;14060;12185.8;1;399;-2.14748e+09;-2.8324e+06;-1;0;0;0;-1;0;420226308;427401687;28850774
1514;5.6421e-15;-355;1680;14060;12185.8;1;399;-2.14748e+09;-2.82659e+06;-1;0;0;0;-1;0;420338994;427529231;28887917
1515;5.6421e-15;-356;1680;14060;12185.8;1;399;-2.14748e+09;-2.8207e+06;0;0;0;0;0;0;420451442;427656533;28925015
1516;5.6421e-15;-357;1680;14060;12185.8;1;399;-2.14748e+09;-2.81482e+06;0;0;0;0;0;0;420563651;427783592;28962070
1517;5.6421e-15;-357;1680;14060;12185.8;1;399;-2.14748e+09;-2.80885e+06;-1;0;0;0;-1;0;420675622;427910409;28999081
1518;5.6421e-15;-357;1680;14060;12185.8;1;399;-2.14748e+09;-2.803e+06;-1;0;0;0;-1;0;420787355;428036985;29036047
1519;5.6421e-15;-358;1680;14060;12185.8;1;399;-2.14748e+09;-2.79726e+06;0;0;0;0;0;0;420898852;428163321;29072969
1520;5.6421e-15;-358;1680;14060;12185.8;1;399;-2.14748e+09;-2.79144e+06;-1;0;0;0;-1;0;421010113;428289416;29109847
1521;5.6421e-15;-359;1680;14060;12185.8;1;399;-2.14748e+09;-2.78553e+06;0;0;0;0;0;0;421121138;428415271;29146680
1522;5.6421e-15;-359;1680;14060;12185.8;1;399;-2.14748e+09;-2.77983e+06;-1;0;0;0;-1;0;421231928;428540887;29183470
1523;5.6421e-15;-360;1680;14060;12185.8;1;399;-2.14748e+09;-2.77395e+06;0;0;0;0;0;0;421342484;428666265;29220215
1524;5.6421e-15;-360;1680;14060;12185.8;1;399;-2.14748e+09;-2.76819e+06;-1;0;0;0;-1;0;421452805;428791404;29256916
1525;5.6421e-15;-361;1680;14060;12185.8;1;399;-2.14748e+09;-2.76254e+06;0;0;0;0;0;0;421562894;428916306;29293573
1526;5.6421e-15;-361;1680;14060;12185.8;1;399;-2.14748e+09;-2.7567e+06;-1;0;0;0;-1;0;421672750;429040971;29330186
1527;5.6421e-15;-361;1680;14060;12185.8;1;399;-2.14748e+09;-2.75108e+06;-1;0;0;0;-1;0;421782373;429165399;29366754
1528;5.6421e-15;-361;1680;14060;12185.8;1;399;-2.14748e+09;-2.74527e+06;-1;0;0;0;-1;0;421891765;429289591;29403278
1529;5.6421e-15;-362;1680;14060;12185.8;1;399;-2.14748e+09;-2.73968e+06;0;0;0;0;0;0;422000926;429413548;29439758
1530;5.6421e-15;-362;1680;14060;12185.8;1;399;-2.14748e+09;-2.734e+06;-1;0;0;0;-1;0;422109856;429537269;29476193
1531;5.6421e-15;-362;1680;14060;12185.8;1;399;-2.14748e+09;-2.72833e+06;-1;0;0;0;-1;0;422218556;429660756;29512585
1532;5.6421e-15;-362;1680;14060;12185.8;1;399;-2.14748e+09;-2.72268e+06;-1;0;0;0;-1;0;422327027;429784009;29548932
1533;5.6421e-15;-363;1680;14060;12185.8;1;399;-2.14748e+09;-2.71704e+06;0;0;0;0;0;0;422435269;429907028;29585235
1534;5.6421e-15;-363;1680;14060;12185.8;1;399;-2.14748e+09;-2.71132e+06;-1;0;0;0;-1;0;422543283;430029814;29621493
1535;5.6421e-15;-364;1680;14060;12185.8;1;399;-2.14748e+09;-2.70581e+06;0;0;0;0;0;0;422651069;430152368;29657707
1536;5.6421e-15;-364;1680;14060;12185.8;1;399;-2.14748e+09;-2.70011e+06;-1;0;0;0;-1;0;422758628;430274690;29693877
1537;5.6421e-15;-365;1680;14060;12185.8;1;399;-2.14748e+09;-2.69453e+06;0;0;0;0;0;0;422865960;430396780;29730003
1538;5.6421e-15;-366;1680;14060;12185.8;1;399;-2.14748e+09;-2.68896e+06;0;0;0;0;0;0;422973066;430518639;29766085
1539;5.6421e-15;-367;1680;14060;12185.8;1;399;-2.14748e+09;-2.68351e+06;0;0;0;0;0;0;423079947;430640268;29802122
1540;5.6421e-15;-367;1680;14060;12185.8;1;399;-2.14748e+09;-2.67786e+06;-1;0;0;0;-1;0;423186602;430761666;29838115
1541;5.6421e-15;-367;1680;14060;12185.8;1;399;-2.14748e+09;-2.67244e+06;-1;0;0;0;-1;0;423293034;430882835;29874064
1542;5.6421e-15;-367;1680;14060;12185.8;1;399;-2.14748e+09;-2.66682e+06;-1;0;0;0;-1;0;423399241;431003776;29909968
1543;5.6421e-15;-367;1680;14060;12185.8;1;399;-2.14748e+09;-2.66142e+06;-1;0;0;0;-1;0;423505225;431124487;29945828
1544;5.6421e-15;-368;1680;14060;12185.8;1;399;-2.14748e+09;-2.65584e+06;0;0;0;0;0;0;423610986;431244970;29981644
1545;5.6421e-15;-369;1680;14060;12185.8;1;399;-2.14748e+09;-2.65036e+06;0;0;0;0;0;0;423716525;431365226;30017416
1546;5.6421e-15;-369;1680;14060;12185.8;1;399;-2.14748e+09;-2.6449e+06;-1;0;0;0;-1;0;423821842;431485255;30053143
1547;5.6421e-15;-370;1680;14060;12185.8;1;399;-2.14748e+09;-2.63946e+06;0;0;0;0;0;0;423926938;431605057;30088826
1548;5.6421e-15;-370;1680;14060;12185.8;1;399;-2.14748e+09;-2.63402e+06;-1;0;0;0;-1;0;424031813;431724633;30124465
1549;5.6421e-15;-370;1680;14060;12185.8;1;399;-2.14748e+09;-2.6286e+06;-1;0;0;0;-1;0;424136468;431843983;30160060
1550;5.6421e-15;-371;1680;14060;12185.8;1;399;-2.14748e+09;-2.62319e+06;0;0;0;0;0;0;424240903;431963109;30195610
1551;5.6421e-15;-372;1680;14060;12185.8;1;399;-2.14748e+09;-2.6179e+06;0;0;0;0;0;0;424345119;432082009;30231116
1552;5.6421e-15;-373;1680;14060;12185.8;1;399;-2.14748e+09;-2.61242e+06;0;0;0;0;0;0;424449117;432200685;30266578
1553;5.6421e-15;-373;1680;14060;12185.8;1;399;-2.14748e+09;-2.60705e+06;-1;0;0;0;-1;0;424552897;432319138;30301995
1554;5.6421e-15;-373;1680;14060;12185.8;1;399;-2.14748e+09;-2.6018e+06;-1;0;0;0;-1;0;424656459;432437367;30337369
1555;5.6421e-15;-374;1680;14060;12185.8;1;399;-2.14748e+09;-2.59646e+06;0;0;0;0;0;0;424759804;432555374;30372698
1556;5.6421e-15;-374;1680;14060;12185.8;1;399;-2.14748e+09;-2.59103e+06;-1;0;0;0;-1;0;424862932;432673158;30407983
1557;5.6421e-15;-374;1680;14060;12185.8;1;399;-2.14748e+09;-2.58571e+06;-1;0;0;0;-1;0;424965845;432790721;30443223
1558;5.6421e-15;-375;1680;14060;12185.8;1;399;-2.14748e+09;-2.58041e+06;0;0;0;0;0;0;425068542;432908062;30478420
1559;5.6421e-15;-376;1680;14060;12185.8;1;399;-2.14748e+09;-2.57512e+06;0;0;0;0;0;0;425171024;433025182;30513572
1560;5.6421e-15;-376;1680;14060;12185.8;1;399;-2.14748e+09;-2.56984e+06;-1;0;0;0;-1;0;425273291;433142082;30548680
1561;5.6421e-15;-377;1680;14060;12185.8;1;399;-2.14748e+09;-2.56458e+06;0;0;0;0;0;0;425375345;433258762;30583744
1562;5.6421e-15;-378;1680;14060;12185.8;1;399;-2.14748e+09;-2.55942e+06;0;0;0;0;0;0;425477186;433375222;30618763
1563;5.6421e-15;-378;1680;14060;12185.8;1;399;-2.14748e+09;-2.55418e+06;-1;0;0;0;-1;0;425578813;433491464;30653739
1564;5.6421e-15;-378;1680;14060;12185.8;1;399;-2.14748e+09;-2.54886e+06;-1;0;0;0;-1;0;425680228;433607487;30688670
1565;5.6421e-15;-378;1680;14060;12185.8;1;399;-2.14748e+09;-2.54374e+06;-1;0;0;0;-1;0;425781431;433723292;30723557
1566;5.6421e-15;-378;1680;14060;12185.8;1;399;-2.14748e+09;-2.53854e+06;-1;0;0;0;-1;0;425882423;433838879;30758400
1567;5.6421e-15;-379;1680;14060;12185.8;1;399;-2.14748e+09;-2.53325e+06;0;0;0;0;0;0;425983204;433954249;30793199
1568;5.6421e-15;-379;1680;14060;12185.8;1;399;-2.14748e+09;-2.52818e+06;-1;0;0;0;-1;0;426083774;434069402;30827953
1569;5.6421e-15;-380;1680;14060;12185.8;1;399;-2.14748e+09;-2.52301e+06;0;0;0;0;0;0;426184134;434184339;30862664
1570;5.6421e-15;-381;1680;14060;12185.8;1;399;-2.14748e+09;-2.51786e+06;0;0;0;0;0;0;426284286;434299060;30897330
1571;5.6421e-15;-381;1680;14060;12185.8;1;399;-2.14748e+09;-2.51262e+06;-1;0;0;0;-1;0;426384228;434413566;30931952
1572;5.6421e-15;-382;1680;14060;12185.8;1;399;-2.14748e+09;-2.5075e+06;0;0;0;0;0;0;426483962;434527857;30966530
1573;5.6421e-15;-383;1680;14060;12185.8;1;399;-2.14748e+09;-2.50248e+06;0;0;0;0;0;0;426583488;434641934;31001064
1574;5.6421e-15;-383;1680;14060;12185.8;1;399;-2.14748e+09;-2.49728e+06;-1;0;0;0;-1;0;426682806;434755796;31035554
1575;5.6421e-15;-384;1680;14060;12185.8;1;399;-2.14748e+09;-2.49229e+06;0;0;0;0;0;0;426781918;434869445;31070000
1576;5.6421e-15;-385;1680;14060;12185.8;1;399;-2.14748e+09;-2.48711e+06;0;0;0;0;0;0;426880823;434982881;31104401
1577;5.6421e-15;-385;1680;14060;12185.8;1;399;-2.14748e+09;-2.48204e+06;-1;0;0;0;-1;0;426979522;435096104;31138759
1578;5.6421e-15;-385;1680;14060;12185.8;1;399;-2.14748e+09;-2.47699e+06;-1;0;0;0;-1;0;427078016;435209115;31173072
1579;5.6421e-15;-386;1680;14060;12185.8;1;399;-2.14748e+09;-2.47205e+06;0;0;0;0;0;0;427176305;435321915;31207342
1580;5.6421e-15;-386;1680;14060;12185.8;1;399;-2.14748e+09;-2.46692e+06;-1;0;0;0;-1;0;427274389;435434503;31241567
1581;5.6421e-15;-386;1680;14060;12185.8;1;399;-2.14748e+09;-2.462e+06;-1;0;0;0;-1;0;427372269;435546880;31275748
1582;5.6421e-15;-387;1680;14060;12185.8;1;399;-2.14748e+09;-2.45689e+06;0;0;0;0;0;0;427469946;435659046;31309886
1583;5.6421e-15;-387;1680;14060;12185.8;1;399;-2.14748e+09;-2.452e+06;-1;0;0;0;-1;0;427567419;435771003;31343979
1584;5.6421e-15;-388;1680;14060;12185.8;1;399;-2.14748e+09;-2.44692e+06;0;0;0;0;0;0;427664690;435882750;31378029
1585;5.6421e-15;-389;1680;14060;12185.8;1;399;-2.14748e+09;-2.44204e+06;0;0;0;0;0;0;427761759;435994288;31412034
1586;5.6421e-15;-390;1680;14060;12185.8;1;399;-2.14748e+09;-2.43699e+06;0;0;0;0;0;0;427858627;436105618;31445995
1587;5.6421e-15;-390;1680;14060;12185.8;1;399;-2.14748e+09;-2.43204e+06;-1;0;0;0;-1;0;427955293;436216739;31479913
1588;5.6421e-15;-391;1680;14060;12185.8;1;399;-2.14748e+09;-2.4271e+06;0;0;0;0;0;0;428051759;436327652;31513786
1589;5.6421e-15;-391;1680;14060;12185.8;1;399;-2.14748e+09;-2.42228e+06;-1;0;0;0;-1;0;428148024;436438358;31547616
1590;5.6421e-15;-392;1680;14060;12185.8;1;399;-2.14748e+09;-2.41737e+06;0;0;0;0;0;0;428244090;436548857;31581402
1591;5.6421e-15;-392;1680;14060;12185.8;1;399;-2.14748e+09;-2.41247e+06;-1;0;0;0;-1;0;428339956;436659149;31615143
1592;5.6421e-15;-393;1680;14060;12185.8;1;399;-2.14748e+09;-2.40748e+06;0;0;0;0;0;0;428435623;436769235;31648841
1593;5.6421e-15;-394;1680;14060;12185.8;1;399;-2.14748e+09;-2.4027e+06;0;0;0;0;0;0;428531093;436879116;31682495
1594;5.6421e-15;-395;1680;14060;12185.8;1;399;-2.14748e+09;-2.39774e+06;0;0;0;0;0;0;428626364;436988791;31716105
1595;5.6421e-15;-396;1680;14060;12185.8;1;399;-2.14748e+09;-2.39298e+06;0;0;0;0;0;0;428721438;437098262;31749672
1596;5.6421e-15;-397;1680;14060;12185.8;1;399;-2.14748e+09;-2.38804e+06;0;0;0;0;0;0;428816315;437207528;31783194
1597;5.6421e-15;-397;1680;14060;12185.8;1;399;-2.14748e+09;-2.38331e+06;-1;0;0;0;-1;0;428910996;437316590;31816673
1598;5.6421e-15;-397;1680;14060;12185.8;1;399;-2.14748e+09;-2.37838e+06;-1;0;0;0;-1;0;429005480;437425449;31850108
1599;5.6421e-15;-397;1680;14060;12185.8;1;399;-2.14748e+09;-2.37368e+06;-1;0;0;0;-1;0;429099769;437534105;31883499
1600;5.6421e-15;-398;1680;14060;12185.8;1;399;-2.14748e+09;-2.36888e+06;0;0;0;0;0;0;429193863;437642557;31916846
1601;5.6421e-15;-399;1680;14060;12185.8;1;399;-2.14748e+09;-2.36399e+06;0;0;0;0;0;0;429287762;437750808;31950150
1602;5.6421e-15;-400;1680;14060;12185.8;1;399;-2.14748e+09;-2.35922e+06;0;0;0;0;0;0;429381467;437858857;31983409
1603;5.6421e-15;-400;1680;14060;12185.8;1;399;-2.14748e+09;-2.35455e+06;-1;0;0;0;-1;0;429474978;437966704;32016626
1604;5.6421e-15;-401;1680;14060;12185.8;1;399;-2.14748e+09;-2.3497e+06;0;0;0;0;0;0;429568296;438074350;32049798
1605;5.6421e-15;-401;1680;14060;12185.8;1;399;-2.14748e+09;-2.34496e+06;-1;0;0;0;-1;0;429661421;438181796;32082927
1606;5.6421e-15;-402;1680;14060;12185.8;1;399;-2.14748e+09;-2.34023e+06;0;0;0;0;0;0;429754354;438289041;32116012
1607;5.6421e-15;-403;1680;14060;12185.8;1;399;-2.14748e+09;-2.33561e+06;0;0;0;0;0;0;429847095;438396087;32149053
1608;5.6421e-15;-404;1680;14060;12185.8;1;399;-2.14748e+09;-2.3309e+06;0;0;0;0;0;0;429939644;438502933;32182051
1609;5.6421e-15;-405;1680;14060;12185.8;1;399;-2.14748e+09;-2.3262e+06;0;0;0;0;0;0;430032002;438609580;32215005
1610;5.6421e-15;-405;1680;14060;12185.8;1;399;-2.14748e+09;-2.32141e+06;-1;0;0;0;-1;0;430124170;438716028;32247916
1611;5.6421e-15;-406;1680;14060;12185.8;1;399;-2.14748e+09;-2.31674e+06;0;0;0;0;0;0;430216148;438822279;32280783
1612;5.6421e-15;-407;1680;14060;12185.8;1;399;-2.14748e+09;-2.31217e+06;0;0;0;0;0;0;430307935;438928332;32313606
1613;5.6421e-15;-408;1680;14060;12185.8;1;399;-2.14748e+09;-2.30752e+06;0;0;0;0;0;0;430399534;439034187;32346386
1614;5.6421e-15;-409;1680;14060;12185.8;1;399;-2.14748e+09;-2.30287e+06;0;0;0;0;0;0;430490943;439139845;32379122
1615;5.6421e-15;-409;1680;14060;12185.8;1;399;-2.14748e+09;-2.29814e+06;-1;0;0;0;-1;0;430582165;439245307;32411815
1616;5.6421e-15;-410;1680;14060;12185.8;1;399;-2.14748e+09;-2.29352e+06;0;0;0;0;0;0;430673198;439350573;32444464
1617;5.6421e-15;-410;1680;14060;12185.8;1;399;-2.14748e+09;-2.28891e+06;-1;0;0;0;-1;0;430764044;439455643;32477070
1618;5.6421e-15;-411;1680;14060;12185.8;1;399;-2.14748e+09;-2.28431e+06;0;0;0;0;0;0;430854702;439560517;32509633
1619;5.6421e-15;-411;1680;14060;12185.8;1;399;-2.14748e+09;-2.27972e+06;-1;0;0;0;-1;0;430945174;439665197;32542152
1620;5.6421e-15;-411;1680;14060;12185.8;1;399;-2.14748e+09;-2.27524e+06;-1;0;0;0;-1;0;431035460;439769682;32574627
1621;5.6421e-15;-412;1680;14060;12185.8;1;399;-2.14748e+09;-2.27067e+06;0;0;0;0;0;0;431125560;439873973;32607059
1622;5.6421e-15;-413;1680;14060;12185.8;1;399;-2.14748e+09;-2.26611e+06;0;0;0;0;0;0;431215475;439978071;32639448
1623;5.6421e-15;-414;1680;14060;12185.8;1;399;-2.14748e+09;-2.26156e+06;0;0;0;0;0;0;431305204;440081974;32671794
1624;5.6421e-15;-415;1680;14060;12185.8;1;399;-2.14748e+09;-2.25692e+06;0;0;0;0;0;0;431394749;440185685;32704096
1625;5.6421e-15;-415;1680;14060;12185.8;1;399;-2.14748e+09;-2.2524e+06;-1;0;0;0;-1;0;431484110;440289204;32736355
1626;5.6421e-15;-415;1680;14060;12185.8;1;399;-2.14748e+09;-2.24798e+06;-1;0;0;0;-1;0;431573288;440392530;32768570
1627;5.6421e-15;-416;1680;14060;12185.8;1;399;-2.14748e+09;-2.24347e+06;0;0;0;0;0;0;431662282;440495664;32800743
1628;5.6421e-15;-417;1680;14060;12185.8;1;399;-2.14748e+09;-2.23898e+06;0;0;0;0;0;0;431751093;440598607;32832872
1629;5.6421e-15;-418;1680;14060;12185.8;1;399;-2.14748e+09;-2.23449e+06;0;0;0;0;0;0;431839722;440701359;32864958
1630;5.6421e-15;-419;1680;14060;12185.8;1;399;-2.14748e+09;-2.22992e+06;0;0;0;0;0;0;431928169;440803921;32897000
1631;5.6421e-15;-419;1680;14060;12185.8;1;399;-2.14748e+09;-2.22555e+06;-1;0;0;0;-1;0;432016434;440906292;32929000
1632;5.6421e-15;-420;1680;14060;12185.8;1;399;-2.14748e+09;-2.221e+06;0;0;0;0;0;0;432104518;441008473;32960956
1633;5.6421e-15;-421;1680;14060;12185.8;1;399;-2.14748e+09;-2.21655e+06;0;0;0;0;0;0;432192422;441110465;32992869
1634;5.6421e-15;-421;1680;14060;12185.8;1;399;-2.14748e+09;-2.21212e+06;-1;0;0;0;-1;0;432280145;441212268;33024740
1635;5.6421e-15;-422;1680;14060;12185.8;1;399;-2.14748e+09;-2.2077e+06;0;0;0;0;0;0;432367688;441313882;33056567
1636;5.6421e-15;-423;1680;14060;12185.8;1;399;-2.14748e+09;-2.20328e+06;0;0;0;0;0;0;432455052;441415307;33088351
1637;5.6421e-15;-424;1680;14060;12185.8;1;399;-2.14748e+09;-2.19898e+06;0;0;0;0;0;0;432542236;441516545;33120091
1638;5.6421e-15;-425;1680;14060;12185.8;1;399;-2.14748e+09;-2.19448e+06;0;0;0;0;0;0;432629242;441617595;33151789
1639;5.6421e-15;-426;1680;14060;12185.8;1;399;-2.14748e+09;-2.1901e+06;0;0;0;0;0;0;432716070;441718458;33183444
1640;5.6421e-15;-427;1680;14060;12185.8;1;399;-2.14748e+09;-2.18572e+06;0;0;0;0;0;0;432802720;441819135;33215056
1641;5.6421e-15;-428;1680;14060;12185.8;1;399;-2.14748e+09;-2.18136e+06;0;0;0;0;0;0;432889192;441919625;33246625
1642;5.6421e-15;-428;1680;14060;12185.8;1;399;-2.14748e+09;-2.17701e+06;-1;0;0;0;-1;0;432975488;442019928;33278151
1643;5.6421e-15;-428;1680;14060;12185.8;1;399;-2.14748e+09;-2.17266e+06;-1;0;0;0;-1;0;433061607;442120047;33309634
1644;5.6421e-15;-429;1680;14060;12185.8;1;399;-2.14748e+09;-2.16833e+06;0;0;0;0;0;0;433147549;442219979;33341075
1645;5.6421e-15;-430;1680;14060;12185.8;1;399;-2.14748e+09;-2.164e+06;0;0;0;0;0;0;433233316;442319727;33372472
1646;5.6421e-15;-431;1680;14060;12185.8;1;399;-2.14748e+09;-2.15969e+06;0;0;0;0;0;0;433318907;442419291;33403827
1647;5.6421e-15;-431;1680;14060;12185.8;1;399;-2.14748e+09;-2.15548e+06;-1;0;0;0;-1;0;433404324;442518670;33435139
1648;5.6421e-15;-431;1680;14060;12185.8;1;399;-2.14748e+09;-2.15109e+06;-1;0;0;0;-1;0;433489565;442617865;33466408
1649;5.6421e-15;-432;1680;14060;12185.8;1;399;-2.14748e+09;-2.1468e+06;0;0;0;0;0;0;433574633;442716877;33497634
1650;5.6421e-15;-432;1680;14060;12185.8;1;399;-2.14748e+09;-2.14263e+06;-1;0;0;0;-1;0;433659527;442815706;33528818
1651;5.6421e-15;-432;1680;14060;12185.8;1;399;-2.14748e+09;-2.13836e+06;-1;0;0;0;-1;0;433744247;442914352;33559959
1652;5.6421e-15;-433;1680;14060;12185.8;1;399;-2.14748e+09;-2.13401e+06;0;0;0;0;0;0;433828794;443012816;33591057
1653;5.6421e-15;-433;1680;14060;12185.8;1;399;-2.14748e+09;-2.12976e+06;-1;0;0;0;-1;0;433913168;443111098;33622112
1654;5.6421e-15;-433;1680;14060;12185.8;1;399;-2.14748e+09;-2.12552e+06;-1;0;0;0;-1;0;433997371;443209198;33653125
1655;5.6421e-15;-434;1680;14060;12185.8;1;399;-2.14748e+09;-2.1214e+06;0;0;0;0;0;0;434081401;443307117;33684096
1656;5.6421e-15;-435;1680;14060;12185.8;1;399;-2.14748e+09;-2.11708e+06;0;0;0;0;0;0;434165260;443404855;33715023
1657;5.6421e-15;-435;1680;14060;12185.8;1;399;-2.14748e+09;-2.11297e+06;-1;0;0;0;-1;0;434248948;443502413;33745909
1658;5.6421e-15;-436;1680;14060;12185.8;1;399;-2.14748e+09;-2.10877e+06;0;0;0;0;0;0;434332466;443599791;33776751
1659;5.6421e-15;-436;1680;14060;12185.8;1;399;-2.14748e+09;-2.10448e+06;-1;0;0;0;-1;0;434415813;443696988;33807552
1660;5.6421e-15;-436;1680;14060;12185.8;1;399;-2.14748e+09;-2.1004e+06;-1;0;0;0;-1;0;434498990;443794007;33838309
1661;5.6421e-15;-437;1680;14060;12185.8;1;399;-2.14748e+09;-2.09623e+06;0;0;0;0;0;0;434581997;443890846;33869025
1662;5.6421e-15;-437;1680;14060;12185.8;1;399;-2.14748e+09;-2.09197e+06;-1;0;0;0;-1;0;434664835;443987506;33899698
1663;5.6421e-15;-438;1680;14060;12185.8;1;399;-2.14748e+09;-2.08782e+06;0;0;0;0;0;0;434747505;444083988;33930328
1664;5.6421e-15;-439;1680;14060;12185.8;1;399;-2.14748e+09;-2.08367e+06;0;0;0;0;0;0;434830006;444180292;33960916
1665;5.6421e-15;-439;1680;14060;12185.8;1;399;-2.14748e+09;-2.07954e+06;-1;0;0;0;-1;0;434912340;444276419;33991462
1666;5.6421e-15;-440;1680;14060;12185.8;1;399;-2.14748e+09;-2.07542e+06;0;0;0;0;0;0;434994505;444372368;34021966
1667;5.6421e-15;-440;1680;14060;12185.8;1;399;-2.14748e+09;-2.0713e+06;-1;0;0;0;-1;0;435076504;444468140;34052427
1668;5.6421e-15;-441;1680;14060;12185.8;1;399;-2.14748e+09;-2.0673e+06;0;0;0;0;0;0;435158335;444563736;34082846
1669;5.6421e-15;-441;1680;14060;12185.8;1;399;-2.14748e+09;-2.0632e+06;-1;0;0;0;-1;0;435240001;444659155;34113223
1670;5.6421e-15;-441;1680;14060;12185.8;1;399;-2.14748e+09;-2.05901e+06;-1;0;0;0;-1;0;435321499;444754399;34143558
1671;5.6421e-15;-442;1680;14060;12185.8;1;399;-2.14748e+09;-2.05503e+06;0;0;0;0;0;0;435402833;444849467;34173850
1672;5.6421e-15;-443;1680;14060;12185.8;1;399;-2.14748e+09;-2.05086e+06;0;0;0;0;0;0;435484001;444944359;34204101
1673;5.6421e-15;-444;1680;14060;12185.8;1;399;-2.14748e+09;-2.0468e+06;0;0;0;0;0;0;435565004;445039077;34234309
1674;5.6421e-15;-444;1680;14060;12185.8;1;399;-2.14748e+09;-2.04285e+06;-1;0;0;0;-1;0;435645842;445133621;34264475
1675;5.6421e-15;-444;1680;14060;12185.8;1;399;-2.14748e+09;-2.03881e+06;-1;0;0;0;-1;0;435726516;445227990;34294599
1676;5.6421e-15;-445;1680;14060;12185.8;1;399;-2.14748e+09;-2.03478e+06;0;0;0;0;0;0;435807027;445322185;34324681
1677;5.6421e-15;-446;1680;14060;12185.8;1;399;-2.14748e+09;-2.03076e+06;0;0;0;0;0;0;435887373;445416207;34354721
1678;5.6421e-15;-446;1680;14060;12185.8;1;399;-2.14748e+09;-2.02674e+06;-1;0;0;0;-1;0;435967557;445510056;34384720
1679;5.6421e-15;-447;1680;14060;12185.8;1;399;-2.14748e+09;-2.02273e+06;0;0;0;0;0;0;436047578;445603732;34414676
1680;5.6421e-15;-447;1680;14060;12185.8;1;399;-2.14748e+09;-2.01864e+06;-1;0;0;0;-1;0;436127436;445697236;34444590
1681;5.6421e-15;-448;1680;14060;12185.8;1;399;-2.14748e+09;-2.01465e+06;0;0;0;0;0;0;436207133;445790568;34474463
1682;5.6421e-15;-448;1680;14060;12185.8;1;399;-2.14748e+09;-2.01067e+06;-1;0;0;0;-1;0;436286668;445883728;34504293
1683;5.6421e-15;-449;1680;14060;12185.8;1;399;-2.14748e+09;-2.0068e+06;0;0;0;0;0;0;436366041;445976716;34534082
1684;5.6421e-15;-450;1680;14060;12185.8;1;399;-2.14748e+09;-2.00274e+06;0;0;0;0;0;0;436445254;446069533;34563829
1685;5.6421e-15;-451;1680;14060;12185.8;1;399;-2.14748e+09;-1.99878e+06;0;0;0;0;0;0;436524306;446162180;34593535
1686;5.6421e-15;-451;1680;14060;12185.8;1;399;-2.14748e+09;-1.99494e+06;-1;0;0;0;-1;0;436603198;446254656;34623198
1687;5.6421e-15;-452;1680;14060;12185.8;1;399;-2.14748e+09;-1.99101e+06;0;0;0;0;0;0;436681930;446346962;34652820
1688;5.6421e-15;-452;1680;14060;12185.8;1;399;-2.14748e+09;-1.98698e+06;-1;0;0;0;-1;0;436760502;446439099;34682400
1689;5.6421e-15;-453;1680;14060;12185.8;1;399;-2.14748e+09;-1.98316e+06;0;0;0;0;0;0;436838916;446531066;34711939
1690;5.6421e-15;-454;1680;14060;12185.8;1;399;-2.14748e+09;-1.97925e+06;0;0;0;0;0;0;436917170;446622864;34741436
1691;5.6421e-15;-454;1680;14060;12185.8;1;399;-2.14748e+09;-1.97525e+06;-1;0;0;0;-1;0;436995267;446714493;34770892
1692;5.6421e-15;-455;1680;14060;12185.8;1;399;-2.14748e+09;-1.97146e+06;0;0;0;0;0;0;437073205;446805954;34800305
1693;5.6421e-15;-455;1680;14060;12185.8;1;399;-2.14748e+09;-1.96757e+06;-1;0;0;0;-1;0;437150985;446897247;34829678
1694;5.6421e-15;-455;1680;14060;12185.8;1;399;-2.14748e+09;-1.9636e+06;-1;0;0;0;-1;0;437228608;446988372;34859009
1695;5.6421e-15;-455;1680;14060;12185.8;1;399;-2.14748e+09;-1.95983e+06;-1;0;0;0;-1;0;437306074;447079330;34888298
1696;5.6421e-15;-455;1680;14060;12185.8;1;399;-2.14748e+09;-1.95597e+06;-1;0;0;0;-1;0;437383383;447170120;34917547
1697;5.6421e-15;-456;1680;14060;12185.8;1;399;-2.14748e+09;-1.95203e+06;0;0;0;0;0;0;437460536;447260744;34946753
1698;5.6421e-15;-456;1680;14060;12185.8;1;399;-2.14748e+09;-1.94828e+06;-1;0;0;0;-1;0;437537534;447351202;34975919
1699;5.6421e-15;-456;1680;14060;12185.8;1;399;-2.14748e+09;-1.94445e+06;-1;0;0;0;-1;0;437614375;447441493;35005043
1700;5.6421e-15;-456;1680;14060;12185.8;1;399;-2.14748e+09;-1.94053e+06;-1;0;0;0;-1;0;437691061;447531619;35034126
1701;5.6421e-15;-456;1680;14060;12185.8;1;399;-2.14748e+09;-1.93671e+06;-1;0;0;0;-1;0;437767593;447621579;35063167
1702;5.6421e-15;-456;1680;14060;12185.8;1;399;-2.14748e+09;-1.933e+06;-1;0;0;0;-1;0;437843969;447711374;35092167
1703;5.6421e-15;-456;1680;14060;12185.8;1;399;-2.14748e+09;-1.92911e+06;-1;0;0;0;-1;0;437920192;447801005;35121127
1704;5.6421e-15;-457;1680;14060;12185.8;1;399;-2.14748e+09;-1.92532e+06;0;0;0;0;0;0;437996261;447890470;35150045
1705;5.6421e-15;-457;1680;14060;12185.8;1;399;-2.14748e+09;-1.92153e+06;-1;0;0;0;-1;0;438072176;447979772;35178921
1706;5.6421e-15;-457;1680;14060;12185.8;1;399;-2.14748e+09;-1.91786e+06;-1;0;0;0;-1;0;438147938;448068910;35207757
1707;5.6421e-15;-458;1680;14060;12185.8;1;399;-2.14748e+09;-1.91409e+06;0;0;0;0;0;0;438223547;448157884;35236552
1708;5.6421e-15;-458;1680;14060;12185.8;1;399;-2.14748e+09;-1.91024e+06;-1;0;0;0;-1;0;438299003;448246696;35265306
1709;5.6421e-15;-459;1680;14060;12185.8;1;399;-2.14748e+09;-1.90659e+06;0;0;0;0;0;0;438374308;448335344;35294018
1710;5.6421e-15;-460;1680;14060;12185.8;1;399;-2.14748e+09;-1.90274e+06;0;0;0;0;0;0;438449460;448423830;35322690
1711;5.6421e-15;-460;1680;14060;12185.8;1;399;-2.14748e+09;-1.89901e+06;-1;0;0;0;-1;0;438524461;448512153;35351321
1712;5.6421e-15;-461;1680;14060;12185.8;1;399;-2.14748e+09;-1.89539e+06;0;0;0;0;0;0;438599311;448600315;35379911
1713;5.6421e-15;-461;1680;14060;12185.8;1;399;-2.14748e+09;-1.89167e+06;-1;0;0;0;-1;0;438674010;448688315;35408460
1714;5.6421e-15;-462;1680;14060;12185.8;1;399;-2.14748e+09;-1.88796e+06;0;0;0;0;0;0;438748559;448776154;35436968
1715;5.6421e-15;-462;1680;14060;12185.8;1;399;-2.14748e+09;-1.88426e+06;-1;0;0;0;-1;0;438822957;448863832;35465436
1716;5.6421e-15;-463;1680;14060;12185.8;1;399;-2.14748e+09;-1.88047e+06;0;0;0;0;0;0;438897206;448951349;35493863
1717;5.6421e-15;-464;1680;14060;12185.8;1;399;-2.14748e+09;-1.87689e+06;0;0;0;0;0;0;438971305;449038706;35522249
1718;5.6421e-15;-465;1680;14060;12185.8;1;399;-2.14748e+09;-1.87311e+06;0;0;0;0;0;0;439045255;449125903;35550594
1719;5.6421e-15;-465;1680;14060;12185.8;1;399;-2.14748e+09;-1.86944e+06;-1;0;0;0;-1;0;439119056;449212940;35578899
1720;5.6421e-15;-465;1680;14060;12185.8;1;399;-2.14748e+09;-1.86588e+06;-1;0;0;0;-1;0;439192709;449299818;35607163
1721;5.6421e-15;-465;1680;14060;12185.8;1;399;-2.14748e+09;-1.86213e+06;-1;0;0;0;-1;0;439266213;449386536;35635386
1722;5.6421e-15;-465;1680;14060;12185.8;1;399;-2.14748e+09;-1.85858e+06;-1;0;0;0;-1;0;439339570;449473096;35663569
1723;5.6421e-15;-465;1680;14060;12185.8;1;399;-2.14748e+09;-1.85495e+06;-1;0;0;0;-1;0;439412779;449559498;35691711
1724;5.6421e-15;-466;1680;14060;12185.8;1;399;-2.14748e+09;-1.85122e+06;0;0;0;0;0;0;439485841;449645741;35719813
1725;5.6421e-15;-466;1680;14060;12185.8;1;399;-2.14748e+09;-1.8476e+06;-1;0;0;0;-1;0;439558756;449731826;35747875
1726;5.6421e-15;-466;1680;14060;12185.8;1;399;-2.14748e+09;-1.84409e+06;-1;0;0;0;-1;0;439631524;449817754;35775896
1727;5.6421e-15;-466;1680;14060;12185.8;1;399;-2.14748e+09;-1.84038e+06;-1;0;0;0;-1;0;439704146;449903525;35803876
1728;5.6421e-15;-466;1680;14060;12185.8;1;399;-2.14748e+09;-1.83678e+06;-1;0;0;0;-1;0;439776623;449989138;35831817
1729;5.6421e-15;-466;1680;14060;12185.8;1;399;-2.14748e+09;-1.83319e+06;-1;0;0;0;-1;0;439848954;450074595;35859717
1730;5.6421e-15;-467;1680;14060;12185.8;1;399;-2.14748e+09;-1.82971e+06;0;0;0;0;0;0;439921139;450159896;35887576
1731;5.6421e-15;-467;1680;14060;12185.8;1;399;-2.14748e+09;-1.82604e+06;-1;0;0;0;-1;0;439993180;450245041;35915396
1732;5.6421e-15;-467;1680;14060;12185.8;1;399;-2.14748e+09;-1.82247e+06;-1;0;0;0;-1;0;440065076;450330030;35943175
1733;5.6421e-15;-468;1680;14060;12185.8;1;399;-2.14748e+09;-1.81891e+06;0;0;0;0;0;0;440136828;450414863;35970914
1734;5.6421e-15;-469;1680;14060;12185.8;1;399;-2.14748e+09;-1.81536e+06;0;0;0;0;0;0;440208435;450499542;35998613
1735;5.6421e-15;-469;1680;14060;12185.8;1;399;-2.14748e+09;-1.81182e+06;-1;0;0;0;-1;0;440279899;450584065;36026272
1736;5.6421e-15;-469;1680;14060;12185.8;1;399;-2.14748e+09;-1.80838e+06;-1;0;0;0;-1;0;440351220;450668434;36053891
1737;5.6421e-15;-469;1680;14060;12185.8;1;399;-2.14748e+09;-1.80476e+06;-1;0;0;0;-1;0;440422398;450752649;36081469
1738;5.6421e-15;-470;1680;14060;12185.8;1;399;-2.14748e+09;-1.80123e+06;0;0;0;0;0;0;440493433;450836710;36109008
1739;5.6421e-15;-470;1680;14060;12185.8;1;399;-2.14748e+09;-1.79772e+06;-1;0;0;0;-1;0;440564326;450920617;36136507
1740;5.6421e-15;-470;1680;14060;12185.8;1;399;-2.14748e+09;-1.79422e+06;-1;0;0;0;-1;0;440635076;451004371;36163966
1741;5.6421e-15;-470;1680;14060;12185.8;1;399;-2.14748e+09;-1.79072e+06;-1;0;0;0;-1;0;440705685;451087972;36191385
1742;5.6421e-15;-471;1680;14060;12185.8;1;399;-2.14748e+09;-1.78723e+06;0;0;0;0;0;0;440776152;451171421;36218764
1743;5.6421e-15;-472;1680;14060;12185.8;1;399;-2.14748e+09;-1.78375e+06;0;0;0;0;0;0;440846479;451254716;36246103
1744;5.6421e-15;-472;1680;14060;12185.8;1;399;-2.14748e+09;-1.78037e+06;-1;0;0;0;-1;0;440916664;451337860;36273402
1745;5.6421e-15;-472;1680;14060;12185.8;1;399;-2.14748e+09;-1.7769e+06;-1;0;0;0;-1;0;440986709;451420852;36300662
1746;5.6421e-15;-472;1680;14060;12185.8;1;399;-2.14748e+09;-1.77334e+06;-1;0;0;0;-1;0;441056613;451503692;36327882
1747;5.6421e-15;-472;1680;14060;12185.8;1;399;-2.14748e+09;-1.76989e+06;-1;0;0;0;-1;0;441126378;451586381;36355063
1748;5.6421e-15;-473;1680;14060;12185.8;1;399;-2.14748e+09;-1.76644e+06;0;0;0;0;0;0;441196003;451668919;36382203
1749;5.6421e-15;-473;1680;14060;12185.8;1;399;-2.14748e+09;-1.76311e+06;-1;0;0;0;-1;0;441265489;451751306;36409304
1750;5.6421e-15;-474;1680;14060;12185.8;1;399;-2.14748e+09;-1.75968e+06;0;0;0;0;0;0;441334836;451833543;36436366
1751;5.6421e-15;-475;1680;14060;12185.8;1;399;-2.14748e+09;-1.75625e+06;0;0;0;0;0;0;441404044;451915629;36463388
1752;5.6421e-15;-476;1680;14060;12185.8;1;399;-2.14748e+09;-1.75284e+06;0;0;0;0;0;0;441473114;451997566;36490371
1753;5.6421e-15;-476;1680;14060;12185.8;1;399;-2.14748e+09;-1.74943e+06;-1;0;0;0;-1;0;441542045;452079354;36517314
1754;5.6421e-15;-476;1680;14060;12185.8;1;399;-2.14748e+09;-1.74593e+06;-1;0;0;0;-1;0;441610839;452160992;36544217
1755;5.6421e-15;-477;1680;14060;12185.8;1;399;-2.14748e+09;-1.74263e+06;0;0;0;0;0;0;441679496;452242481;36571082
1756;5.6421e-15;-478;1680;14060;12185.8;1;399;-2.14748e+09;-1.73924e+06;0;0;0;0;0;0;441748015;452323821;36597907
1757;5.6421e-15;-478;1680;14060;12185.8;1;399;-2.14748e+09;-1.73586e+06;-1;0;0;0;-1;0;441816397;452405014;36624692
1758;5.6421e-15;-478;1680;14060;12185.8;1;399;-2.14748e+09;-1.73249e+06;-1;0;0;0;-1;0;441884643;452486058;36651439
1759;5.6421e-15;-479;1680;14060;12185.8;1;399;-2.14748e+09;-1.72903e+06;0;0;0;0;0;0;441952752;452566954;36678146
1760;5.6421e-15;-479;1680;14060;12185.8;1;399;-2.14748e+09;-1.72577e+06;-1;0;0;0;-1;0;442020726;452647702;36704814
1761;5.6421e-15;-479;1680;14060;12185.8;1;399;-2.14748e+09;-1.72242e+06;-1;0;0;0;-1;0;442088564;452728304;36731442
1762;5.6421e-15;-480;1680;14060;12185.8;1;399;-2.14748e+09;-1.71908e+06;0;0;0;0;0;0;442156266;452808758;36758032
1763;5.6421e-15;-481;1680;14060;12185.8;1;399;-2.14748e+09;-1.71564e+06;0;0;0;0;0;0;442223833;452889066;36784583
1764;5.6421e-15;-481;1680;14060;12185.8;1;399;-2.14748e+09;-1.71231e+06;-1;0;0;0;-1;0;442291266;452969227;36811094
1765;5.6421e-15;-482;1680;14060;12185.8;1;399;-2.14748e+09;-1.70909e+06;0;0;0;0;0;0;442358564;453049243;36837567
1766;5.6421e-15;-482;1680;14060;12185.8;1;399;-2.14748e+09;-1.70567e+06;-1;0;0;0;-1;0;442425728;453129112;36864000
1767;5.6421e-15;-482;1680;14060;12185.8;1;399;-2.14748e+09;-1.70246e+06;-1;0;0;0;-1;0;442492758;453208836;36890395
1768;5.6421e-15;-483;1680;14060;12185.8;1;399;-2.14748e+09;-1.69906e+06;0;0;0;0;0;0;442559654;453288414;36916750
1769;5.6421e-15;-484;1680;14060;12185.8;1;399;-2.14748e+09;-1.69587e+06;0;0;0;0;0;0;442626417;453367848;36943067
1770;5.6421e-15;-484;1680;14060;12185.8;1;399;-2.14748e+09;-1.69258e+06;-1;0;0;0;-1;0;442693046;453447137;36969345
1771;5.6421e-15;-485;1680;14060;12185.8;1;399;-2.14748e+09;-1.6892e+06;0;0;0;0;0;0;442759543;453526281;36995584
1772;5.6421e-15;-485;1680;14060;12185.8;1;399;-2.14748e+09;-1.68593e+06;-1;0;0;0;-1;0;442825908;453605281;37021785
1773;5.6421e-15;-486;1680;14060;12185.8;1;399;-2.14748e+09;-1.68266e+06;0;0;0;0;0;0;442892140;453684138;37047947
1774;5.6421e-15;-487;1680;14060;12185.8;1;399;-2.14748e+09;-1.6795e+06;0;0;0;0;0;0;442958241;453762850;37074070
1775;5.6421e-15;-488;1680;14060;12185.8;1;399;-2.14748e+09;-1.67625e+06;0;0;0;0;0;0;443024210;453841420;37100154
1776;5.6421e-15;-488;1680;14060;12185.8;1;399;-2.14748e+09;-1.6729e+06;-1;0;0;0;-1;0;443090047;453919846;37126200
1777;5.6421e-15;-489;1680;14060;12185.8;1;399;-2.14748e+09;-1.66976e+06;0;0;0;0;0;0;443155754;453998129;37152207
1778;5.6421e-15;-489;1680;14060;12185.8;1;399;-2.14748e+09;-1.66643e+06;-1;0;0;0;-1;0;443221330;454076270;37178176
1779;5.6421e-15;-490;1680;14060;12185.8;1;399;-2.14748e+09;-1.6633e+06;0;0;0;0;0;0;443286775;454154269;37204106
1780;5.6421e-15;-490;1680;14060;12185.8;1;399;-2.14748e+09;-1.66009e+06;-1;0;0;0;-1;0;443352090;454232125;37229998
1781;5.6421e-15;-491;1680;14060;12185.8;1;399;-2.14748e+09;-1.65677e+06;0;0;0;0;0;0;443417275;454309840;37255851
1782;5.6421e-15;-491;1680;14060;12185.8;1;399;-2.14748e+09;-1.65367e+06;-1;0;0;0;-1;0;443482331;454387414;37281666
1783;5.6421e-15;-492;1680;14060;12185.8;1;399;-2.14748e+09;-1.65047e+06;0;0;0;0;0;0;443547257;454464846;37307443
1784;5.6421e-15;-493;1680;14060;12185.8;1;399;-2.14748e+09;-1.64718e+06;0;0;0;0;0;0;443612054;454542137;37333182
1785;5.6421e-15;-494;1680;14060;12185.8;1;399;-2.14748e+09;-1.644e+06;0;0;0;0;0;0;443676723;454619288;37358882
1786;5.6421e-15;-494;1680;14060;12185.8;1;399;-2.14748e+09;-1.64082e+06;-1;0;0;0;-1;0;443741263;454696298;37384544
1787;5.6421e-15;-494;1680;14060;12185.8;1;399;-2.14748e+09;-1.63765e+06;-1;0;0;0;-1;0;443805674;454773168;37410167
1788;5.6421e-15;-495;1680;14060;12185.8;1;399;-2.14748e+09;-1.63458e+06;0;0;0;0;0;0;443869958;454849899;37435753
1789;5.6421e-15;-496;1680;14060;12185.8;1;399;-2.14748e+09;-1.63132e+06;0;0;0;0;0;0;443934114;454926490;37461301
1790;5.6421e-15;-497;1680;14060;12185.8;1;399;-2.14748e+09;-1.62817e+06;0;0;0;0;0;0;443998142;455002941;37486810
1791;5.6421e-15;-498;1680;14060;12185.8;1;399;-2.14748e+09;-1.62503e+06;0;0;0;0;0;0;444062044;455079253;37512282
1792;5.6421e-15;-498;1680;14060;12185.8;1;399;-2.14748e+09;-1.62199e+06;-1;0;0;0;-1;0;444125819;455155427;37537715
1793;5.6421e-15;-498;1680;14060;12185.8;1;399;-2.14748e+09;-1.61886e+06;-1;0;0;0;-1;0;444189467;455231462;37563111
1794;5.6421e-15;-498;1680;14060;12185.8;1;399;-2.14748e+09;-1.61573e+06;-1;0;0;0;-1;0;444252988;455307359;37588468
1795;5.6421e-15;-499;1680;14060;12185.8;1;399;-2.14748e+09;-1.61262e+06;0;0;0;0;0;0;444316384;455383118;37613788
1796;5.6421e-15;-500;1680;14060;12185.8;1;399;-2.14748e+09;-1.6094e+06;0;0;0;0;0;0;444379654;455458739;37639070
1797;5.6421e-15;-500;1680;14060;12185.8;1;399;-2.14748e+09;-1.6063e+06;-1;0;0;0;-1;0;444442799;455534223;37664314
1798;5.6421e-15;-500;1680;14060;12185.8;1;399;-2.14748e+09;-1.6032e+06;-1;0;0;0;-1;0;444505818;455609569;37689520
1799;5.6421e-15;-500;1680;14060;12185.8;1;399;-2.14748e+09;-1.60011e+06;-1;0;0;0;-1;0;444568712;455684779;37714689
1800;5.6421e-15;-501;1680;14060;12185.8;1;399;-2.14748e+09;-1.59702e+06;0;0;0;0;0;0;444631482;455759852;37739820
1801;5.6421e-15;-502;1680;14060;12185.8;1;399;-2.14748e+09;-1.59404e+06;0;0;0;0;0;0;444694127;455834788;37764913
1802;5.6421e-15;-502;1680;14060;12185.8;1;399;-2.14748e+09;-1.59097e+06;-1;0;0;0;-1;0;444756648;455909588;37789969
1803;5.6421e-15;-503;1680;14060;12185.8;1;399;-2.14748e+09;-1.5879e+06;0;0;0;0;0;0;444819045;455984253;37814987
1804;5.6421e-15;-503;1680;14060;12185.8;1;399;-2.14748e+09;-1.58474e+06;-1;0;0;0;-1;0;444881319;456058781;37839968
1805;5.6421e-15;-503;1680;14060;12185.8;1;399;-2.14748e+09;-1.58179e+06;-1;0;0;0;-1;0;444943469;456133175;37864911
1806;5.6421e-15;-504;1680;14060;12185.8;1;399;-2.14748e+09;-1.57864e+06;0;0;0;0;0;0;445005496;456207433;37889817
1807;5.6421e-15;-505;1680;14060;12185.8;1;399;-2.14748e+09;-1.5757e+06;0;0;0;0;0;0;445067400;456281556;37914685
1808;5.6421e-15;-505;1680;14060;12185.8;1;399;-2.14748e+09;-1.57257e+06;-1;0;0;0;-1;0;445129182;456355544;37939516
1809;5.6421e-15;-505;1680;14060;12185.8;1;399;-2.14748e+09;-1.56954e+06;-1;0;0;0;-1;0;445190842;456429399;37964310
1810;5.6421e-15;-506;1680;14060;12185.8;1;399;-2.14748e+09;-1.56662e+06;0;0;0;0;0;0;445252379;456503119;37989067
1811;5.6421e-15;-507;1680;14060;12185.8;1;399;-2.14748e+09;-1.5636e+06;0;0;0;0;0;0;445313795;456576705;38013786
1812;5.6421e-15;-507;1680;14060;12185.8;1;399;-2.14748e+09;-1.56049e+06;-1;0;0;0;-1;0;445375089;456650158;38038468
1813;5.6421e-15;-508;1680;14060;12185.8;1;399;-2.14748e+09;-1.55759e+06;0;0;0;0;0;0;445436262;456723477;38063113
1814;5.6421e-15;-508;1680;14060;12185.8;1;399;-2.14748e+09;-1.55459e+06;-1;0;0;0;-1;0;445497314;456796663;38087720
1815;5.6421e-15;-509;1680;14060;12185.8;1;399;-2.14748e+09;-1.5515e+06;0;0;0;0;0;0;445558245;456869716;38112291
1816;5.6421e-15;-510;1680;14060;12185.8;1;399;-2.14748e+09;-1.54852e+06;0;0;0;0;0;0;445619056;456942637;38136825
1817;5.6421e-15;-511;1680;14060;12185.8;1;399;-2.14748e+09;-1.54564e+06;0;0;0;0;0;0;445679747;457015425;38161321
1818;5.6421e-15;-512;1680;14060;12185.8;1;399;-2.14748e+09;-1.54267e+06;0;0;0;0;0;0;445740318;457088081;38185781
1819;5.6421e-15;-513;1680;14060;12185.8;1;399;-2.14748e+09;-1.5396e+06;0;0;0;0;0;0;445800768;457160605;38210203
1820;5.6421e-15;-513;1680;14060;12185.8;1;399;-2.14748e+09;-1.53664e+06;-1;0;0;0;-1;0;445861100;457232998;38234589
1821;5.6421e-15;-514;1680;14060;12185.8;1;399;-2.14748e+09;-1.53379e+06;0;0;0;0;0;0;445921312;457305259;38258938
1822;5.6421e-15;-514;1680;14060;12185.8;1;399;-2.14748e+09;-1.53084e+06;-1;0;0;0;-1;0;445981406;457377390;38283250
1823;5.6421e-15;-514;1680;14060;12185.8;1;399;-2.14748e+09;-1.5279e+06;-1;0;0;0;-1;0;446041381;457449389;38307526
1824;5.6421e-15;-515;1680;14060;12185.8;1;399;-2.14748e+09;-1.52497e+06;0;0;0;0;0;0;446101237;457521258;38331764
1825;5.6421e-15;-515;1680;14060;12185.8;1;399;-2.14748e+09;-1.52204e+06;-1;0;0;0;-1;0;446160975;457592996;38355966
1826;5.6421e-15;-515;1680;14060;12185.8;1;399;-2.14748e+09;-1.51912e+06;-1;0;0;0;-1;0;446220595;457664604;38380132
1827;5.6421e-15;-515;1680;14060;12185.8;1;399;-2.14748e+09;-1.5162e+06;-1;0;0;0;-1;0;446280098;457736082;38404261
1828;5.6421e-15;-515;1680;14060;12185.8;1;399;-2.14748e+09;-1.51319e+06;-1;0;0;0;-1;0;446339483;457807431;38428353
1829;5.6421e-15;-516;1680;14060;12185.8;1;399;-2.14748e+09;-1.51028e+06;0;0;0;0;0;0;446398751;457878650;38452408
1830;5.6421e-15;-516;1680;14060;12185.8;1;399;-2.14748e+09;-1.50738e+06;-1;0;0;0;-1;0;446457902;457949740;38476428
1831;5.6421e-15;-517;1680;14060;12185.8;1;399;-2.14748e+09;-1.50449e+06;0;0;0;0;0;0;446516937;458020702;38500410
1832;5.6421e-15;-518;1680;14060;12185.8;1;399;-2.14748e+09;-1.5017e+06;0;0;0;0;0;0;446575855;458091534;38524357
1833;5.6421e-15;-518;1680;14060;12185.8;1;399;-2.14748e+09;-1.49872e+06;-1;0;0;0;-1;0;446634657;458162238;38548267
1834;5.6421e-15;-519;1680;14060;12185.8;1;399;-2.14748e+09;-1.49595e+06;0;0;0;0;0;0;446693343;458232814;38572140
1835;5.6421e-15;-519;1680;14060;12185.8;1;399;-2.14748e+09;-1.49298e+06;-1;0;0;0;-1;0;446751913;458303262;38595978
1836;5.6421e-15;-520;1680;14060;12185.8;1;399;-2.14748e+09;-1.49022e+06;0;0;0;0;0;0;446810368;458373582;38619779
1837;5.6421e-15;-521;1680;14060;12185.8;1;399;-2.14748e+09;-1.48736e+06;0;0;0;0;0;0;446868708;458443775;38643544
1838;5.6421e-15;-521;1680;14060;12185.8;1;399;-2.14748e+09;-1.48441e+06;-1;0;0;0;-1;0;446926932;458513840;38667272
1839;5.6421e-15;-522;1680;14060;12185.8;1;399;-2.14748e+09;-1.48166e+06;0;0;0;0;0;0;446985042;458583779;38690965
1840;5.6421e-15;-522;1680;14060;12185.8;1;399;-2.14748e+09;-1.47872e+06;-1;0;0;0;-1;0;447043038;458653591;38714622
1841;5.6421e-15;-523;1680;14060;12185.8;1;399;-2.14748e+09;-1.47599e+06;0;0;0;0;0;0;447100920;458723276;38738242
1842;5.6421e-15;-524;1680;14060;12185.8;1;399;-2.14748e+09;-1.47306e+06;0;0;0;0;0;0;447158687;458792835;38761827
1843;5.6421e-15;-524;1680;14060;12185.8;1;399;-2.14748e+09;-1.47024e+06;-1;0;0;0;-1;0;447216341;458862268;38785375
1844;5.6421e-15;-525;1680;14060;12185.8;1;399;-2.14748e+09;-1.46752e+06;0;0;0;0;0;0;447273881;458931575;38808888
1845;5.6421e-15;-526;1680;14060;12185.8;1;399;-2.14748e+09;-1.46472e+06;0;0;0;0;0;0;447331308;459000756;38832365
1846;5.6421e-15;-526;1680;14060;12185.8;1;399;-2.14748e+09;-1.46191e+06;-1;0;0;0;-1;0;447388622;459069813;38855806
1847;5.6421e-15;-527;1680;14060;12185.8;1;399;-2.14748e+09;-1.45911e+06;0;0;0;0;0;0;447445824;459138744;38879211
1848;5.6421e-15;-528;1680;14060;12185.8;1;399;-2.14748e+09;-1.45622e+06;0;0;0;0;0;0;447502912;459207550;38902580
1849;5.6421e-15;-529;1680;14060;12185.8;1;399;-2.14748e+09;-1.45353e+06;0;0;0;0;0;0;447559889;459276232;38925914
1850;5.6421e-15;-530;1680;14060;12185.8;1;399;-2.14748e+09;-1.45065e+06;0;0;0;0;0;0;447616753;459344789;38949212
1851;5.6421e-15;-530;1680;14060;12185.8;1;399;-2.14748e+09;-1.44787e+06;-1;0;0;0;-1;0;447673506;459413222;38972474
1852;5.6421e-15;-530;1680;14060;12185.8;1;399;-2.14748e+09;-1.4451e+06;-1;0;0;0;-1;0;447730147;459481531;38995701
1853;5.6421e-15;-531;1680;14060;12185.8;1;399;-2.14748e+09;-1.44244e+06;0;0;0;0;0;0;447786677;459549716;39018892
1854;5.6421e-15;-531;1680;14060;12185.8;1;399;-2.14748e+09;-1.43958e+06;-1;0;0;0;-1;0;447843096;459617778;39042048
1855;5.6421e-15;-531;1680;14060;12185.8;1;399;-2.14748e+09;-1.43693e+06;-1;0;0;0;-1;0;447899404;459685717;39065168
1856;5.6421e-15;-532;1680;14060;12185.8;1;399;-2.14748e+09;-1.43408e+06;0;0;0;0;0;0;447955601;459753533;39088253
1857;5.6421e-15;-533;1680;14060;12185.8;1;399;-2.14748e+09;-1.43134e+06;0;0;0;0;0;0;448011688;459821226;39111302
1858;5.6421e-15;-533;1680;14060;12185.8;1;399;-2.14748e+09;-1.4287e+06;-1;0;0;0;-1;0;448067664;459888796;39134316
1859;5.6421e-15;-534;1680;14060;12185.8;1;399;-2.14748e+09;-1.42597e+06;0;0;0;0;0;0;448123531;459956244;39157295
1860;5.6421e-15;-535;1680;14060;12185.8;1;399;-2.14748e+09;-1.42325e+06;0;0;0;0;0;0;448179288;460023570;39180238
1861;5.6421e-15;-535;1680;14060;12185.8;1;399;-2.14748e+09;-1.42053e+06;-1;0;0;0;-1;0;448234936;460090774;39203146
1862;5.6421e-15;-536;1680;14060;12185.8;1;399;-2.14748e+09;-1.41781e+06;0;0;0;0;0;0;448290474;460157857;39226019
1863;5.6421e-15;-536;1680;14060;12185.8;1;399;-2.14748e+09;-1.41501e+06;-1;0;0;0;-1;0;448345904;460224818;39248857
1864;5.6421e-15;-536;1680;14060;12185.8;1;399;-2.14748e+09;-1.4123e+06;-1;0;0;0;-1;0;448401224;460291657;39271660
1865;5.6421e-15;-536;1680;14060;12185.8;1;399;-2.14748e+09;-1.40961e+06;-1;0;0;0;-1;0;448456437;460358376;39294428
1866;5.6421e-15;-536;1680;14060;12185.8;1;399;-2.14748e+09;-1.40691e+06;-1;0;0;0;-1;0;448511540;460424974;39317160
1867;5.6421e-15;-537;1680;14060;12185.8;1;399;-2.14748e+09;-1.40433e+06;0;0;0;0;0;0;448566536;460491452;39339858
1868;5.6421e-15;-538;1680;14060;12185.8;1;399;-2.14748e+09;-1.40165e+06;0;0;0;0;0;0;448621424;460557810;39362521
1869;5.6421e-15;-539;1680;14060;12185.8;1;399;-2.14748e+09;-1.39887e+06;0;0;0;0;0;0;448676204;460624047;39385149
1870;5.6421e-15;-539;1680;14060;12185.8;1;399;-2.14748e+09;-1.3962e+06;-1;0;0;0;-1;0;448730877;460690164;39407742
1871;5.6421e-15;-539;1680;14060;12185.8;1;399;-2.14748e+09;-1.39354e+06;-1;0;0;0;-1;0;448785443;460756162;39430300
1872;5.6421e-15;-540;1680;14060;12185.8;1;399;-2.14748e+09;-1.39098e+06;0;0;0;0;0;0;448839902;460822041;39452823
1873;5.6421e-15;-540;1680;14060;12185.8;1;399;-2.14748e+09;-1.38823e+06;-1;0;0;0;-1;0;448894254;460887800;39475312
1874;5.6421e-15;-540;1680;14060;12185.8;1;399;-2.14748e+09;-1.38558e+06;-1;0;0;0;-1;0;448948499;460953440;39497766
1875;5.6421e-15;-540;1680;14060;12185.8;1;399;-2.14748e+09;-1.38294e+06;-1;0;0;0;-1;0;449002638;461018962;39520185
1876;5.6421e-15;-541;1680;14060;12185.8;1;399;-2.14748e+09;-1.3803e+06;0;0;0;0;0;0;449056672;461084365;39542570
1877;5.6421e-15;-542;1680;14060;12185.8;1;399;-2.14748e+09;-1.37767e+06;0;0;0;0;0;0;449110599;461149650;39564920
1878;5.6421e-15;-542;1680;14060;12185.8;1;399;-2.14748e+09;-1.37514e+06;-1;0;0;0;-1;0;449164421;461214817;39587235
1879;5.6421e-15;-542;1680;14060;12185.8;1;399;-2.14748e+09;-1.37242e+06;-1;0;0;0;-1;0;449218137;461279866;39609516
1880;5.6421e-15;-542;1680;14060;12185.8;1;399;-2.14748e+09;-1.3699e+06;-1;0;0;0;-1;0;449271749;461344797;39631763
1881;5.6421e-15;-542;1680;14060;12185.8;1;399;-2.14748e+09;-1.36729e+06;-1;0;0;0;-1;0;449325255;461409611;39653975
1882;5.6421e-15;-543;1680;14060;12185.8;1;399;-2.14748e+09;-1.36469e+06;0;0;0;0;0;0;449378657;461474307;39676153
1883;5.6421e-15;-543;1680;14060;12185.8;1;399;-2.14748e+09;-1.36209e+06;-1;0;0;0;-1;0;449431954;461538887;39698296
1884;5.6421e-15;-544;1680;14060;12185.8;1;399;-2.14748e+09;-1.35939e+06;0;0;0;0;0;0;449485147;461603350;39720406
1885;5.6421e-15;-545;1680;14060;12185.8;1;399;-2.14748e+09;-1.3569e+06;0;0;0;0;0;0;449538236;461667697;39742481
1886;5.6421e-15;-545;1680;14060;12185.8;1;399;-2.14748e+09;-1.35422e+06;-1;0;0;0;-1;0;449591221;461731927;39764521
1887;5.6421e-15;-545;1680;14060;12185.8;1;399;-2.14748e+09;-1.35174e+06;-1;0;0;0;-1;0;449644102;461796041;39786528
1888;5.6421e-15;-546;1680;14060;12185.8;1;399;-2.14748e+09;-1.34917e+06;0;0;0;0;0;0;449696880;461860039;39808500
1889;5.6421e-15;-546;1680;14060;12185.8;1;399;-2.14748e+09;-1.3466e+06;-1;0;0;0;-1;0;449749555;461923921;39830439
1890;5.6421e-15;-547;1680;14060;12185.8;1;399;-2.14748e+09;-1.34393e+06;0;0;0;0;0;0;449802126;461987688;39852343
1891;5.6421e-15;-547;1680;14060;12185.8;1;399;-2.14748e+09;-1.34138e+06;-1;0;0;0;-1;0;449854596;462051340;39874213
1892;5.6421e-15;-548;1680;14060;12185.8;1;399;-2.14748e+09;-1.33892e+06;0;0;0;0;0;0;449906962;462114877;39896050
1893;5.6421e-15;-548;1680;14060;12185.8;1;399;-2.14748e+09;-1.33638e+06;-1;0;0;0;-1;0;449959226;462178299;39917852
1894;5.6421e-15;-549;1680;14060;12185.8;1;399;-2.14748e+09;-1.33383e+06;0;0;0;0;0;0;450011388;462241606;39939621
1895;5.6421e-15;-550;1680;14060;12185.8;1;399;-2.14748e+09;-1.3313e+06;0;0;0;0;0;0;450063449;462304799;39961355
1896;5.6421e-15;-550;1680;14060;12185.8;1;399;-2.14748e+09;-1.32876e+06;-1;0;0;0;-1;0;450115407;462367878;39983056
1897;5.6421e-15;-551;1680;14060;12185.8;1;399;-2.14748e+09;-1.32624e+06;0;0;0;0;0;0;450167264;462430843;40004723
1898;5.6421e-15;-551;1680;14060;12185.8;1;399;-2.14748e+09;-1.32361e+06;-1;0;0;0;-1;0;450219020;462493694;40026357
1899;5.6421e-15;-552;1680;14060;12185.8;1;399;-2.14748e+09;-1.3211e+06;0;0;0;0;0;0;450270675;462556431;40047957
1900;5.6421e-15;-552;1680;14060;12185.8;1;399;-2.14748e+09;-1.31858e+06;-1;0;0;0;-1;0;450322229;462619055;40069523
1901;5.6421e-15;-553;1680;14060;12185.8;1;399;-2.14748e+09;-1.31618e+06;0;0;0;0;0;0;450373682;462681566;40091055
1902;5.6421e-15;-554;1680;14060;12185.8;1;399;-2.14748e+09;-1.31368e+06;0;0;0;0;0;0;450425035;462743964;40112554
1903;5.6421e-15;-555;1680;14060;12185.8;1;399;-2.14748e+09;-1.31108e+06;0;0;0;0;0;0;450476288;462806250;40134020
1904;5.6421e-15;-556;1680;14060;12185.8;1;399;-2.14748e+09;-1.30869e+06;0;0;0;0;0;0;450527440;462868423;40155452
1905;5.6421e-15;-557;1680;14060;12185.8;1;399;-2.14748e+09;-1.3061e+06;0;0;0;0;0;0;450578493;462930483;40176850
1906;5.6421e-15;-557;1680;14060;12185.8;1;399;-2.14748e+09;-1.30372e+06;-1;0;0;0;-1;0;450629447;462992432;40198215
1907;5.6421e-15;-557;1680;14060;12185.8;1;399;-2.14748e+09;-1.30114e+06;-1;0;0;0;-1;0;450680300;463054268;40219547
1908;5.6421e-15;-558;1680;14060;12185.8;1;399;-2.14748e+09;-1.29867e+06;0;0;0;0;0;0;450731055;463115993;40240846
1909;5.6421e-15;-558;1680;14060;12185.8;1;399;-2.14748e+09;-1.2963e+06;-1;0;0;0;-1;0;450781711;463177607;40262111
1910;5.6421e-15;-558;1680;14060;12185.8;1;399;-2.14748e+09;-1.29384e+06;-1;0;0;0;-1;0;450832268;463239109;40283343
1911;5.6421e-15;-558;1680;14060;12185.8;1;399;-2.14748e+09;-1.29139e+06;-1;0;0;0;-1;0;450882727;463300501;40304542
1912;5.6421e-15;-559;1680;14060;12185.8;1;399;-2.14748e+09;-1.28894e+06;0;0;0;0;0;0;450933087;463361781;40325707
1913;5.6421e-15;-559;1680;14060;12185.8;1;399;-2.14748e+09;-1.28639e+06;-1;0;0;0;-1;0;450983349;463422951;40346840
1914;5.6421e-15;-559;1680;14060;12185.8;1;399;-2.14748e+09;-1.28395e+06;-1;0;0;0;-1;0;451033513;463484010;40367940
1915;5.6421e-15;-559;1680;14060;12185.8;1;399;-2.14748e+09;-1.28161e+06;-1;0;0;0;-1;0;451083580;463544959;40389006
1916;5.6421e-15;-560;1680;14060;12185.8;1;399;-2.14748e+09;-1.27918e+06;0;0;0;0;0;0;451133549;463605798;40410040
1917;5.6421e-15;-560;1680;14060;12185.8;1;399;-2.14748e+09;-1.27665e+06;-1;0;0;0;-1;0;451183420;463666527;40431040
1918;5.6421e-15;-560;1680;14060;12185.8;1;399;-2.14748e+09;-1.27433e+06;-1;0;0;0;-1;0;451233195;463727147;40452008
1919;5.6421e-15;-560;1680;14060;12185.8;1;399;-2.14748e+09;-1.27191e+06;-1;0;0;0;-1;0;451282873;463787657;40472943
1920;5.6421e-15;-560;1680;14060;12185.8;1;399;-2.14748e+09;-1.2694e+06;-1;0;0;0;-1;0;451332453;463848058;40493845
1921;5.6421e-15;-561;1680;14060;12185.8;1;399;-2.14748e+09;-1.26709e+06;0;0;0;0;0;0;451381938;463908350;40514714
1922;5.6421e-15;-561;1680;14060;12185.8;1;399;-2.14748e+09;-1.26469e+06;-1;0;0;0;-1;0;451431326;463968533;40535551
1923;5.6421e-15;-561;1680;14060;12185.8;1;399;-2.14748e+09;-1.26219e+06;-1;0;0;0;-1;0;451480618;464028608;40556354
1924;5.6421e-15;-561;1680;14060;12185.8;1;399;-2.14748e+09;-1.2598e+06;-1;0;0;0;-1;0;451529814;464088574;40577126
1925;5.6421e-15;-562;1680;14060;12185.8;1;399;-2.14748e+09;-1.25751e+06;0;0;0;0;0;0;451578914;464148432;40597864
1926;5.6421e-15;-563;1680;14060;12185.8;1;399;-2.14748e+09;-1.25502e+06;0;0;0;0;0;0;451627919;464208181;40618570
1927;5.6421e-15;-564;1680;14060;12185.8;1;399;-2.14748e+09;-1.25265e+06;0;0;0;0;0;0;451676829;464267823;40639244
1928;5.6421e-15;-565;1680;14060;12185.8;1;399;-2.14748e+09;-1.25037e+06;0;0;0;0;0;0;451725643;464327358;40659885
1929;5.6421e-15;-566;1680;14060;12185.8;1;399;-2.14748e+09;-1.2479e+06;0;0;0;0;0;0;451774362;464386785;40680493
1930;5.6421e-15;-567;1680;14060;12185.8;1;399;-2.14748e+09;-1.24554e+06;0;0;0;0;0;0;451822987;464446105;40701069
1931;5.6421e-15;-567;1680;14060;12185.8;1;399;-2.14748e+09;-1.24328e+06;-1;0;0;0;-1;0;451871517;464505317;40721613
1932;5.6421e-15;-567;1680;14060;12185.8;1;399;-2.14748e+09;-1.24092e+06;-1;0;0;0;-1;0;451919953;464564423;40742125
1933;5.6421e-15;-567;1680;14060;12185.8;1;399;-2.14748e+09;-1.23857e+06;-1;0;0;0;-1;0;451968295;464623423;40762604
1934;5.6421e-15;-568;1680;14060;12185.8;1;399;-2.14748e+09;-1.23623e+06;0;0;0;0;0;0;452016543;464682316;40783051
1935;5.6421e-15;-569;1680;14060;12185.8;1;399;-2.14748e+09;-1.23378e+06;0;0;0;0;0;0;452064697;464741102;40803465
1936;5.6421e-15;-569;1680;14060;12185.8;1;399;-2.14748e+09;-1.23145e+06;-1;0;0;0;-1;0;452112758;464799783;40823848
1937;5.6421e-15;-569;1680;14060;12185.8;1;399;-2.14748e+09;-1.22912e+06;-1;0;0;0;-1;0;452160725;464858358;40844198
1938;5.6421e-15;-570;1680;14060;12185.8;1;399;-2.14748e+09;-1.22679e+06;0;0;0;0;0;0;452208599;464916827;40864517
1939;5.6421e-15;-570;1680;14060;12185.8;1;399;-2.14748e+09;-1.22457e+06;-1;0;0;0;-1;0;452256380;464975190;40884803
1940;5.6421e-15;-570;1680;14060;12185.8;1;399;-2.14748e+09;-1.22215e+06;-1;0;0;0;-1;0;452304068;465033449;40905057
1941;5.6421e-15;-571;1680;14060;12185.8;1;399;-2.14748e+09;-1.21994e+06;0;0;0;0;0;0;452351664;465091602;40925280
1942;5.6421e-15;-571;1680;14060;12185.8;1;399;-2.14748e+09;-1.21763e+06;-1;0;0;0;-1;0;452399167;465149650;40945470
1943;5.6421e-15;-572;1680;14060;12185.8;1;399;-2.14748e+09;-1.21522e+06;0;0;0;0;0;0;452446578;465207594;40965629
1944;5.6421e-15;-573;1680;14060;12185.8;1;399;-2.14748e+09;-1.21293e+06;0;0;0;0;0;0;452493897;465265434;40985755
1945;5.6421e-15;-574;1680;14060;12185.8;1;399;-2.14748e+09;-1.21063e+06;0;0;0;0;0;0;452541125;465323168;41005850
1946;5.6421e-15;-574;1680;14060;12185.8;1;399;-2.14748e+09;-1.20844e+06;-1;0;0;0;-1;0;452588260;465380799;41025914
1947;5.6421e-15;-575;1680;14060;12185.8;1;399;-2.14748e+09;-1.20616e+06;0;0;0;0;0;0;452635305;465438326;41045945
1948;5.6421e-15;-575;1680;14060;12185.8;1;399;-2.14748e+09;-1.20387e+06;-1;0;0;0;-1;0;452682258;465495749;41065945
1949;5.6421e-15;-576;1680;14060;12185.8;1;399;-2.14748e+09;-1.2016e+06;0;0;0;0;0;0;452729119;465553069;41085913
1950;5.6421e-15;-576;1680;14060;12185.8;1;399;-2.14748e+09;-1.19923e+06;-1;0;0;0;-1;0;452775890;465610286;41105850
1951;5.6421e-15;-577;1680;14060;12185.8;1;399;-2.14748e+09;-1.19696e+06;0;0;0;0;0;0;452822571;465667399;41125755
1952;5.6421e-15;-577;1680;14060;12185.8;1;399;-2.14748e+09;-1.1947e+06;-1;0;0;0;-1;0;452869161;465724409;41145628
1953;5.6421e-15;-577;1680;14060;12185.8;1;399;-2.14748e+09;-1.19244e+06;-1;0;0;0;-1;0;452915660;465781316;41165470
1954;5.6421e-15;-577;1680;14060;12185.8;1;399;-2.14748e+09;-1.19028e+06;-1;0;0;0;-1;0;452962070;465838121;41185281
1955;5.6421e-15;-578;1680;14060;12185.8;1;399;-2.14748e+09;-1.18793e+06;0;0;0;0;0;0;453008389;465894824;41205060
1956;5.6421e-15;-579;1680;14060;12185.8;1;399;-2.14748e+09;-1.18579e+06;0;0;0;0;0;0;453054619;465951424;41224808
1957;5.6421e-15;-579;1680;14060;12185.8;1;399;-2.14748e+09;-1.18355e+06;-1;0;0;0;-1;0;453100759;466007922;41244525
1958;5.6421e-15;-579;1680;14060;12185.8;1;399;-2.14748e+09;-1.18121e+06;-1;0;0;0;-1;0;453146809;466064319;41264210
1959;5.6421e-15;-579;1680;14060;12185.8;1;399;-2.14748e+09;-1.17898e+06;-1;0;0;0;-1;0;453192771;466120613;41283864
1960;5.6421e-15;-580;1680;14060;12185.8;1;399;-2.14748e+09;-1.17675e+06;0;0;0;0;0;0;453238644;466176807;41303487
1961;5.6421e-15;-581;1680;14060;12185.8;1;399;-2.14748e+09;-1.17463e+06;0;0;0;0;0;0;453284427;466232899;41323079
1962;5.6421e-15;-582;1680;14060;12185.8;1;399;-2.14748e+09;-1.17241e+06;0;0;0;0;0;0;453330122;466288890;41342639
1963;5.6421e-15;-583;1680;14060;12185.8;1;399;-2.14748e+09;-1.1701e+06;0;0;0;0;0;0;453375729;466344779;41362169
1964;5.6421e-15;-584;1680;14060;12185.8;1;399;-2.14748e+09;-1.16799e+06;0;0;0;0;0;0;453421247;466400569;41381668
1965;5.6421e-15;-585;1680;14060;12185.8;1;399;-2.14748e+09;-1.16568e+06;0;0;0;0;0;0;453466677;466456258;41401135
1966;5.6421e-15;-586;1680;14060;12185.8;1;399;-2.14748e+09;-1.16348e+06;0;0;0;0;0;0;453512020;466511846;41420572
1967;5.6421e-15;-587;1680;14060;12185.8;1;399;-2.14748e+09;-1.16139e+06;0;0;0;0;0;0;453557274;466567334;41439978
1968;5.6421e-15;-588;1680;14060;12185.8;1;399;-2.14748e+09;-1.1591e+06;0;0;0;0;0;0;453602441;466622722;41459353
1969;5.6421e-15;-588;1680;14060;12185.8;1;399;-2.14748e+09;-1.15701e+06;-1;0;0;0;-1;0;453647521;466678011;41478697
1970;5.6421e-15;-589;1680;14060;12185.8;1;399;-2.14748e+09;-1.15472e+06;0;0;0;0;0;0;453692513;466733200;41498010
1971;5.6421e-15;-589;1680;14060;12185.8;1;399;-2.14748e+09;-1.15265e+06;-1;0;0;0;-1;0;453737418;466788289;41517292
1972;5.6421e-15;-589;1680;14060;12185.8;1;399;-2.14748e+09;-1.15047e+06;-1;0;0;0;-1;0;453782237;466843279;41536544
1973;5.6421e-15;-589;1680;14060;12185.8;1;399;-2.14748e+09;-1.1482e+06;-1;0;0;0;-1;0;453826968;466898170;41555766
1974;5.6421e-15;-589;1680;14060;12185.8;1;399;-2.14748e+09;-1.14614e+06;-1;0;0;0;-1;0;453871614;466952962;41574956
1975;5.6421e-15;-590;1680;14060;12185.8;1;399;-2.14748e+09;-1.14397e+06;0;0;0;0;0;0;453916173;467007656;41594116
1976;5.6421e-15;-591;1680;14060;12185.8;1;399;-2.14748e+09;-1.14182e+06;0;0;0;0;0;0;453960646;467062251;41613246
1977;5.6421e-15;-591;1680;14060;12185.8;1;399;-2.14748e+09;-1.13956e+06;-1;0;0;0;-1;0;454005033;467116747;41632345
1978;5.6421e-15;-591;1680;14060;12185.8;1;399;-2.14748e+09;-1.13751e+06;-1;0;0;0;-1;0;454049334;467171146;41651413
1979;5.6421e-15;-592;1680;14060;12185.8;1;399;-2.14748e+09;-1.13527e+06;0;0;0;0;0;0;454093549;467225446;41670451
1980;5.6421e-15;-592;1680;14060;12185.8;1;399;-2.14748e+09;-1.13323e+06;-1;0;0;0;-1;0;454137679;467279649;41689459
1981;5.6421e-15;-592;1680;14060;12185.8;1;399;-2.14748e+09;-1.13099e+06;-1;0;0;0;-1;0;454181724;467333754;41708436
1982;5.6421e-15;-592;1680;14060;12185.8;1;399;-2.14748e+09;-1.12886e+06;-1;0;0;0;-1;0;454225684;467387761;41727384
1983;5.6421e-15;-592;1680;14060;12185.8;1;399;-2.14748e+09;-1.12683e+06;-1;0;0;0;-1;0;454269559;467441672;41746300
1984;5.6421e-15;-592;1680;14060;12185.8;1;399;-2.14748e+09;-1.12461e+06;-1;0;0;0;-1;0;454313349;467495485;41765187
1985;5.6421e-15;-592;1680;14060;12185.8;1;399;-2.14748e+09;-1.12259e+06;-1;0;0;0;-1;0;454357054;467549201;41784044
1986;5.6421e-15;-593;1680;14060;12185.8;1;399;-2.14748e+09;-1.12037e+06;0;0;0;0;0;0;454400675;467602821;41802870
1987;5.6421e-15;-594;1680;14060;12185.8;1;399;-2.14748e+09;-1.11836e+06;0;0;0;0;0;0;454444212;467656343;41821666
1988;5.6421e-15;-594;1680;14060;12185.8;1;399;-2.14748e+09;-1.11626e+06;-1;0;0;0;-1;0;454487665;467709770;41840432
1989;5.6421e-15;-594;1680;14060;12185.8;1;399;-2.14748e+09;-1.11405e+06;-1;0;0;0;-1;0;454531034;467763100;41859169
1990;5.6421e-15;-595;1680;14060;12185.8;1;399;-2.14748e+09;-1.11206e+06;0;0;0;0;0;0;454574320;467816335;41877875
1991;5.6421e-15;-595;1680;14060;12185.8;1;399;-2.14748e+09;-1.10986e+06;-1;0;0;0;-1;0;454617521;467869473;41896551
1992;5.6421e-15;-596;1680;14060;12185.8;1;399;-2.14748e+09;-1.10777e+06;0;0;0;0;0;0;454660640;467922516;41915197
1993;5.6421e-15;-597;1680;14060;12185.8;1;399;-2.14748e+09;-1.10568e+06;0;0;0;0;0;0;454703675;467975463;41933814
1994;5.6421e-15;-598;1680;14060;12185.8;1;399;-2.14748e+09;-1.1036e+06;0;0;0;0;0;0;454746627;468028315;41952401
1995;5.6421e-15;-599;1680;14060;12185.8;1;399;-2.14748e+09;-1.10162e+06;0;0;0;0;0;0;454789497;468081072;41970957
1996;5.6421e-15;-599;1680;14060;12185.8;1;399;-2.14748e+09;-1.09945e+06;-1;0;0;0;-1;0;454832283;468133734;41989485
1997;5.6421e-15;-600;1680;14060;12185.8;1;399;-2.14748e+09;-1.09748e+06;0;0;0;0;0;0;454874988;468186301;42007982
1998;5.6421e-15;-600;1680;14060;12185.8;1;399;-2.14748e+09;-1.09532e+06;-1;0;0;0;-1;0;454917609;468238773;42026450
1999;5.6421e-15;-601;1680;14060;12185.8;1;399;-2.14748e+09;-1.09325e+06;0;0;0;0;0;0;454960149;468291151;42044888
