step;volume;A_0;B_0;C;L;p;Compl;Aext;Bext;A_ingresso;A_uscita;B_ingresso;B_uscita;A_netto;B_netto;Avicino;Amedio;Alontano
277;4.18816e-15;154;494;14341;10009;1;4;1586;3430;510;142;490;136;368;354;116;93;1
278;4.19447e-15;419;1285;14123;10096;1;237;1548;3431;838;145;1720;503;693;1217;116;93;1
279;4.24956e-15;448;1522;13916;10175;1;512;1524;3431;711;213;1692;715;498;977;117;94;1
280;4.29978e-15;450;1555;13755;10224;1;774;1447;3432;779;216;1750;784;563;966;117;94;1
281;4.33103e-15;415;1552;13743;10306;1;953;1404;3433;672;210;1728;769;462;959;116;94;1
282;4.3835e-15;375;1492;13782;10380;1;1086;1414;3433;681;207;1672;751;474;921;117;94;1
283;4.43039e-15;369;1590;13844;10450;1;1211;1267;3334;695;180;1709;759;515;950;118;95;1
284;4.47615e-15;358;1460;14003;10529;1;1271;1365;3435;579;177;1705;806;402;899;118;94;1
285;4.52726e-15;387;1473;14149;10612;1;1326;1316;3435;654;210;1664;704;444;960;117;96;1
286;4.58051e-15;370;1532;14314;10703;1;1372;1312;3436;604;200;1788;728;404;1060;117;96;1
287;4.6405e-15;361;1486;14484;10788;1;1451;1260;3437;665;197;1661;750;468;911;117;96;1
288;4.69616e-15;317;1450;14735;10871;1;1462;1260;3438;596;207;1688;702;389;986;117;97;1
289;4.75006e-15;370;1530;14995;10960;1;1449;1190;3438;635;165;1766;752;470;1014;117;96;1
290;4.80946e-15;331;1521;15141;11037;1;1514;1153;3439;584;173;1710;767;411;943;117;97;1
291;4.86048e-15;346;1526;15312;11105;1;1571;1131;3440;614;142;1677;786;472;891;116;96;1
292;4.90568e-15;284;1490;15562;11182;1;1573;1140;3440;558;167;1728;772;391;956;117;95;1
293;4.95704e-15;318;1469;15767;11275;1;1598;1171;3441;608;155;1731;759;453;972;117;96;1
294;5.0193e-15;322;1483;15985;11362;1;1606;1154;3442;561;152;1728;732;409;996;117;96;1
295;5.07778e-15;315;1435;16116;11444;1;1669;1143;3442;531;151;1715;750;380;965;117;96;1
296;5.13311e-15;305;1429;16358;11519;1;1683;1116;3443;575;163;1726;735;412;991;117;95;1
297;5.18389e-15;327;1484;16565;11601;1;1700;1126;3444;568;141;1691;733;427;958;117;96;1
298;5.2396e-15;355;1441;16802;11696;1;1695;1078;3444;594;157;1674;732;437;942;117;96;1
299;5.3044e-15;293;1441;16967;11780;1;1749;1113;3445;547;157;1790;737;390;1053;116;97;1
300;5.36191e-15;286;1458;17181;11850;1;1774;1060;3445;563;141;1715;707;422;1008;116;96;1
301;5.40999e-15;255;1428;17427;11942;1;1770;1037;3446;508;139;1719;749;369;970;117;96;1
302;5.47341e-15;277;1467;17691;12021;1;1751;1073;3447;525;146;1715;705;379;1010;116;96;1
303;5.52806e-15;288;1522;17968;12101;1;1730;1030;3447;573;133;1696;730;440;966;116;97;1
304;5.58359e-15;285;1495;18207;12180;1;1722;1043;3448;515;153;1750;747;362;1003;115;97;1
305;5.63861e-15;304;1446;18414;12268;1;1732;1024;3449;459;148;1664;743;311;921;114;97;1
306;5.7001e-15;265;1544;18594;12358;1;1765;1081;3449;509;140;1772;731;369;1041;115;99;1
307;5.76323e-15;299;1529;18854;12425;1;1750;1059;3450;535;164;1721;734;371;987;115;97;1
308;5.81037e-15;288;1473;19077;12506;1;1763;1017;3451;526;160;1753;753;366;1000;113;97;1
309;5.86754e-15;273;1477;19234;12594;1;1801;973;3351;519;143;1783;777;376;1006;115;98;1
310;5.92986e-15;281;1486;19418;12675;1;1828;1013;3452;475;131;1650;682;344;968;113;97;1
311;5.98742e-15;241;1517;19610;12751;1;1852;1071;3452;494;152;1683;719;342;964;113;98;1
312;6.04159e-15;311;1528;19853;12825;1;1853;951;3353;501;134;1728;768;367;960;115;97;1
313;6.09449e-15;269;1526;20053;12891;1;1867;1031;3454;472;126;1653;744;346;909;114;96;1
314;6.14181e-15;282;1485;20333;12963;1;1841;1025;3454;545;118;1753;783;427;970;114;96;1
315;6.19356e-15;294;1440;20568;13060;1;1833;1045;3455;492;126;1782;733;366;1049;114;96;1
316;6.26352e-15;250;1511;20716;13140;1;1891;1021;3455;558;152;1698;733;406;965;115;96;1
317;6.32141e-15;259;1408;20941;13219;1;1884;1058;3456;512;134;1687;774;378;913;115;98;1
318;6.37875e-15;274;1474;21154;13305;1;1901;1014;3457;514;138;1746;730;376;1016;114;96;1
319;6.44137e-15;296;1465;21377;13373;1;1892;1015;3457;486;143;1826;692;343;1134;115;96;1
320;6.49103e-15;273;1519;21586;13452;1;1911;998;3458;452;143;1812;712;309;1100;113;97;1
321;6.54889e-15;250;1468;21834;13539;1;1898;1035;3458;505;142;1667;761;363;906;113;98;1
322;6.6128e-15;237;1489;22002;13617;1;1935;1056;3459;528;149;1704;770;379;934;113;98;1
323;6.67027e-15;279;1510;22239;13725;1;1928;995;3460;529;138;1845;779;391;1066;114;98;1
324;6.75013e-15;258;1492;22466;13807;1;1916;1054;3460;465;149;1779;757;316;1022;114;99;1
325;6.81097e-15;265;1518;22698;13895;1;1911;1019;3461;515;137;1714;749;378;965;113;98;1
326;6.87647e-15;287;1475;22878;13982;1;1943;1055;3461;520;129;1729;759;391;970;114;97;1
327;6.94143e-15;280;1511;23053;14054;1;1978;995;3462;503;134;1664;762;369;902;113;97;1
328;6.99534e-15;263;1522;23199;14138;1;2014;1015;3462;497;146;1712;725;351;987;113;96;1
329;7.05842e-15;260;1479;23469;14215;1;1980;1010;3463;529;148;1748;770;381;978;112;97;1
330;7.1164e-15;264;1501;23725;14308;1;1961;1048;3464;518;125;1809;754;393;1055;112;97;1
331;7.18665e-15;269;1452;23906;14381;1;1980;1052;3464;494;131;1743;764;363;979;113;98;1
332;7.24195e-15;295;1479;24131;14483;1;1976;1030;3465;483;155;1639;730;328;909;112;97;1
333;7.31945e-15;291;1541;24313;14564;1;2001;1047;3465;482;151;1667;763;331;904;111;98;1
334;7.3812e-15;285;1601;24542;14646;1;2000;1026;3466;594;140;1769;799;454;970;112;98;2
335;7.44389e-15;272;1585;24713;14733;1;2029;1026;3466;498;150;1732;755;348;977;112;98;2
336;7.51059e-15;293;1596;24936;14816;1;2029;1043;3467;530;120;1729;732;410;997;112;99;2
337;7.57441e-15;266;1596;25147;14903;1;2035;1041;3467;503;130;1681;760;373;921;111;99;2
338;7.6415e-15;277;1565;25326;14985;1;2061;1040;3468;531;157;1709;810;374;899;111;98;2
339;7.70491e-15;294;1575;25501;15072;1;2091;993;3469;525;128;1823;772;397;1051;110;96;2
340;7.77238e-15;294;1550;25705;15154;1;2105;980;3469;457;159;1732;806;298;926;110;97;2
341;7.83616e-15;287;1580;25913;15240;1;2108;998;3470;485;139;1705;782;346;923;110;97;2
342;7.90323e-15;243;1550;26142;15319;1;2109;1007;3470;455;150;1695;764;305;931;110;96;2
343;7.96501e-15;271;1548;26362;15402;1;2107;1004;3471;546;150;1729;781;396;948;109;96;2
344;8.03009e-15;273;1566;26508;15478;1;2152;1022;3471;500;145;1746;765;355;981;109;97;2
345;8.08984e-15;273;1545;26651;15562;1;2187;1005;3472;501;126;1759;769;375;990;109;96;2
346;8.15606e-15;279;1535;26869;15645;1;2192;1003;3472;540;123;1801;757;417;1044;109;96;2
347;8.22166e-15;302;1497;27095;15735;1;2187;1002;3473;496;147;1782;770;349;1012;108;96;2
348;8.29299e-15;268;1563;27296;15820;1;2203;985;3473;485;155;1800;747;330;1053;108;96;2
349;8.36054e-15;320;1547;27482;15904;1;2225;1023;3474;496;133;1799;812;363;987;108;97;2
350;8.42749e-15;280;1597;27661;15994;1;2256;1003;3474;491;134;1687;767;357;920;108;97;2
351;8.49941e-15;228;1586;27853;16080;1;2279;1042;3475;527;145;1670;793;382;877;108;98;2
352;8.56833e-15;270;1630;28055;16163;1;2287;1039;3475;537;137;1746;766;400;980;108;96;2
353;8.63501e-15;282;1489;28260;16234;1;2301;999;3476;530;147;1759;767;383;992;108;96;2
354;8.6922e-15;266;1558;28413;16312;1;2341;980;3476;478;117;1756;728;361;1028;108;96;2
355;8.75517e-15;269;1454;28582;16405;1;2358;1036;3477;533;143;1787;810;390;977;108;97;2
356;8.83044e-15;295;1531;28783;16476;1;2371;1035;3477;491;157;1704;755;334;949;107;97;2
357;8.88805e-15;273;1516;28936;16557;1;2419;1037;3478;528;137;1728;748;391;980;108;97;2
358;8.95393e-15;292;1550;29127;16639;1;2432;1000;3479;517;167;1686;754;350;932;107;96;2
359;9.02079e-15;293;1491;29327;16731;1;2446;1003;3479;482;134;1729;762;348;967;107;96;2
360;9.096e-15;250;1504;29508;16803;1;2473;941;3380;538;159;1691;766;379;925;108;97;2
361;9.15501e-15;251;1497;29718;16882;1;2467;1026;3480;468;114;1715;740;354;975;107;96;2
362;9.2199e-15;272;1561;29896;16965;1;2492;1022;3481;519;129;1728;696;390;1032;107;96;2
363;9.28824e-15;305;1519;30080;17031;1;2507;1040;3481;506;152;1693;800;354;893;106;97;2
364;9.3427e-15;281;1505;30304;17113;1;2510;1004;3482;488;148;1706;733;340;973;106;96;2
365;9.41052e-15;281;1553;30511;17201;1;2518;1039;3482;537;129;1725;780;408;945;105;96;2
366;9.48348e-15;265;1503;30705;17300;1;2533;1037;3482;538;136;1793;801;402;992;105;96;2
367;9.56578e-15;313;1465;30880;17377;1;2550;1041;3483;492;149;1736;773;343;963;105;97;2
368;9.62996e-15;308;1527;31092;17467;1;2571;1040;3483;515;133;1707;751;382;956;105;96;2
369;9.70516e-15;274;1531;31258;17543;1;2613;943;3384;537;158;1744;746;379;998;106;97;2
370;9.76881e-15;261;1514;31359;17649;1;2676;1044;3484;475;132;1676;763;343;913;104;97;2
371;9.85782e-15;293;1587;31577;17726;1;2671;1043;3485;521;139;1728;779;382;949;104;97;2
372;9.92264e-15;307;1587;31791;17807;1;2680;1022;3485;536;146;1780;735;390;1045;103;96;2
373;9.99099e-15;308;1560;31950;17899;1;2720;1020;3486;517;146;1746;798;371;948;103;95;2
374;1.00688e-14;282;1593;32175;17987;1;2712;985;3486;491;166;1750;787;325;963;103;96;2
375;1.01434e-14;235;1497;32415;18053;1;2702;988;3487;460;133;1722;777;327;945;103;94;2
376;1.01995e-14;283;1587;32657;18128;1;2680;880;3387;459;114;1751;769;345;982;104;95;2
377;1.02634e-14;249;1573;32851;18208;1;2690;984;3488;483;138;1703;768;345;935;103;96;2
378;1.03317e-14;266;1467;33077;18295;1;2681;893;3488;502;128;1764;811;374;953;102;95;2
379;1.04061e-14;247;1466;33273;18387;1;2681;907;3489;449;136;1776;739;313;1037;102;95;2
380;1.04849e-14;244;1531;33439;18468;1;2704;877;3489;441;137;1759;751;304;1008;102;96;2
381;1.05546e-14;251;1613;33645;18531;1;2700;826;3490;426;113;1701;726;313;975;102;95;2
382;1.06088e-14;237;1571;33833;18604;1;2714;844;3490;392;120;1713;778;272;935;101;95;2
383;1.06718e-14;241;1602;34089;18670;1;2670;751;3391;425;123;1795;772;302;1023;102;95;2
384;1.07288e-14;220;1536;34270;18749;1;2664;798;3491;372;126;1684;782;246;902;101;93;2
385;1.07973e-14;218;1587;34468;18822;1;2661;787;3491;391;107;1731;747;284;984;101;93;2
386;1.08606e-14;208;1555;34715;18909;1;2630;794;3492;396;93;1748;772;303;976;101;94;3
387;1.09363e-14;237;1598;34927;18986;1;2608;789;3492;430;118;1771;790;312;981;102;94;3
388;1.10034e-14;229;1581;35099;19075;1;2608;828;3493;376;117;1793;803;259;990;102;95;3
389;1.10811e-14;236;1625;35290;19166;1;2594;761;3493;406;127;1767;750;279;1017;102;93;3
390;1.11608e-14;192;1567;35474;19253;1;2598;688;3394;412;112;1779;806;300;973;103;94;3
391;1.12372e-14;207;1571;35643;19313;1;2596;691;3394;366;96;1726;771;270;955;103;94;3
392;1.12899e-14;176;1602;35860;19386;1;2564;717;3395;378;96;1644;806;282;838;103;95;3
393;1.13542e-14;210;1533;36096;19461;1;2518;806;3495;357;97;1755;823;260;932;101;94;3
394;1.14204e-14;214;1486;36227;19519;1;2561;805;3496;431;104;1784;788;327;996;100;95;3
395;1.14717e-14;222;1575;36402;19597;1;2573;700;3396;387;129;1816;732;258;1084;101;94;3
396;1.15408e-14;211;1499;36565;19680;1;2574;810;3496;384;111;1750;759;273;991;100;95;3
397;1.16144e-14;207;1571;36699;19763;1;2592;798;3497;353;122;1774;758;231;1016;99;95;3
398;1.16883e-14;236;1583;36869;19835;1;2595;766;3497;385;108;1762;802;277;960;99;95;3
399;1.17524e-14;240;1523;37039;19901;1;2605;776;3498;390;121;1695;829;269;866;98;94;3
400;1.18113e-14;233;1560;37181;19986;1;2626;752;3498;367;115;1747;777;252;970;99;93;3
401;1.18873e-14;218;1571;37384;20071;1;2605;749;3499;397;105;1777;826;292;951;98;93;3
402;4.21091e-15;173;1132;13664;10102.5;1;2452;766;3499;394;68;1771;439;326;1332;98;94;3
403;4.25336e-15;218;1355;14151;10181.5;1;2295;761;3499;377;101;1798;618;276;1180;98;94;3
404;4.3036e-15;217;1358;14740;10272.5;1;2092;636;3400;398;105;1750;698;293;1052;99;93;3
405;4.36172e-15;175;1367;15168;10371.5;1;1963;722;3500;313;94;1734;664;219;1070;97;93;3
406;4.42524e-15;180;1369;15648;10469.5;1;1801;581;3401;361;80;1727;703;281;1024;97;93;3
407;4.48843e-15;181;1440;16018;10566.5;1;1681;696;3501;305;83;1686;713;222;973;97;93;3
408;4.55126e-15;190;1470;16370;10653.5;1;1584;668;3502;347;92;1673;756;255;917;96;93;3
409;4.60786e-15;191;1461;16701;10749.5;1;1496;590;3502;363;91;1751;745;272;1006;96;91;3
410;4.67059e-15;152;1443;17003;10843.5;1;1416;645;3502;282;87;1803;754;195;1049;96;92;3
411;4.73229e-15;165;1511;17242;10949.5;1;1369;605;3503;327;87;1742;775;240;967;95;93;3
412;4.80219e-15;142;1452;17521;11052.5;1;1303;538;3503;292;87;1774;810;205;964;95;91;3
413;4.87044e-15;148;1550;17788;11137.5;1;1233;595;3504;281;58;1725;747;223;978;95;92;3
414;4.927e-15;140;1554;18077;11229.5;1;1158;550;3504;251;88;1735;788;163;947;95;90;3
415;4.98847e-15;141;1483;18301;11320.5;1;1108;573;3505;262;81;1794;811;181;983;95;91;3
416;5.04952e-15;161;1536;18511;11398.5;1;1073;499;3505;268;74;1709;733;194;976;94;90;3
417;5.10205e-15;118;1573;18709;11499.5;1;1048;569;3505;287;71;1739;795;216;944;94;91;3
418;5.17033e-15;162;1652;18907;11590.5;1;1012;553;3506;312;71;1745;797;241;948;93;90;3
419;5.23212e-15;164;1579;19087;11692.5;1;987;548;3506;270;83;1789;778;187;1011;93;90;3
420;5.30166e-15;162;1578;19243;11777.5;1;971;512;3507;264;91;1815;742;173;1073;93;89;3
421;5.35985e-15;151;1593;19388;11870.5;1;961;554;3507;277;59;1698;812;218;886;93;90;3
422;5.42376e-15;149;1628;19519;11959.5;1;965;541;3507;288;86;1659;785;202;874;94;89;3
423;5.48515e-15;142;1578;19676;12043.5;1;950;488;3508;259;64;1726;806;195;920;93;89;3
424;5.54331e-15;138;1606;19770;12132.5;1;974;530;3508;225;56;1729;822;169;907;94;89;3
425;5.60516e-15;126;1611;19896;12202.5;1;977;532;3509;286;75;1830;811;211;1019;93;90;3
426;5.65396e-15;134;1633;20041;12306.5;1;961;480;3509;273;66;1723;830;207;893;93;89;3
427;5.72673e-15;129;1591;20191;12399.5;1;941;448;3409;235;65;1742;774;170;968;94;90;3
428;5.79206e-15;112;1572;20317;12488.5;1;930;539;3510;217;58;1612;806;159;806;93;90;3
429;5.85482e-15;149;1659;20461;12587.5;1;911;534;3510;242;62;1818;808;180;1010;92;88;3
430;5.92489e-15;144;1607;20581;12679.5;1;918;511;3511;292;62;1765;829;230;936;91;88;3
431;5.99026e-15;124;1603;20755;12768.5;1;884;547;3511;268;67;1782;840;201;942;91;89;3
432;6.05373e-15;149;1623;20864;12831.5;1;899;527;3511;266;63;1731;836;203;895;91;87;3
433;6.09879e-15;131;1690;20998;12930.5;1;896;450;3412;247;80;1781;811;167;970;92;88;3
434;6.16982e-15;124;1601;21138;13007.5;1;872;540;3512;215;54;1717;826;161;891;91;87;4
435;6.22526e-15;135;1654;21237;13088.5;1;885;529;3513;254;61;1801;795;193;1006;91;86;4
436;6.28376e-15;131;1645;21366;13174.5;1;880;541;3513;258;68;1760;797;190;963;90;87;4
437;6.34607e-15;153;1607;21508;13271.5;1;863;556;3513;267;75;1783;797;192;986;91;87;4
438;6.41659e-15;128;1678;21622;13357.5;1;870;556;3514;272;76;1741;794;196;947;90;87;4
439;6.47934e-15;141;1647;21729;13427.5;1;877;557;3514;283;68;1817;810;215;1007;90;86;4
440;6.53056e-15;141;1669;21855;13502.5;1;870;557;3514;299;70;1748;856;229;892;90;86;4
441;6.58559e-15;168;1689;21925;13581.5;1;899;534;3515;258;80;1770;840;178;930;89;85;4
442;6.64372e-15;144;1676;22044;13675.5;1;904;500;3515;255;78;1741;811;177;930;90;84;4
443;6.71312e-15;143;1619;22143;13767.5;1;916;486;3516;233;52;1792;871;181;921;90;84;4
444;6.78127e-15;135;1654;22279;13866.5;1;903;551;3516;239;72;1719;803;167;916;90;85;4
445;6.85486e-15;143;1686;22426;13943.5;1;891;532;3516;238;82;1771;819;156;952;90;85;4
446;6.91228e-15;162;1636;22517;14020.5;1;896;540;3517;279;74;1724;854;205;870;89;84;4
447;6.96986e-15;142;1615;22633;14101.5;1;892;505;3517;263;82;1802;851;181;951;89;83;4
448;7.03061e-15;144;1687;22770;14174.5;1;868;552;3517;254;63;1824;800;191;1024;89;84;4
449;7.08551e-15;138;1604;22868;14242.5;1;883;504;3518;287;81;1753;805;206;948;88;81;4
450;7.13677e-15;153;1610;22961;14316.5;1;900;534;3518;257;80;1788;827;177;961;88;82;4
451;7.1927e-15;148;1605;23048;14400.5;1;908;552;3519;270;84;1714;830;186;884;88;82;4
452;7.25636e-15;136;1639;23143;14471.5;1;919;538;3519;260;67;1784;831;193;953;87;81;4
453;7.31032e-15;142;1623;23231;14546.5;1;931;530;3519;273;76;1720;806;197;914;86;80;4
454;7.36746e-15;142;1606;23327;14614.5;1;946;530;3520;252;66;1735;809;186;926;86;80;4
455;7.4194e-15;147;1652;23401;14683.5;1;969;510;3520;255;73;1770;772;182;998;87;79;4
456;7.47223e-15;134;1698;23503;14773.5;1;971;548;3520;259;86;1761;824;173;937;86;80;4
457;7.54132e-15;149;1663;23611;14860.5;1;975;490;3521;282;68;1722;834;214;888;85;80;4
458;7.60831e-15;136;1597;23727;14928.5;1;970;555;3521;249;69;1780;836;180;944;84;81;4
459;7.66081e-15;149;1642;23851;15014.5;1;962;551;3521;263;75;1738;816;188;922;85;81;4
460;7.72738e-15;136;1648;23926;15086.5;1;984;511;3522;261;73;1715;815;188;900;85;79;4
461;7.78326e-15;147;1675;24024;15164.5;1;990;521;3522;273;73;1742;826;200;916;85;78;4
462;7.84395e-15;143;1696;24126;15252.5;1;996;514;3523;233;86;1784;803;147;981;85;78;4
463;7.9126e-15;146;1677;24271;15321.5;1;971;514;3523;244;80;1803;882;164;921;84;79;4
464;7.96658e-15;143;1697;24316;15393.5;1;1008;524;3523;237;67;1764;856;170;908;84;79;4
465;8.02303e-15;138;1640;24407;15453.5;1;1019;549;3524;276;69;1770;869;207;901;84;79;4
466;8.07017e-15;149;1681;24501;15549.5;1;1024;541;3524;285;75;1778;816;210;962;83;79;4
467;8.1458e-15;154;1702;24573;15635.5;1;1046;532;3524;245;76;1820;854;169;966;83;78;4
468;8.21374e-15;158;1620;24678;15708.5;1;1066;530;3525;270;83;1690;852;187;838;83;77;4
469;8.27157e-15;166;1650;24784;15774.5;1;1074;553;3525;266;76;1751;794;190;957;83;78;4
470;8.32396e-15;157;1635;24875;15842.5;1;1093;554;3525;236;73;1730;856;163;874;82;78;4
471;8.37806e-15;150;1642;24959;15926.5;1;1114;553;3526;293;82;1763;799;211;964;83;78;4
472;8.44505e-15;187;1590;25128;15989.5;1;1082;553;3526;302;70;1847;832;232;1015;83;78;4
473;8.49541e-15;161;1631;25235;16077.5;1;1090;553;3526;276;86;1794;801;190;993;83;78;4
474;8.56592e-15;161;1626;25350;16149.5;1;1093;509;3527;250;78;1719;823;172;896;83;77;4
475;8.62375e-15;148;1626;25486;16223.5;1;1072;534;3527;257;72;1767;769;185;998;83;76;4
476;8.68333e-15;154;1599;25565;16296.5;1;1093;553;3527;269;80;1784;853;189;931;83;77;4
477;8.74224e-15;142;1699;25641;16376.5;1;1114;552;3528;282;65;1746;811;217;935;82;77;4
478;8.80694e-15;172;1665;25734;16445.5;1;1117;543;3528;324;82;1822;809;242;1013;82;76;4
479;8.86288e-15;168;1715;25789;16525.5;1;1156;544;3528;274;87;1754;825;187;929;81;76;4
480;8.92789e-15;160;1692;25886;16615.5;1;1173;552;3529;281;63;1809;827;218;982;81;76;4
481;9.00121e-15;190;1626;25978;16687.5;1;1188;554;3529;255;67;1765;875;188;890;80;76;4
482;9.06001e-15;189;1610;26069;16743.5;1;1203;464;3529;255;73;1719;805;182;914;80;74;4
483;9.10583e-15;129;1669;26202;16810.5;1;1190;532;3530;203;84;1734;791;119;943;80;75;4
484;9.16075e-15;153;1660;26325;16882.5;1;1179;503;3530;259;70;1747;818;189;929;80;75;5
485;9.2199e-15;133;1616;26412;16957.5;1;1191;505;3530;236;71;1810;807;165;1003;79;74;5
486;9.28165e-15;129;1703;26569;17026.5;1;1159;508;3531;266;76;1791;776;190;1015;80;73;5
487;9.33857e-15;145;1678;26653;17111.5;1;1177;429;3531;251;61;1707;844;190;863;80;73;5
488;9.40886e-15;123;1626;26738;17163.5;1;1185;466;3531;215;66;1743;876;149;867;80;72;5
489;9.45195e-15;149;1651;26828;17226.5;1;1188;384;3432;237;53;1803;860;184;943;81;73;5
490;9.50424e-15;130;1664;26951;17301.5;1;1170;486;3532;164;68;1644;796;96;848;79;73;5
491;9.56662e-15;144;1612;27043;17376.5;1;1172;449;3532;222;75;1712;803;147;909;79;72;5
492;9.62913e-15;154;1647;27143;17448.5;1;1169;478;3533;215;66;1758;866;149;892;79;72;5
493;9.68927e-15;139;1640;27305;17508.5;1;1137;372;3433;262;71;1731;830;191;901;80;72;5
494;9.73948e-15;111;1706;27422;17575.5;1;1121;455;3533;157;61;1616;800;96;816;78;71;5
495;9.79565e-15;115;1697;27523;17648.5;1;1117;484;3534;250;61;1816;867;189;949;78;71;5
496;9.85698e-15;130;1619;27637;17730.5;1;1108;447;3534;229;70;1817;811;159;1006;78;71;5
497;9.92601e-15;136;1662;27729;17799.5;1;1099;477;3534;192;77;1796;842;115;954;78;71;5
498;9.98423e-15;137;1658;27853;17866.5;1;1078;453;3535;235;62;1807;769;173;1038;78;70;5
499;1.00409e-14;143;1651;27989;17933.5;1;1054;481;3535;225;83;1761;870;142;891;78;70;5
500;1.00976e-14;154;1726;28039;18013.5;1;1080;483;3535;248;73;1714;778;175;936;78;69;5
501;1.01655e-14;125;1752;28126;18086.5;1;1085;492;3536;226;70;1708;820;156;888;77;68;5
502;1.02276e-14;136;1687;28178;18149.5;1;1117;377;3436;248;56;1844;851;192;993;78;68;5
503;1.02813e-14;116;1698;28295;18220.5;1;1103;472;3536;194;68;1727;804;126;923;77;69;5
504;1.03419e-14;153;1722;28381;18277.5;1;1107;381;3437;234;55;1793;829;179;964;78;68;5
505;1.03907e-14;135;1654;28469;18350.5;1;1099;480;3537;208;74;1737;899;134;838;77;69;5
506;1.04532e-14;151;1688;28554;18430.5;1;1104;492;3537;233;70;1656;820;163;836;77;68;5
507;1.05219e-14;146;1720;28644;18483.5;1;1108;483;3537;256;90;1778;841;166;937;77;68;5
508;1.05675e-14;165;1614;28727;18541.5;1;1115;472;3538;258;90;1800;855;168;945;76;68;5
509;1.06174e-14;130;1675;28773;18603.5;1;1144;407;3538;255;84;1770;816;171;954;75;68;5
510;1.06709e-14;117;1742;28826;18651.5;1;1170;417;3538;229;61;1844;844;168;1000;74;67;5
511;1.07124e-14;128;1690;28923;18725.5;1;1169;392;3539;217;54;1737;845;163;892;74;67;5
512;1.07765e-14;102;1690;29017;18794.5;1;1163;422;3539;182;48;1824;838;134;986;74;68;5
513;1.08363e-14;124;1685;29127;18873.5;1;1145;391;3539;217;47;1797;871;170;926;74;68;5
514;1.09049e-14;116;1617;29227;18937.5;1;1138;433;3540;193;49;1844;830;144;1014;74;69;5
515;1.09607e-14;124;1625;29315;19015.5;1;1135;403;3540;214;65;1686;836;149;850;74;69;5
516;1.10287e-14;112;1637;29428;19081.5;1;1117;403;3540;204;72;1805;796;132;1009;73;69;5
517;1.10864e-14;128;1693;29524;19152.5;1;1107;350;3541;201;67;1756;808;134;948;73;70;5
518;1.11485e-14;108;1695;29582;19226.5;1;1121;325;3541;173;48;1788;860;125;928;73;70;5
519;1.12135e-14;93;1688;29695;19295.5;1;1102;395;3541;156;51;1827;857;105;970;73;70;5
520;1.12741e-14;122;1666;29791;19361.5;1;1083;366;3541;182;57;1801;866;125;935;73;70;5
521;1.13322e-14;101;1689;29866;19413.5;1;1092;376;3542;178;63;1803;818;115;985;73;69;5
522;1.1378e-14;115;1680;29960;19477.5;1;1077;370;3542;184;56;1766;874;128;892;73;69;5
523;1.14346e-14;102;1732;30051;19540.5;1;1069;366;3542;170;62;1781;812;108;969;73;68;5
524;1.14903e-14;85;1705;30162;19612.5;1;1054;345;3543;191;52;1772;832;139;940;73;68;5
525;1.15541e-14;113;1709;30264;19660.5;1;1029;351;3543;161;51;1803;827;110;976;73;69;5
526;1.15967e-14;96;1713;30329;19732.5;1;1033;365;3543;181;59;1735;841;122;894;72;69;5
527;1.16607e-14;93;1724;30421;19777.5;1;1018;317;3544;185;51;1747;817;134;930;72;68;5
528;1.17007e-14;99;1741;30551;19845.5;1;979;369;3544;130;61;1727;844;69;883;72;68;5
529;1.17613e-14;109;1637;30618;19898.5;1;977;369;3544;174;49;1750;891;125;859;72;68;5
530;1.18086e-14;100;1618;30688;19962.5;1;979;369;3544;202;54;1733;853;148;880;72;67;5
531;1.18659e-14;96;1693;30765;20033.5;1;980;364;3545;153;45;1799;843;108;956;70;67;5
532;4.1989e-15;111;1297;11028;10103.8;1;929;374;3545;196;43;1838;479;153;1359;71;66;5
533;4.254e-15;105;1484;11234;10169.8;1;864;347;3545;218;56;1792;701;162;1091;70;67;5
534;4.29596e-15;112;1541;11445;10242.8;1;795;345;3546;185;51;1785;762;134;1023;70;67;5
535;4.34253e-15;109;1538;11659;10319.8;1;725;354;3546;194;46;1753;825;148;928;70;66;5
536;4.39184e-15;100;1587;11806;10397.8;1;692;343;3546;186;52;1765;758;134;1007;70;67;5
537;4.44198e-15;94;1629;11925;10471.8;1;673;316;3546;197;43;1727;843;154;884;69;67;5
538;4.48972e-15;89;1587;12078;10526.8;1;630;340;3547;163;48;1767;784;115;983;69;68;6
539;4.52531e-15;88;1665;12223;10598.8;1;592;308;3547;175;40;1824;829;135;995;69;68;6
540;4.57205e-15;101;1623;12384;10677.8;1;542;340;3547;147;40;1740;884;107;856;69;68;6
541;4.62352e-15;88;1644;12510;10742.8;1;514;291;3548;155;46;1752;828;109;924;69;68;6
542;4.66601e-15;93;1657;12630;10801.8;1;483;321;3548;168;49;1777;870;119;907;70;68;6
543;4.70469e-15;98;1665;12716;10857.8;1;476;321;3548;174;37;1770;802;137;968;69;68;6
544;4.7415e-15;86;1706;12813;10911.8;1;462;327;3548;151;55;1649;836;96;813;69;68;6
545;4.77709e-15;102;1689;12928;10982.8;1;437;331;3549;156;45;1787;845;111;942;69;69;6
546;4.82402e-15;101;1679;13010;11048.8;1;429;323;3549;165;56;1763;804;109;959;68;68;6
547;4.86778e-15;96;1748;13073;11109.8;1;429;309;3549;157;48;1750;784;109;966;68;68;6
548;4.90834e-15;100;1747;13176;11159.8;1;405;217;3450;166;47;1834;858;119;976;69;67;6
549;4.94168e-15;76;1694;13264;11229.8;1;383;322;3550;116;43;1727;870;73;857;68;68;6
550;4.98847e-15;84;1659;13364;11306.8;1;356;303;3550;176;46;1803;833;130;970;68;66;6
551;5.04011e-15;83;1694;13454;11361.8;1;337;218;3450;159;39;1736;883;120;853;69;67;6
552;5.07711e-15;49;1654;13521;11425.8;1;330;327;3551;125;47;1719;861;78;858;67;66;6
553;5.12027e-15;83;1731;13582;11492.8;1;322;335;3551;149;29;1827;852;120;975;67;66;6
554;5.16559e-15;89;1699;13639;11562.8;1;333;227;3451;150;45;1787;840;105;947;68;66;6
555;5.21308e-15;73;1681;13697;11631.8;1;334;334;3551;98;37;1816;836;61;980;67;66;6
556;5.26004e-15;89;1675;13784;11700.8;1;315;298;3552;162;40;1765;876;122;889;67;65;6
557;5.30713e-15;93;1728;13838;11758.8;1;319;304;3552;134;55;1751;832;79;919;67;64;6
558;5.34683e-15;82;1695;13893;11828.8;1;319;325;3552;147;45;1843;887;102;956;66;64;6
559;5.39487e-15;99;1666;13926;11889.8;1;334;274;3553;161;48;1787;909;113;878;66;65;6
560;5.43685e-15;98;1700;13953;11966.8;1;349;329;3553;130;47;1823;883;83;940;66;64;6
561;5.48999e-15;113;1683;13979;12017.8;1;376;2.14749e+08;-2.14748e+09;170;53;1775;845;117;930;66;63;6
562;5.52529e-15;113;1682;13979;12017.8;1;376;3.13773e+08;-2.06399e+09;0;0;-1;0;0;-1;65;63;6
563;5.52529e-15;115;1680;13979;12017.8;1;376;6.19576e+08;-1.98428e+09;2;0;-1;0;2;-1;65;63;6
564;5.52529e-15;115;1678;13979;12017.8;1;376;8.10393e+08;-1.90817e+09;1;0;-1;0;1;-1;416;414;6
565;5.52529e-15;115;1677;13979;12017.8;1;376;7.79193e+08;-1.83548e+09;1;0;-1;0;1;-1;1764;1761;6
566;5.52529e-15;118;1675;13979;12017.8;1;376;9.55798e+08;-1.76604e+09;1;0;-1;0;1;-1;5004;5001;6
567;5.52529e-15;118;1675;13979;12017.8;1;376;1.23314e+09;-1.69969e+09;1;0;-1;0;1;-1;11232;11230;6
568;5.52529e-15;118;1675;13979;12017.8;1;376;1.28939e+09;-1.63627e+09;0;0;-1;0;0;-1;21712;21710;6
569;5.52529e-15;120;1672;13979;12017.8;1;376;1.66171e+09;-1.57565e+09;2;0;-1;0;2;-1;37837;37834;6
570;5.52529e-15;120;1672;13979;12017.8;1;376;1.7061e+09;-1.51768e+09;1;0;-1;0;1;-1;61099;61096;6
571;5.52529e-15;120;1672;13979;12017.8;1;376;1.9597e+09;-1.46224e+09;0;0;-1;0;0;-1;93064;93061;6
572;5.52529e-15;121;1668;13979;12017.8;1;376;1.88587e+09;-1.40921e+09;4;0;-1;0;4;-1;135348;135345;6
573;5.52529e-15;122;1665;13979;12017.8;1;376;2.02172e+09;-1.35846e+09;3;0;-1;0;3;-1;189593;189590;6
574;5.52529e-15;123;1664;13979;12017.8;1;376;-2.14748e+09;-1.30989e+09;2;0;-1;0;2;-1;257453;257450;6
575;5.52529e-15;123;1664;13979;12017.8;1;376;-2.14748e+09;-1.2634e+09;-1;0;0;0;-1;0;340574;340572;6
576;5.52529e-15;122;1664;13979;12017.8;1;376;-2.14748e+09;-1.21888e+09;-1;0;0;0;-1;0;440587;440584;6
577;5.52529e-15;122;1664;13979;12017.8;1;376;-2.14748e+09;-1.17625e+09;0;0;-1;0;0;-1;559086;559083;6
578;5.52529e-15;121;1664;13979;12017.8;1;376;-2.14748e+09;-1.13541e+09;0;0;-1;0;0;-1;697627;697624;6
579;5.52529e-15;121;1664;13979;12017.8;1;376;-2.14748e+09;-1.09627e+09;0;0;-1;0;0;-1;857717;857715;6
580;5.52529e-15;120;1664;13979;12017.8;1;376;-2.14748e+09;-1.05877e+09;0;0;-1;0;0;-1;1040806;1040803;6
581;5.52529e-15;120;1664;13979;12017.8;1;376;-2.14748e+09;-1.02281e+09;0;0;-1;0;0;-1;1248279;1248276;6
582;5.52529e-15;120;1664;13979;12017.8;1;376;-2.14748e+09;-9.88342e+08;-1;0;0;0;-1;0;1481457;1481455;6
583;5.52529e-15;120;1664;13979;12017.8;1;376;-2.14748e+09;-9.5528e+08;-1;0;0;0;-1;0;1741590;1741587;6
584;5.52529e-15;119;1664;13979;12017.8;1;376;-2.14748e+09;-9.23566e+08;0;0;-1;0;0;-1;2029853;2029850;6
585;5.52529e-15;119;1664;13979;12017.8;1;376;-2.14748e+09;-8.93136e+08;0;0;-1;0;0;-1;2347347;2347344;6
586;5.52529e-15;119;1664;13979;12017.8;1;376;-2.14748e+09;-8.63933e+08;-1;0;0;0;-1;0;2695095;2695092;6
587;5.52529e-15;116;1664;13979;12017.8;1;376;-2.14748e+09;-8.359e+08;0;0;-1;0;0;-1;3074045;3074042;6
588;5.52529e-15;116;1664;13979;12017.8;1;376;-2.14748e+09;-8.08984e+08;-1;0;0;0;-1;0;3485064;3485062;6
589;5.52529e-15;115;1662;13979;12017.8;1;376;-2.14748e+09;-7.83135e+08;0;0;-1;0;0;-1;3928947;3928944;6
590;5.52529e-15;113;1662;13979;12017.8;1;376;-2.14748e+09;-7.58305e+08;0;0;-1;0;0;-1;4406407;4406404;6
591;5.52529e-15;113;1661;13979;12017.8;1;376;-2.14748e+09;-7.34449e+08;0;0;-1;0;0;-1;4918086;4918083;6
592;5.52529e-15;110;1660;13979;12017.8;1;376;-2.14748e+09;-7.11523e+08;0;0;-1;0;0;-1;5464550;5464547;7
593;5.52529e-15;110;1659;13979;12017.8;1;376;-2.14748e+09;-6.89486e+08;-1;0;0;0;-1;0;6046293;6046291;7
594;5.52529e-15;108;1659;13979;12017.8;1;376;-2.14748e+09;-6.68298e+08;-1;0;0;0;-1;0;6663741;6663738;7
595;5.52529e-15;106;1659;13979;12017.8;1;376;-2.14748e+09;-6.47923e+08;-1;0;0;0;-1;0;7317248;7317245;7
596;5.52529e-15;106;1659;13979;12017.8;1;376;-2.14748e+09;-6.28325e+08;-1;0;0;0;-1;0;8007105;8007102;7
597;5.52529e-15;105;1659;13979;12017.8;1;376;-2.14748e+09;-6.0947e+08;-1;0;0;0;-1;0;8733537;8733534;7
598;5.52529e-15;98;1658;13979;12017.8;1;376;-2.14748e+09;-5.91326e+08;-1;0;0;0;-1;0;9496710;9496707;8
599;5.52529e-15;97;1658;13979;12017.8;1;376;-2.14748e+09;-5.73862e+08;0;0;-1;0;0;-1;10296729;10296727;8
600;5.52529e-15;97;1657;13979;12017.8;1;376;-2.14748e+09;-5.57049e+08;-1;0;0;0;-1;0;11133645;11133642;9
601;5.52529e-15;97;1657;13979;12017.8;1;376;-2.14748e+09;-5.40859e+08;0;0;-1;0;0;-1;12007452;12007450;9
602;5.52529e-15;97;1657;13979;12017.8;1;376;-2.14748e+09;-5.25266e+08;-1;0;0;0;-1;0;12918097;12918094;10
603;5.52529e-15;96;1657;13979;12017.8;1;376;-2.14748e+09;-5.10244e+08;-1;0;0;0;-1;0;13865473;13865471;11
604;5.52529e-15;96;1656;13979;12017.8;1;376;-2.14748e+09;-4.95769e+08;-1;0;0;0;-1;0;14849432;14849430;12
605;5.52529e-15;95;1656;13979;12017.8;1;376;-2.14748e+09;-4.81819e+08;0;0;-1;0;0;-1;15869779;15869777;13
606;5.52529e-15;95;1656;13979;12017.8;1;376;-2.14748e+09;-4.68371e+08;-1;0;0;0;-1;0;16926279;16926277;15
607;5.52529e-15;90;1656;13979;12017.8;1;376;-2.14748e+09;-4.55404e+08;0;0;-1;0;0;-1;18018659;18018657;17
608;5.52529e-15;89;1656;13979;12017.8;1;376;-2.14748e+09;-4.429e+08;0;0;-1;0;0;-1;19146609;19146607;19
609;5.52529e-15;87;1656;13979;12017.8;1;376;-2.14748e+09;-4.30837e+08;-1;0;0;0;-1;0;20309784;20309782;22
610;5.52529e-15;87;1655;13979;12017.8;1;376;-2.14748e+09;-4.192e+08;-1;0;0;0;-1;0;21507808;21507806;25
611;5.52529e-15;86;1655;13979;12017.8;1;376;-2.14748e+09;-4.07969e+08;-1;0;0;0;-1;0;22740277;22740275;29
612;5.52529e-15;83;1655;13979;12017.8;1;376;-2.14748e+09;-3.97129e+08;-1;0;0;0;-1;0;24006757;24006756;33
613;5.52529e-15;83;1655;13979;12017.8;1;376;-2.14748e+09;-3.86664e+08;-1;0;0;0;-1;0;25306792;25306791;39
614;5.52529e-15;82;1655;13979;12017.8;1;376;-2.14748e+09;-3.76558e+08;-1;0;0;0;-1;0;26639899;26639898;45
615;5.52529e-15;82;1654;13979;12017.8;1;376;-2.14748e+09;-3.66798e+08;-1;0;0;0;-1;0;28005576;28005576;52
616;5.52529e-15;82;1654;13979;12017.8;1;376;-2.14748e+09;-3.57369e+08;-1;0;0;0;-1;0;29403302;29403302;60
617;5.52529e-15;82;1654;13979;12017.8;1;376;-2.14748e+09;-3.48258e+08;-1;0;0;0;-1;0;30832536;30832537;69
618;5.52529e-15;82;1654;13979;12017.8;1;376;-2.14748e+09;-3.39454e+08;-1;0;0;0;-1;0;32292724;32292725;79
619;5.52529e-15;82;1654;13979;12017.8;1;376;-2.14748e+09;-3.30943e+08;0;0;-1;0;0;-1;33783295;33783296;91
620;5.52529e-15;82;1654;13979;12017.8;1;376;-2.14748e+09;-3.22714e+08;-1;0;0;0;-1;0;35303666;35303669;105
621;5.52529e-15;81;1654;13979;12017.8;1;376;-2.14748e+09;-3.14757e+08;-1;0;0;0;-1;0;36853245;36853247;121
622;5.52529e-15;80;1653;13979;12017.8;1;376;-2.14748e+09;-3.07061e+08;-1;0;0;0;-1;0;38431426;38431429;138
623;5.52529e-15;78;1653;13979;12017.8;1;376;-2.14748e+09;-2.99615e+08;-1;0;0;0;-1;0;40037598;40037603;158
624;5.52529e-15;78;1653;13979;12017.8;1;376;-2.14748e+09;-2.92411e+08;-1;0;0;0;-1;0;41671142;41671148;180
625;5.52529e-15;78;1653;13979;12017.8;1;376;-2.14748e+09;-2.85438e+08;-1;0;0;0;-1;0;43331432;43331439;205
626;5.52529e-15;76;1653;13979;12017.8;1;376;-2.14748e+09;-2.78689e+08;-1;0;0;0;-1;0;45017839;45017848;233
627;5.52529e-15;76;1653;13979;12017.8;1;376;-2.14748e+09;-2.72154e+08;-1;0;0;0;-1;0;46729729;46729739;264
628;5.52529e-15;76;1653;13979;12017.8;1;376;-2.14748e+09;-2.65826e+08;-1;0;0;0;-1;0;48466466;48466476;299
629;5.52529e-15;76;1653;13979;12017.8;1;376;-2.14748e+09;-2.59697e+08;-1;0;0;0;-1;0;50227410;50227423;338
630;5.52529e-15;74;1653;13979;12017.8;1;376;-2.14748e+09;-2.53759e+08;-1;0;0;0;-1;0;52011925;52011940;381
631;5.52529e-15;72;1653;13979;12017.8;1;376;-2.14748e+09;-2.48005e+08;-1;0;0;0;-1;0;53819371;53819388;429
632;5.52529e-15;72;1653;13979;12017.8;1;376;-2.14748e+09;-2.42429e+08;-1;0;0;0;-1;0;55649111;55649131;481
633;5.52529e-15;70;1653;13979;12017.8;1;376;-2.14748e+09;-2.37024e+08;-1;0;0;0;-1;0;57500510;57500531;539
634;5.52529e-15;69;1653;13979;12017.8;1;376;-2.14748e+09;-2.31784e+08;-1;0;0;0;-1;0;59372932;59372957;603
635;5.52529e-15;67;1653;13979;12017.8;1;376;-2.14748e+09;-2.26703e+08;-1;0;0;0;-1;0;61265750;61265777;674
636;5.52529e-15;67;1653;13979;12017.8;1;376;-2.14748e+09;-2.21775e+08;-1;0;0;0;-1;0;63178335;63178365;751
637;5.52529e-15;66;1653;13979;12017.8;1;376;-2.14748e+09;-2.16994e+08;-1;0;0;0;-1;0;65110065;65110100;835
638;5.52529e-15;64;1653;13979;12017.8;1;376;-2.14748e+09;-2.12356e+08;-1;0;0;0;-1;0;67060324;67060363;927
639;5.52529e-15;64;1653;13979;12017.8;1;376;-2.14748e+09;-2.07855e+08;-1;0;0;0;-1;0;69028499;69028543;1028
640;5.52529e-15;61;1653;13979;12017.8;1;376;-2.14748e+09;-2.03486e+08;-1;0;0;0;-1;0;71013983;71014033;1137
641;5.52529e-15;56;1653;13979;12017.8;1;376;-2.14748e+09;-1.99245e+08;-1;0;0;0;-1;0;73016177;73016233;1257
642;5.52529e-15;55;1653;13979;12017.8;1;376;-2.14748e+09;-1.95127e+08;-1;0;0;0;-1;0;75034487;75034549;1386
643;5.52529e-15;55;1653;13979;12017.8;1;376;-2.14748e+09;-1.91128e+08;-1;0;0;0;-1;0;77068327;77068396;1527
644;5.52529e-15;54;1653;13979;12017.8;1;376;-2.14748e+09;-1.87243e+08;-1;0;0;0;-1;0;79117118;79117193;1680
645;5.52529e-15;54;1653;13979;12017.8;1;376;-2.14748e+09;-1.8347e+08;-1;0;0;0;-1;0;81180287;81180369;1844
646;5.52529e-15;54;1653;13979;12017.8;1;376;-2.14748e+09;-1.79803e+08;-1;0;0;0;-1;0;83257270;83257361;2022
647;5.52529e-15;52;1653;13979;12017.8;1;376;-2.14748e+09;-1.76239e+08;-1;0;0;0;-1;0;85347512;85347613;2215
648;5.52529e-15;52;1653;13979;12017.8;1;376;-2.14748e+09;-1.72776e+08;-1;0;0;0;-1;0;87450466;87450575;2422
649;5.52529e-15;52;1653;13979;12017.8;1;376;-2.14748e+09;-1.69408e+08;-1;0;0;0;-1;0;89565591;89565711;2644
650;5.52529e-15;52;1653;13979;12017.8;1;376;-2.14748e+09;-1.66134e+08;0;0;-1;0;0;-1;91692358;91692490;2884
651;5.52529e-15;48;1652;13979;12017.8;1;376;-2.14748e+09;-1.6295e+08;0;0;-1;0;0;-1;93830245;93830389;3141
652;5.52529e-15;48;1651;13979;12017.8;1;376;-2.14748e+09;-1.59852e+08;-1;0;0;0;-1;0;95978738;95978895;3417
653;5.52529e-15;48;1651;13979;12017.8;1;376;-2.14748e+09;-1.56839e+08;-1;0;0;0;-1;0;98137335;98137505;3712
654;5.52529e-15;47;1651;13979;12017.8;1;376;-2.14748e+09;-1.53907e+08;0;0;-1;0;0;-1;100305538;100305725;4028
655;5.52529e-15;47;1651;13979;12017.8;1;376;-2.14748e+09;-1.51054e+08;-1;0;0;0;-1;0;102482865;102483067;4366
656;5.52529e-15;46;1651;13979;12017.8;1;376;-2.14748e+09;-1.48277e+08;-1;0;0;0;-1;0;104668836;104669055;4726
657;5.52529e-15;46;1651;13979;12017.8;1;376;-2.14748e+09;-1.45573e+08;-1;0;0;0;-1;0;106862986;106863224;5111
658;5.52529e-15;45;1651;13979;12017.8;1;376;-2.14748e+09;-1.42941e+08;-1;0;0;0;-1;0;109064855;109065113;5521
659;5.52529e-15;45;1651;13979;12017.8;1;376;-2.14748e+09;-1.40378e+08;-1;0;0;0;-1;0;111273995;111274274;5957
660;5.52529e-15;45;1651;13979;12017.8;1;376;-2.14748e+09;-1.37881e+08;-1;0;0;0;-1;0;113489966;113490268;6421
661;5.52529e-15;41;1651;13979;12017.8;1;376;-2.14748e+09;-1.35448e+08;-1;0;0;0;-1;0;115712338;115712663;6914
662;5.52529e-15;36;1651;13979;12017.8;1;376;-2.14748e+09;-1.33079e+08;-1;0;0;0;-1;0;117940689;117941040;7438
663;5.52529e-15;34;1651;13979;12017.8;1;376;-2.14748e+09;-1.30769e+08;0;0;-1;0;0;-1;120174607;120174985;7993
664;5.52529e-15;34;1651;13979;12017.8;1;376;-2.14748e+09;-1.28518e+08;-1;0;0;0;-1;0;122413688;122414095;8581
665;5.52529e-15;32;1651;13979;12017.8;1;376;-2.14748e+09;-1.26325e+08;-1;0;0;0;-1;0;124657539;124657977;9204
666;5.52529e-15;31;1651;13979;12017.8;1;376;-2.14748e+09;-1.24186e+08;-1;0;0;0;-1;0;126905774;126906246;9862
667;5.52529e-15;31;1651;13979;12017.8;1;376;-2.14748e+09;-1.221e+08;-1;0;0;0;-1;0;129158019;129158524;10559
668;5.52529e-15;27;1651;13979;12017.8;1;376;-2.14748e+09;-1.20066e+08;-1;0;0;0;-1;0;131413903;131414446;11294
669;5.52529e-15;27;1651;13979;12017.8;1;376;-2.14748e+09;-1.18082e+08;-1;0;0;0;-1;0;133673070;133673651;12070
670;5.52529e-15;23;1650;13979;12017.8;1;376;-2.14748e+09;-1.16147e+08;-1;0;0;0;-1;0;135935169;135935792;12889
671;5.52529e-15;21;1650;13979;12017.8;1;376;-2.14748e+09;-1.14258e+08;-1;0;0;0;-1;0;138199859;138200525;13751
672;5.52529e-15;21;1650;13979;12017.8;1;376;-2.14748e+09;-1.12415e+08;-1;0;0;0;-1;0;140466807;140467519;14659
673;5.52529e-15;21;1650;13979;12017.8;1;376;-2.14748e+09;-1.10617e+08;-1;0;0;0;-1;0;142735689;142736449;15614
674;5.52529e-15;21;1650;13979;12017.8;1;376;-2.14748e+09;-1.08861e+08;-1;0;0;0;-1;0;145006187;145006998;16619
675;5.52529e-15;20;1650;13979;12017.8;1;376;-2.14748e+09;-1.07148e+08;-1;0;0;0;-1;0;147277994;147278859;17674
676;5.52529e-15;20;1650;13979;12017.8;1;376;-2.14748e+09;-1.05474e+08;-1;0;0;0;-1;0;149550810;149551731;18782
677;5.52529e-15;20;1650;13979;12017.8;1;376;-2.14748e+09;-1.0384e+08;-1;0;0;0;-1;0;151824342;151825322;19944
678;5.52529e-15;16;1650;13979;12017.8;1;376;-2.14748e+09;-1.02244e+08;-1;0;0;0;-1;0;154098306;154099348;21163
679;5.52529e-15;16;1650;13979;12017.8;1;376;-2.14748e+09;-1.00684e+08;-1;0;0;0;-1;0;156372424;156373533;22441
680;5.52529e-15;16;1650;13979;12017.8;1;376;-2.14748e+09;-9.91611e+07;0;0;-1;0;0;-1;158646429;158647607;23779
681;5.52529e-15;14;1650;13979;12017.8;1;376;-2.14748e+09;-9.76725e+07;-1;0;0;0;-1;0;160920057;160921308;25179
682;5.52529e-15;14;1650;13979;12017.8;1;376;-2.14748e+09;-9.62178e+07;0;0;-1;0;0;-1;163193056;163194382;26643
683;5.52529e-15;14;1650;13979;12017.8;1;376;-2.14748e+09;-9.4796e+07;-1;0;0;0;-1;0;165465176;165466582;28174
684;5.52529e-15;13;1650;13979;12017.8;1;376;-2.14748e+09;-9.34062e+07;-1;0;0;0;-1;0;167736178;167737668;29773
685;5.52529e-15;13;1650;13979;12017.8;1;376;-2.14748e+09;-9.20473e+07;-1;0;0;0;-1;0;170005829;170007406;31443
686;5.52529e-15;12;1650;13979;12017.8;1;376;-2.14748e+09;-9.07186e+07;-1;0;0;0;-1;0;172273901;172275571;33185
687;5.52529e-15;12;1650;13979;12017.8;1;376;-2.14748e+09;-8.94192e+07;-1;0;0;0;-1;0;174540177;174541942;35002
688;5.52529e-15;12;1650;13979;12017.8;1;376;-2.14748e+09;-8.81484e+07;-1;0;0;0;-1;0;176804441;176806306;36896
689;5.52529e-15;12;1650;13979;12017.8;1;376;-2.14748e+09;-8.69051e+07;-1;0;0;0;-1;0;179066487;179068456;38870
690;5.52529e-15;11;1650;13979;12017.8;1;376;-2.14748e+09;-8.56888e+07;-1;0;0;0;-1;0;181326114;181328193;40924
691;5.52529e-15;11;1650;13979;12017.8;1;376;-2.14748e+09;-8.44988e+07;-1;0;0;0;-1;0;183583129;183585322;43063
692;5.52529e-15;10;1650;13979;12017.8;1;376;-2.14748e+09;-8.33342e+07;-1;0;0;0;-1;0;185837342;185839654;45287
693;5.52529e-15;10;1650;13979;12017.8;1;376;-2.14748e+09;-8.21942e+07;-1;0;0;0;-1;0;188088571;188091007;47600
694;5.52529e-15;3;1650;13979;12017.8;1;376;-2.14748e+09;-8.10785e+07;0;0;-1;0;0;-1;190336640;190339206;50003
695;5.52529e-15;2;1649;13979;12017.8;1;376;-2.14748e+09;-7.99862e+07;-1;0;0;0;-1;0;192581378;192584079;52499
696;5.52529e-15;2;1649;13979;12017.8;1;376;-2.14748e+09;-7.89167e+07;-1;0;0;0;-1;0;194822618;194825460;55091
697;5.52529e-15;1;1649;13979;12017.8;1;376;-2.14748e+09;-7.78694e+07;-1;0;0;0;-1;0;197060202;197063191;57780
698;5.52529e-15;0;1649;13979;12017.8;1;376;-2.14748e+09;-7.68437e+07;-1;0;0;0;-1;0;199293975;199297115;60569
699;5.52529e-15;-1;1649;13979;12017.8;1;376;-2.14748e+09;-7.58391e+07;0;0;0;0;0;0;201523786;201527085;63461
700;5.52529e-15;-1;1649;13979;12017.8;1;376;-2.14748e+09;-7.48551e+07;-1;0;0;0;-1;0;203749493;203752956;66458
701;5.52529e-15;-2;1649;13979;12017.8;1;376;-2.14748e+09;-7.38909e+07;0;0;0;0;0;0;205970953;205974588;69562
702;5.52529e-15;-3;1649;13979;12017.8;1;376;-2.14748e+09;-7.29461e+07;0;0;0;0;0;0;208188036;208191848;72776
703;5.52529e-15;-3;1649;13979;12017.8;1;376;-2.14748e+09;-7.20202e+07;-1;0;0;0;-1;0;210400609;210404606;76103
704;5.52529e-15;-4;1649;13979;12017.8;1;376;-2.14748e+09;-7.11128e+07;0;0;0;0;0;0;212608547;212612736;79544
705;5.52529e-15;-4;1649;13979;12017.8;1;376;-2.14748e+09;-7.02234e+07;-1;0;0;0;-1;0;214811731;214816119;83103
706;5.52529e-15;-4;1648;13979;12017.8;1;376;-2.14748e+09;-6.93515e+07;0;0;0;0;0;0;217010043;217014637;86781
707;5.52529e-15;-4;1648;13979;12017.8;1;376;-2.14748e+09;-6.84966e+07;-1;0;0;0;-1;0;219203372;219208180;90583
708;5.52529e-15;-4;1647;13979;12017.8;1;376;-2.14748e+09;-6.76584e+07;0;0;0;0;0;0;221391609;221396640;94509
709;5.52529e-15;-5;1647;13979;12017.8;1;376;-2.14748e+09;-6.68363e+07;0;0;0;0;0;0;223574652;223579912;98563
710;5.52529e-15;-6;1647;13979;12017.8;1;376;-2.14748e+09;-6.60302e+07;0;0;0;0;0;0;225752401;225757899;102747
711;5.52529e-15;-6;1647;13979;12017.8;1;376;-2.14748e+09;-6.52393e+07;-1;0;0;0;-1;0;227924759;227930504;107063
712;5.52529e-15;-6;1647;13979;12017.8;1;376;-2.14748e+09;-6.44635e+07;0;0;-1;0;0;-1;230091635;230097636;111516
713;5.52529e-15;-7;1647;13979;12017.8;1;376;-2.14748e+09;-6.37023e+07;0;0;0;0;0;0;232252940;232259205;116106
714;5.52529e-15;-7;1647;13979;12017.8;1;376;-2.14748e+09;-6.29556e+07;-1;0;0;0;-1;0;234408591;234415128;120836
715;5.52529e-15;-7;1647;13979;12017.8;1;376;-2.14748e+09;-6.22226e+07;-1;0;0;0;-1;0;236558502;236565325;125710
716;5.52529e-15;-7;1647;13979;12017.8;1;376;-2.14748e+09;-6.15032e+07;-1;0;0;0;-1;0;238702602;238709717;130730
717;5.52529e-15;-8;1647;13979;12017.8;1;376;-2.14748e+09;-6.07973e+07;0;0;0;0;0;0;240840814;240848231;135898
718;5.52529e-15;-9;1647;13979;12017.8;1;376;-2.14748e+09;-6.01042e+07;0;0;0;0;0;0;242973066;242980795;141217
719;5.52529e-15;-9;1647;13979;12017.8;1;376;-2.14748e+09;-5.94236e+07;-1;0;0;0;-1;0;245099291;245107340;146689
720;5.52529e-15;-9;1647;13979;12017.8;1;376;-2.14748e+09;-5.87555e+07;-1;0;0;0;-1;0;247219423;247227805;152318
721;5.52529e-15;-9;1647;13979;12017.8;1;376;-2.14748e+09;-5.80994e+07;-1;0;0;0;-1;0;249333401;249342125;158106
722;5.52529e-15;-10;1647;13979;12017.8;1;376;-2.14748e+09;-5.74552e+07;0;0;0;0;0;0;251441167;251450244;164055
723;5.52529e-15;-10;1647;13979;12017.8;1;376;-2.14748e+09;-5.68223e+07;-1;0;0;0;-1;0;253542662;253552105;170168
724;5.52529e-15;-10;1647;13979;12017.8;1;376;-2.14748e+09;-5.62006e+07;-1;0;0;0;-1;0;255637835;255647654;176448
725;5.52529e-15;-11;1647;13979;12017.8;1;376;-2.14748e+09;-5.559e+07;0;0;0;0;0;0;257726633;257736841;182897
726;5.52529e-15;-12;1647;13979;12017.8;1;376;-2.14748e+09;-5.49901e+07;0;0;0;0;0;0;259809012;259819619;189519
727;5.52529e-15;-12;1647;13979;12017.8;1;376;-2.14748e+09;-5.44004e+07;-1;0;0;0;-1;0;261884921;261895941;196315
728;5.52529e-15;-12;1647;13979;12017.8;1;376;-2.14748e+09;-5.38211e+07;-1;0;0;0;-1;0;263954323;263965766;203288
729;5.52529e-15;-13;1647;13979;12017.8;1;376;-2.14748e+09;-5.32517e+07;0;0;0;0;0;0;266017174;266029052;210440
730;5.52529e-15;-13;1647;13979;12017.8;1;376;-2.14748e+09;-5.26922e+07;-1;0;0;0;-1;0;268073437;268085764;217776
731;5.52529e-15;-13;1647;13979;12017.8;1;376;-2.14748e+09;-5.2142e+07;-1;0;0;0;-1;0;270123074;270135864;225296
732;5.52529e-15;-14;1647;13979;12017.8;1;376;-2.14748e+09;-5.16013e+07;0;0;0;0;0;0;272166054;272179319;233003
733;5.52529e-15;-15;1647;13979;12017.8;1;376;-2.14748e+09;-5.10696e+07;0;0;0;0;0;0;274202342;274216097;240901
734;5.52529e-15;-15;1647;13979;12017.8;1;376;-2.14748e+09;-5.05468e+07;-1;0;0;0;-1;0;276231911;276246169;248991
735;5.52529e-15;-16;1647;13979;12017.8;1;376;-2.14748e+09;-5.00328e+07;0;0;0;0;0;0;278254734;278269508;257276
736;5.52529e-15;-16;1647;13979;12017.8;1;376;-2.14748e+09;-4.95273e+07;-1;0;0;0;-1;0;280270783;280286089;265760
737;5.52529e-15;-16;1647;13979;12017.8;1;376;-2.14748e+09;-4.903e+07;-1;0;0;0;-1;0;282280035;282295887;274443
738;5.52529e-15;-17;1647;13979;12017.8;1;376;-2.14748e+09;-4.85408e+07;0;0;0;0;0;0;284282468;284298878;283329
739;5.52529e-15;-17;1647;13979;12017.8;1;376;-2.14748e+09;-4.80597e+07;-1;0;0;0;-1;0;286278063;286295049;292420
740;5.52529e-15;-17;1647;13979;12017.8;1;376;-2.14748e+09;-4.75864e+07;-1;0;0;0;-1;0;288266801;288284379;301719
741;5.52529e-15;-18;1647;13979;12017.8;1;376;-2.14748e+09;-4.71205e+07;0;0;0;0;0;0;290248665;290266850;311229
742;5.52529e-15;-18;1647;13979;12017.8;1;376;-2.14748e+09;-4.66622e+07;-1;0;0;0;-1;0;292223641;292242449;320950
743;5.52529e-15;-19;1647;13979;12017.8;1;376;-2.14748e+09;-4.62113e+07;0;0;0;0;0;0;294191715;294211162;330887
744;5.52529e-15;-20;1647;13979;12017.8;1;376;-2.14748e+09;-4.57675e+07;0;0;0;0;0;0;296152873;296172978;341042
745;5.52529e-15;-20;1647;13979;12017.8;1;376;-2.14748e+09;-4.53306e+07;-1;0;0;0;-1;0;298107108;298127886;351416
746;5.52529e-15;-21;1647;13979;12017.8;1;376;-2.14748e+09;-4.49005e+07;0;0;0;0;0;0;300054410;300075878;362013
747;5.52529e-15;-22;1647;13979;12017.8;1;376;-2.14748e+09;-4.44772e+07;0;0;0;0;0;0;301994767;302016944;372834
748;5.52529e-15;-23;1647;13979;12017.8;1;376;-2.14748e+09;-4.40603e+07;0;0;0;0;0;0;303928179;303951082;383883
749;5.52529e-15;-24;1647;13979;12017.8;1;376;-2.14748e+09;-4.36499e+07;0;0;0;0;0;0;305854640;305878286;395161
750;5.52529e-15;-25;1647;13979;12017.8;1;376;-2.14748e+09;-4.32458e+07;0;0;0;0;0;0;307774146;307798553;406670
751;5.52529e-15;-25;1647;13979;12017.8;1;376;-2.14748e+09;-4.28479e+07;-1;0;0;0;-1;0;309686695;309711880;418414
752;5.52529e-15;-25;1647;13979;12017.8;1;376;-2.14748e+09;-4.2456e+07;-1;0;0;0;-1;0;311592283;311618267;430393
753;5.52529e-15;-25;1647;13979;12017.8;1;376;-2.14748e+09;-4.207e+07;-1;0;0;0;-1;0;313490914;313517714;442612
754;5.52529e-15;-26;1647;13979;12017.8;1;376;-2.14748e+09;-4.16897e+07;0;0;0;0;0;0;315382586;315410217;455071
755;5.52529e-15;-27;1647;13979;12017.8;1;376;-2.14748e+09;-4.13152e+07;0;0;0;0;0;0;317267301;317295789;467773
756;5.52529e-15;-28;1647;13979;12017.8;1;376;-2.14748e+09;-4.09463e+07;0;0;0;0;0;0;319145064;319174428;480720
757;5.52529e-15;-29;1647;13979;12017.8;1;376;-2.14748e+09;-4.05827e+07;0;0;0;0;0;0;321015878;321046139;493915
758;5.52529e-15;-30;1647;13979;12017.8;1;376;-2.14748e+09;-4.02244e+07;0;0;0;0;0;0;322879747;322910924;507359
759;5.52529e-15;-31;1647;13979;12017.8;1;376;-2.14748e+09;-3.98714e+07;0;0;0;0;0;0;324736679;324768794;521055
760;5.52529e-15;-31;1647;13979;12017.8;1;376;-2.14748e+09;-3.95235e+07;-1;0;0;0;-1;0;326586680;326619755;535005
761;5.52529e-15;-31;1647;13979;12017.8;1;376;-2.14748e+09;-3.91807e+07;-1;0;0;0;-1;0;328429759;328463815;549210
762;5.52529e-15;-32;1647;13979;12017.8;1;376;-2.14748e+09;-3.88428e+07;0;0;0;0;0;0;330265925;330300982;563674
763;5.52529e-15;-32;1647;13979;12017.8;1;376;-2.14748e+09;-3.85098e+07;-1;0;0;0;-1;0;332095186;332131267;578397
764;5.52529e-15;-33;1647;13979;12017.8;1;376;-2.14748e+09;-3.81814e+07;0;0;0;0;0;0;333917553;333954680;593382
765;5.52529e-15;-34;1647;13979;12017.8;1;376;-2.14748e+09;-3.78576e+07;0;0;0;0;0;0;335733037;335771229;608631
766;5.52529e-15;-34;1647;13979;12017.8;1;376;-2.14748e+09;-3.75384e+07;-1;0;0;0;-1;0;337541650;337580934;624146
767;5.52529e-15;-35;1647;13979;12017.8;1;376;-2.14748e+09;-3.72238e+07;0;0;0;0;0;0;339343403;339383802;639929
768;5.52529e-15;-35;1647;13979;12017.8;1;376;-2.14748e+09;-3.69134e+07;0;0;-1;0;0;-1;341138311;341179849;655982
769;5.52529e-15;-35;1647;13979;12017.8;1;376;-2.14748e+09;-3.66073e+07;-1;0;0;0;-1;0;342926388;342969088;672306
770;5.52529e-15;-36;1647;13979;12017.8;1;376;-2.14748e+09;-3.63056e+07;0;0;0;0;0;0;344707647;344751533;688904
771;5.52529e-15;-36;1647;13979;12017.8;1;376;-2.14748e+09;-3.60078e+07;-1;0;0;0;-1;0;346482103;346527201;705776
772;5.52529e-15;-36;1647;13979;12017.8;1;376;-2.14748e+09;-3.57142e+07;-1;0;0;0;-1;0;348249773;348296107;722926
773;5.52529e-15;-37;1647;13979;12017.8;1;376;-2.14748e+09;-3.54247e+07;0;0;0;0;0;0;350010673;350058267;740355
774;5.52529e-15;-38;1647;13979;12017.8;1;376;-2.14748e+09;-3.51389e+07;0;0;0;0;0;0;351764818;351813700;758065
775;5.52529e-15;-39;1647;13979;12017.8;1;376;-2.14748e+09;-3.4857e+07;0;0;0;0;0;0;353512228;353562421;776057
776;5.52529e-15;-40;1647;13979;12017.8;1;376;-2.14748e+09;-3.45789e+07;0;0;0;0;0;0;355252919;355304449;794333
777;5.52529e-15;-40;1647;13979;12017.8;1;376;-2.14748e+09;-3.43044e+07;-1;0;0;0;-1;0;356986909;357039803;812894
778;5.52529e-15;-41;1647;13979;12017.8;1;376;-2.14748e+09;-3.40336e+07;0;0;0;0;0;0;358714217;358768499;831743
779;5.52529e-15;-42;1647;13979;12017.8;1;376;-2.14748e+09;-3.37664e+07;0;0;0;0;0;0;360434863;360490563;850881
780;5.52529e-15;-43;1647;13979;12017.8;1;376;-2.14748e+09;-3.35026e+07;0;0;0;0;0;0;362148866;362206008;870309
781;5.52529e-15;-44;1647;13979;12017.8;1;376;-2.14748e+09;-3.32423e+07;0;0;0;0;0;0;363856245;363914861;890030
782;5.52529e-15;-45;1647;13979;12017.8;1;376;-2.14748e+09;-3.29854e+07;0;0;0;0;0;0;365557022;365617139;910044
783;5.52529e-15;-45;1647;13979;12017.8;1;376;-2.14748e+09;-3.27317e+07;-1;0;0;0;-1;0;367251217;367312864;930353
784;5.52529e-15;-46;1647;13979;12017.8;1;376;-2.14748e+09;-3.24814e+07;0;0;0;0;0;0;368938851;369002055;950959
785;5.52529e-15;-46;1647;13979;12017.8;1;376;-2.14748e+09;-3.22342e+07;-1;0;0;0;-1;0;370619945;370684736;971863
786;5.52529e-15;-47;1647;13979;12017.8;1;376;-2.14748e+09;-3.19903e+07;0;0;0;0;0;0;372294521;372360929;993066
787;5.52529e-15;-48;1647;13979;12017.8;1;376;-2.14748e+09;-3.17492e+07;0;0;0;0;0;0;373962601;374030654;1014570
788;5.52529e-15;-48;1647;13979;12017.8;1;376;-2.14748e+09;-3.15114e+07;-1;0;0;0;-1;0;375624207;375693936;1036377
789;5.52529e-15;-49;1647;13979;12017.8;1;376;-2.14748e+09;-3.12765e+07;0;0;0;0;0;0;377279363;377350797;1058486
790;5.52529e-15;-49;1647;13979;12017.8;1;376;-2.14748e+09;-3.10444e+07;-1;0;0;0;-1;0;378928090;379001260;1080901
791;5.52529e-15;-50;1647;13979;12017.8;1;376;-2.14748e+09;-3.08153e+07;0;0;0;0;0;0;380570412;380645349;1103622
792;5.52529e-15;-51;1647;13979;12017.8;1;376;-2.14748e+09;-3.05891e+07;0;0;0;0;0;0;382206352;382283086;1126650
793;5.52529e-15;-52;1647;13979;12017.8;1;376;-2.14748e+09;-3.03654e+07;0;0;0;0;0;0;383835934;383914497;1149986
794;5.52529e-15;-53;1647;13979;12017.8;1;376;-2.14748e+09;-3.01446e+07;0;0;0;0;0;0;385459182;385539605;1173632
795;5.52529e-15;-53;1647;13979;12017.8;1;376;-2.14748e+09;-2.99265e+07;-1;0;0;0;-1;0;387076119;387158435;1197589
796;5.52529e-15;-54;1647;13979;12017.8;1;376;-2.14748e+09;-2.97112e+07;0;0;0;0;0;0;388686769;388771010;1221858
797;5.52529e-15;-55;1647;13979;12017.8;1;376;-2.14748e+09;-2.94982e+07;0;0;0;0;0;0;390291158;390377356;1246440
798;5.52529e-15;-56;1647;13979;12017.8;1;376;-2.14748e+09;-2.92879e+07;0;0;0;0;0;0;391889309;391977498;1271336
799;5.52529e-15;-56;1647;13979;12017.8;1;376;-2.14748e+09;-2.90801e+07;-1;0;0;0;-1;0;393481247;393571459;1296548
800;5.52529e-15;-57;1647;13979;12017.8;1;376;-2.14748e+09;-2.88747e+07;0;0;0;0;0;0;395066997;395159266;1322075
801;5.52529e-15;-57;1647;13979;12017.8;1;376;-2.14748e+09;-2.86719e+07;-1;0;0;0;-1;0;396646584;396740944;1347920
802;5.52529e-15;-57;1647;13979;12017.8;1;376;-2.14748e+09;-2.84713e+07;-1;0;0;0;-1;0;398220032;398316518;1374083
803;5.52529e-15;-58;1647;13979;12017.8;1;376;-2.14748e+09;-2.82731e+07;0;0;0;0;0;0;399787368;399886013;1400565
804;5.52529e-15;-58;1647;13979;12017.8;1;376;-2.14748e+09;-2.80773e+07;-1;0;0;0;-1;0;401348616;401449456;1427367
805;5.52529e-15;-58;1647;13979;12017.8;1;376;-2.14748e+09;-2.78837e+07;-1;0;0;0;-1;0;402903802;403006871;1454489
806;5.52529e-15;-59;1647;13979;12017.8;1;376;-2.14748e+09;-2.76923e+07;0;0;0;0;0;0;404452951;404558285;1481934
807;5.52529e-15;-59;1647;13979;12017.8;1;376;-2.14748e+09;-2.75033e+07;-1;0;0;0;-1;0;405996089;406103724;1509700
808;5.52529e-15;-60;1647;13979;12017.8;1;376;-2.14748e+09;-2.73162e+07;0;0;0;0;0;0;407533241;407643213;1537790
809;5.52529e-15;-60;1647;13979;12017.8;1;376;-2.14748e+09;-2.71313e+07;-1;0;0;0;-1;0;409064433;409176778;1566204
810;5.52529e-15;-60;1647;13979;12017.8;1;376;-2.14748e+09;-2.69485e+07;-1;0;0;0;-1;0;410589692;410704447;1594943
811;5.52529e-15;-60;1647;13979;12017.8;1;376;-2.14748e+09;-2.67678e+07;-1;0;0;0;-1;0;412109042;412226243;1624007
812;5.52529e-15;-61;1647;13979;12017.8;1;376;-2.14748e+09;-2.65892e+07;0;0;0;0;0;0;413622509;413742195;1653397
813;5.52529e-15;-61;1647;13979;12017.8;1;376;-2.14748e+09;-2.64125e+07;-1;0;0;0;-1;0;415130121;415252328;1683114
814;5.52529e-15;-61;1647;13979;12017.8;1;376;-2.14748e+09;-2.62378e+07;-1;0;0;0;-1;0;416631901;416756668;1713158
815;5.52529e-15;-61;1647;13979;12017.8;1;376;-2.14748e+09;-2.60651e+07;-1;0;0;0;-1;0;418127878;418255242;1743530
816;5.52529e-15;-62;1647;13979;12017.8;1;376;-2.14748e+09;-2.58941e+07;0;0;0;0;0;0;419618075;419748076;1774231
817;5.52529e-15;-62;1647;13979;12017.8;1;376;-2.14748e+09;-2.57251e+07;-1;0;0;0;-1;0;421102521;421235197;1805260
818;5.52529e-15;-63;1647;13979;12017.8;1;376;-2.14748e+09;-2.5558e+07;0;0;0;0;0;0;422581239;422716630;1836619
819;5.52529e-15;-63;1647;13979;12017.8;1;376;-2.14748e+09;-2.53927e+07;-1;0;0;0;-1;0;424054258;424192402;1868308
820;5.52529e-15;-63;1647;13979;12017.8;1;376;-2.14748e+09;-2.52293e+07;-1;0;0;0;-1;0;425521602;425662539;1900328
821;5.52529e-15;-64;1647;13979;12017.8;1;376;-2.14748e+09;-2.50674e+07;0;0;0;0;0;0;426983297;427127068;1932678
822;5.52529e-15;-65;1647;13979;12017.8;1;376;-2.14748e+09;-2.49074e+07;0;0;0;0;0;0;428439370;428586015;1965360
823;5.52529e-15;-65;1647;13979;12017.8;1;376;-2.14748e+09;-2.47491e+07;-1;0;0;0;-1;0;429889847;430039407;1998373
824;5.52529e-15;-66;1647;13979;12017.8;1;376;-2.14748e+09;-2.45925e+07;0;0;0;0;0;0;431334754;431487269;2031719
825;5.52529e-15;-67;1647;13979;12017.8;1;376;-2.14748e+09;-2.44375e+07;0;0;0;0;0;0;432774116;432929628;2065396
826;5.52529e-15;-67;1647;13979;12017.8;1;376;-2.14748e+09;-2.42841e+07;-1;0;0;0;-1;0;434207960;434366510;2099407
827;5.52529e-15;-68;1647;13979;12017.8;1;376;-2.14748e+09;-2.41324e+07;0;0;0;0;0;0;435636312;435797942;2133750
828;5.52529e-15;-69;1647;13979;12017.8;1;376;-2.14748e+09;-2.39824e+07;0;0;0;0;0;0;437059197;437223949;2168426
829;5.52529e-15;-70;1647;13979;12017.8;1;376;-2.14748e+09;-2.38337e+07;0;0;0;0;0;0;438476641;438644557;2203436
830;5.52529e-15;-70;1647;13979;12017.8;1;376;-2.14748e+09;-2.36867e+07;-1;0;0;0;-1;0;439888670;440059794;2238779
831;5.52529e-15;-70;1647;13979;12017.8;1;376;-2.14748e+09;-2.35413e+07;-1;0;0;0;-1;0;441295310;441469684;2274456
832;5.52529e-15;-70;1647;13979;12017.8;1;376;-2.14748e+09;-2.33972e+07;-1;0;0;0;-1;0;442696587;442874255;2310467
833;5.52529e-15;-71;1647;13979;12017.8;1;376;-2.14748e+09;-2.32547e+07;0;0;0;0;0;0;444092525;444273531;2346812
834;5.52529e-15;-72;1647;13979;12017.8;1;376;-2.14748e+09;-2.31137e+07;0;0;0;0;0;0;445483152;445667538;2383491
835;5.52529e-15;-73;1647;13979;12017.8;1;376;-2.14748e+09;-2.2974e+07;0;0;0;0;0;0;446868492;447056303;2420504
836;5.52529e-15;-73;1647;13979;12017.8;1;376;-2.14748e+09;-2.28357e+07;-1;0;0;0;-1;0;448248570;448439852;2457851
837;5.52529e-15;-73;1647;13979;12017.8;1;376;-2.14748e+09;-2.2699e+07;-1;0;0;0;-1;0;449623413;449818209;2495533
838;5.52529e-15;-73;1647;13979;12017.8;1;376;-2.14748e+09;-2.25634e+07;-1;0;0;0;-1;0;450993045;451191401;2533549
839;5.52529e-15;-73;1647;13979;12017.8;1;376;-2.14748e+09;-2.24293e+07;-1;0;0;0;-1;0;452357493;452559453;2571899
840;5.52529e-15;-73;1647;13979;12017.8;1;376;-2.14748e+09;-2.22965e+07;-1;0;0;0;-1;0;453716780;453922391;2610583
841;5.52529e-15;-73;1647;13979;12017.8;1;376;-2.14748e+09;-2.21652e+07;-1;0;0;0;-1;0;455070933;455280240;2649602
842;5.52529e-15;-74;1647;13979;12017.8;1;376;-2.14748e+09;-2.2035e+07;0;0;0;0;0;0;456419975;456633025;2688954
843;5.52529e-15;-74;1647;13979;12017.8;1;376;-2.14748e+09;-2.1906e+07;-1;0;0;0;-1;0;457763934;457980772;2728641
844;5.52529e-15;-74;1647;13979;12017.8;1;376;-2.14748e+09;-2.17784e+07;-1;0;0;0;-1;0;459102832;459323506;2768661
845;5.52529e-15;-75;1647;13979;12017.8;1;376;-2.14748e+09;-2.16521e+07;0;0;0;0;0;0;460436695;460661252;2809015
846;5.52529e-15;-75;1647;13979;12017.8;1;376;-2.14748e+09;-2.15269e+07;-1;0;0;0;-1;0;461765548;461994034;2849703
847;5.52529e-15;-75;1647;13979;12017.8;1;376;-2.14748e+09;-2.1403e+07;-1;0;0;0;-1;0;463089415;463321879;2890723
848;5.52529e-15;-76;1647;13979;12017.8;1;376;-2.14748e+09;-2.12802e+07;0;0;0;0;0;0;464408321;464644810;2932077
849;5.52529e-15;-77;1647;13979;12017.8;1;376;-2.14748e+09;-2.11587e+07;0;0;0;0;0;0;465722291;465962853;2973764
850;5.52529e-15;-78;1647;13979;12017.8;1;376;-2.14748e+09;-2.10383e+07;0;0;0;0;0;0;467031348;467276032;3015783
851;5.52529e-15;-78;1647;13979;12017.8;1;376;-2.14748e+09;-2.0919e+07;-1;0;0;0;-1;0;468335518;468584372;3058135
852;5.52529e-15;-78;1647;13979;12017.8;1;376;-2.14748e+09;-2.08009e+07;-1;0;0;0;-1;0;469634823;469887897;3100818
853;5.52529e-15;-78;1647;13979;12017.8;1;376;-2.14748e+09;-2.06839e+07;-1;0;0;0;-1;0;470929289;471186631;3143833
854;5.52529e-15;-79;1647;13979;12017.8;1;376;-2.14748e+09;-2.05679e+07;0;0;0;0;0;0;472218940;472480599;3187180
855;5.52529e-15;-80;1647;13979;12017.8;1;376;-2.14748e+09;-2.04531e+07;0;0;0;0;0;0;473503799;473769825;3230858
856;5.52529e-15;-81;1647;13979;12017.8;1;376;-2.14748e+09;-2.03394e+07;0;0;0;0;0;0;474783890;475054334;3274866
857;5.52529e-15;-82;1647;13979;12017.8;1;376;-2.14748e+09;-2.02267e+07;0;0;0;0;0;0;476059236;476334148;3319204
858;5.52529e-15;-82;1647;13979;12017.8;1;376;-2.14748e+09;-2.0115e+07;-1;0;0;0;-1;0;477329862;477609292;3363873
859;5.52529e-15;-83;1647;13979;12017.8;1;376;-2.14748e+09;-2.00044e+07;0;0;0;0;0;0;478595792;478879789;3408870
860;5.52529e-15;-83;1647;13979;12017.8;1;376;-2.14748e+09;-1.98948e+07;-1;0;0;0;-1;0;479857047;480145664;3454197
861;5.52529e-15;-84;1647;13979;12017.8;1;376;-2.14748e+09;-1.97862e+07;0;0;0;0;0;0;481113652;481406940;3499852
862;5.52529e-15;-84;1647;13979;12017.8;1;376;-2.14748e+09;-1.96786e+07;-1;0;0;0;-1;0;482365630;482663640;3545835
863;5.52529e-15;-84;1647;13979;12017.8;1;376;-2.14748e+09;-1.95719e+07;-1;0;0;0;-1;0;483613004;483915788;3592145
864;5.52529e-15;-85;1647;13979;12017.8;1;376;-2.14748e+09;-1.94663e+07;0;0;0;0;0;0;484855796;485163407;3638783
865;5.52529e-15;-85;1647;13979;12017.8;1;376;-2.14748e+09;-1.93616e+07;-1;0;0;0;-1;0;486094031;486406520;3685746
866;5.52529e-15;-85;1647;13979;12017.8;1;376;-2.14748e+09;-1.92578e+07;-1;0;0;0;-1;0;487327730;487645149;3733036
867;5.52529e-15;-86;1647;13979;12017.8;1;376;-2.14748e+09;-1.9155e+07;0;0;0;0;0;0;488556917;488879319;3780651
868;5.52529e-15;-87;1647;13979;12017.8;1;376;-2.14748e+09;-1.9053e+07;0;0;0;0;0;0;489781613;490109051;3828591
869;5.52529e-15;-88;1647;13979;12017.8;1;376;-2.14748e+09;-1.89519e+07;0;0;0;0;0;0;491001841;491334369;3876854
870;5.52529e-15;-88;1647;13979;12017.8;1;376;-2.14748e+09;-1.88518e+07;-1;0;0;0;-1;0;492217624;492555295;3925441
871;5.52529e-15;-88;1647;13979;12017.8;1;376;-2.14748e+09;-1.87527e+07;-1;0;0;0;-1;0;493428984;493771851;3974351
872;5.52529e-15;-88;1647;13979;12017.8;1;376;-2.14748e+09;-1.86542e+07;-1;0;0;0;-1;0;494635943;494984060;4023583
873;5.52529e-15;-89;1647;13979;12017.8;1;376;-2.14748e+09;-1.85566e+07;0;0;0;0;0;0;495838523;496191944;4073137
874;5.52529e-15;-89;1647;13979;12017.8;1;376;-2.14748e+09;-1.846e+07;-1;0;0;0;-1;0;497036746;497395526;4123011
875;5.52529e-15;-89;1647;13979;12017.8;1;376;-2.14748e+09;-1.83641e+07;-1;0;0;0;-1;0;498230633;498594826;4173206
876;5.52529e-15;-89;1647;13979;12017.8;1;376;-2.14748e+09;-1.82691e+07;-1;0;0;0;-1;0;499420207;499789868;4223720
877;5.52529e-15;-90;1647;13979;12017.8;1;376;-2.14748e+09;-1.8175e+07;0;0;0;0;0;0;500605489;500980672;4274552
878;5.52529e-15;-91;1647;13979;12017.8;1;376;-2.14748e+09;-1.80816e+07;0;0;0;0;0;0;501786500;502167262;4325703
879;5.52529e-15;-92;1647;13979;12017.8;1;376;-2.14748e+09;-1.79891e+07;0;0;0;0;0;0;502963261;503349657;4377170
880;5.52529e-15;-93;1647;13979;12017.8;1;376;-2.14748e+09;-1.78972e+07;0;0;0;0;0;0;504135795;504527880;4428954
881;5.52529e-15;-93;1647;13979;12017.8;1;376;-2.14748e+09;-1.78062e+07;-1;0;0;0;-1;0;505304121;505701952;4481054
882;5.52529e-15;-93;1647;13979;12017.8;1;376;-2.14748e+09;-1.77161e+07;-1;0;0;0;-1;0;506468262;506871894;4533468
883;5.52529e-15;-93;1647;13979;12017.8;1;376;-2.14748e+09;-1.76265e+07;-1;0;0;0;-1;0;507628238;508037727;4586197
884;5.52529e-15;-93;1647;13979;12017.8;1;376;-2.14748e+09;-1.75378e+07;-1;0;0;0;-1;0;508784069;509199473;4639238
885;5.52529e-15;-93;1647;13979;12017.8;1;376;-2.14748e+09;-1.74498e+07;-1;0;0;0;-1;0;509935777;510357152;4692592
886;5.52529e-15;-94;1647;13979;12017.8;1;376;-2.14748e+09;-1.73625e+07;0;0;0;0;0;0;511083382;511510785;4746258
887;5.52529e-15;-95;1647;13979;12017.8;1;376;-2.14748e+09;-1.7276e+07;0;0;0;0;0;0;512226905;512660392;4800234
888;5.52529e-15;-95;1647;13979;12017.8;1;376;-2.14748e+09;-1.71903e+07;-1;0;0;0;-1;0;513366365;513805994;4854519
889;5.52529e-15;-95;1647;13979;12017.8;1;376;-2.14748e+09;-1.71051e+07;-1;0;0;0;-1;0;514501783;514947612;4909114
890;5.52529e-15;-96;1647;13979;12017.8;1;376;-2.14748e+09;-1.70208e+07;0;0;0;0;0;0;515633179;516085266;4964016
891;5.52529e-15;-97;1647;13979;12017.8;1;376;-2.14748e+09;-1.6937e+07;0;0;0;0;0;0;516760573;517218976;5019226
892;5.52529e-15;-97;1647;13979;12017.8;1;376;-2.14748e+09;-1.68541e+07;-1;0;0;0;-1;0;517883986;518348763;5074741
893;5.52529e-15;-98;1647;13979;12017.8;1;376;-2.14748e+09;-1.67717e+07;0;0;0;0;0;0;519003436;519474645;5130562
894;5.52529e-15;-99;1647;13979;12017.8;1;376;-2.14748e+09;-1.66899e+07;0;0;0;0;0;0;520118944;520596644;5186687
895;5.52529e-15;-100;1647;13979;12017.8;1;376;-2.14748e+09;-1.66089e+07;0;0;0;0;0;0;521230528;521714778;5243115
896;5.52529e-15;-100;1647;13979;12017.8;1;376;-2.14748e+09;-1.65285e+07;-1;0;0;0;-1;0;522338210;522829068;5299846
897;5.52529e-15;-100;1647;13979;12017.8;1;376;-2.14748e+09;-1.64488e+07;-1;0;0;0;-1;0;523442007;523939532;5356878
898;5.52529e-15;-101;1647;13979;12017.8;1;376;-2.14748e+09;-1.63697e+07;0;0;0;0;0;0;524541939;525046191;5414210
899;5.52529e-15;-101;1647;13979;12017.8;1;376;-2.14748e+09;-1.62913e+07;-1;0;0;0;-1;0;525638025;526149064;5471842
900;5.52529e-15;-102;1647;13979;12017.8;1;376;-2.14748e+09;-1.62134e+07;0;0;0;0;0;0;526730284;527248169;5529772
901;5.52529e-15;-103;1647;13979;12017.8;1;376;-2.14748e+09;-1.61362e+07;0;0;0;0;0;0;527818736;528343527;5587999
902;5.52529e-15;-103;1647;13979;12017.8;1;376;-2.14748e+09;-1.60596e+07;-1;0;0;0;-1;0;528903398;529435155;5646523
903;5.52529e-15;-103;1647;13979;12017.8;1;376;-2.14748e+09;-1.59836e+07;-1;0;0;0;-1;0;529984291;530523073;5705342
904;5.52529e-15;-103;1647;13979;12017.8;1;376;-2.14748e+09;-1.59082e+07;-1;0;0;0;-1;0;531061431;531607300;5764455
905;5.52529e-15;-104;1647;13979;12017.8;1;376;-2.14748e+09;-1.58334e+07;0;0;0;0;0;0;532134838;532687854;5823861
906;5.52529e-15;-104;1647;13979;12017.8;1;376;-2.14748e+09;-1.57592e+07;-1;0;0;0;-1;0;533204529;533764753;5883559
907;5.52529e-15;-105;1647;13979;12017.8;1;376;-2.14748e+09;-1.56856e+07;0;0;0;0;0;0;534270524;534838017;5943548
908;5.52529e-15;-105;1647;13979;12017.8;1;376;-2.14748e+09;-1.56124e+07;-1;0;0;0;-1;0;535332841;535907663;6003828
909;5.52529e-15;-106;1647;13979;12017.8;1;376;-2.14748e+09;-1.554e+07;0;0;0;0;0;0;536391497;536973710;6064396
910;5.52529e-15;-107;1647;13979;12017.8;1;376;-2.14748e+09;-1.54679e+07;0;0;0;0;0;0;537446510;538036176;6125252
911;5.52529e-15;-108;1647;13979;12017.8;1;376;-2.14748e+09;-1.53966e+07;0;0;0;0;0;0;538497899;539095078;6186394
912;5.52529e-15;-109;1647;13979;12017.8;1;376;-2.14748e+09;-1.53256e+07;0;0;0;0;0;0;539545680;540150435;6247822
913;5.52529e-15;-110;1647;13979;12017.8;1;376;-2.14748e+09;-1.52553e+07;0;0;0;0;0;0;540589872;541202265;6309535
914;5.52529e-15;-110;1647;13979;12017.8;1;376;-2.14748e+09;-1.51856e+07;-1;0;0;0;-1;0;541630493;542250584;6371531
915;5.52529e-15;-111;1647;13979;12017.8;1;376;-2.14748e+09;-1.51163e+07;0;0;0;0;0;0;542667558;543295411;6433809
916;5.52529e-15;-111;1647;13979;12017.8;1;376;-2.14748e+09;-1.50476e+07;-1;0;0;0;-1;0;543701087;544336764;6496368
917;5.52529e-15;-112;1647;13979;12017.8;1;376;-2.14748e+09;-1.49792e+07;0;0;0;0;0;0;544731095;545374658;6559206
918;5.52529e-15;-113;1647;13979;12017.8;1;376;-2.14748e+09;-1.49115e+07;0;0;0;0;0;0;545757601;546409113;6622324
919;5.52529e-15;-113;1647;13979;12017.8;1;376;-2.14748e+09;-1.48443e+07;-1;0;0;0;-1;0;546780621;547440144;6685719
920;5.52529e-15;-114;1647;13979;12017.8;1;376;-2.14748e+09;-1.47777e+07;0;0;0;0;0;0;547800172;548467770;6749391
921;5.52529e-15;-114;1647;13979;12017.8;1;376;-2.14748e+09;-1.47113e+07;-1;0;0;0;-1;0;548816270;549492006;6813337
922;5.52529e-15;-115;1647;13979;12017.8;1;376;-2.14748e+09;-1.46456e+07;0;0;0;0;0;0;549828934;550512870;6877558
923;5.52529e-15;-116;1647;13979;12017.8;1;376;-2.14748e+09;-1.45803e+07;0;0;0;0;0;0;550838178;551530379;6942052
924;5.52529e-15;-117;1647;13979;12017.8;1;376;-2.14748e+09;-1.45157e+07;0;0;0;0;0;0;551844020;552544548;7006817
925;5.52529e-15;-117;1647;13979;12017.8;1;376;-2.14748e+09;-1.44513e+07;-1;0;0;0;-1;0;552846477;553555395;7071853
926;5.52529e-15;-117;1647;13979;12017.8;1;376;-2.14748e+09;-1.43874e+07;-1;0;0;0;-1;0;553845563;554562937;7137158
927;5.52529e-15;-117;1647;13979;12017.8;1;376;-2.14748e+09;-1.43241e+07;-1;0;0;0;-1;0;554841296;555567188;7202731
928;5.52529e-15;-118;1647;13979;12017.8;1;376;-2.14748e+09;-1.42612e+07;0;0;0;0;0;0;555833692;556568167;7268571
929;5.52529e-15;-118;1647;13979;12017.8;1;376;-2.14748e+09;-1.41987e+07;-1;0;0;0;-1;0;556822767;557565888;7334676
930;5.52529e-15;-118;1647;13979;12017.8;1;376;-2.14748e+09;-1.41367e+07;-1;0;0;0;-1;0;557808536;558560368;7401046
931;5.52529e-15;-118;1647;13979;12017.8;1;376;-2.14748e+09;-1.40752e+07;-1;0;0;0;-1;0;558791016;559551622;7467679
932;5.52529e-15;-118;1647;13979;12017.8;1;376;-2.14748e+09;-1.4014e+07;-1;0;0;0;-1;0;559770222;560539668;7534574
933;5.52529e-15;-119;1647;13979;12017.8;1;376;-2.14748e+09;-1.39534e+07;0;0;0;0;0;0;560746169;561524519;7601730
934;5.52529e-15;-119;1647;13979;12017.8;1;376;-2.14748e+09;-1.38931e+07;-1;0;0;0;-1;0;561718874;562506193;7669145
935;5.52529e-15;-119;1647;13979;12017.8;1;376;-2.14748e+09;-1.38333e+07;-1;0;0;0;-1;0;562688352;563484704;7736819
936;5.52529e-15;-119;1647;13979;12017.8;1;376;-2.14748e+09;-1.37739e+07;-1;0;0;0;-1;0;563654618;564460069;7804749
937;5.52529e-15;-119;1647;13979;12017.8;1;376;-2.14748e+09;-1.3715e+07;-1;0;0;0;-1;0;564617688;565432301;7872935
938;5.52529e-15;-120;1647;13979;12017.8;1;376;-2.14748e+09;-1.36565e+07;0;0;0;0;0;0;565577576;566401418;7941376
939;5.52529e-15;-120;1647;13979;12017.8;1;376;-2.14748e+09;-1.35983e+07;-1;0;0;0;-1;0;566534297;567367433;8010070
940;5.52529e-15;-121;1647;13979;12017.8;1;376;-2.14748e+09;-1.35406e+07;0;0;0;0;0;0;567487868;568330362;8079015
941;5.52529e-15;-121;1647;13979;12017.8;1;376;-2.14748e+09;-1.34831e+07;-1;0;0;0;-1;0;568438301;569290220;8148212
942;5.52529e-15;-122;1647;13979;12017.8;1;376;-2.14748e+09;-1.34262e+07;0;0;0;0;0;0;569385614;570247022;8217657
943;5.52529e-15;-122;1647;13979;12017.8;1;376;-2.14748e+09;-1.33696e+07;-1;0;0;0;-1;0;570329819;571200782;8287351
944;5.52529e-15;-123;1647;13979;12017.8;1;376;-2.14748e+09;-1.33134e+07;0;0;0;0;0;0;571270932;572151516;8357292
945;5.52529e-15;-124;1647;13979;12017.8;1;376;-2.14748e+09;-1.32577e+07;0;0;0;0;0;0;572208966;573099238;8427478
946;5.52529e-15;-124;1647;13979;12017.8;1;376;-2.14748e+09;-1.32024e+07;-1;0;0;0;-1;0;573143938;574043962;8497909
947;5.52529e-15;-125;1647;13979;12017.8;1;376;-2.14748e+09;-1.31474e+07;0;0;0;0;0;0;574075861;574985703;8568583
948;5.52529e-15;-126;1647;13979;12017.8;1;376;-2.14748e+09;-1.30926e+07;0;0;0;0;0;0;575004748;575924476;8639498
949;5.52529e-15;-126;1647;13979;12017.8;1;376;-2.14748e+09;-1.30384e+07;-1;0;0;0;-1;0;575930616;576860294;8710654
950;5.52529e-15;-127;1647;13979;12017.8;1;376;-2.14748e+09;-1.29845e+07;0;0;0;0;0;0;576853477;577793172;8782049
951;5.52529e-15;-127;1647;13979;12017.8;1;376;-2.14748e+09;-1.29309e+07;-1;0;0;0;-1;0;577773345;578723123;8853681
952;5.52529e-15;-128;1647;13979;12017.8;1;376;-2.14748e+09;-1.28777e+07;0;0;0;0;0;0;578690235;579650163;8925551
953;5.52529e-15;-128;1647;13979;12017.8;1;376;-2.14748e+09;-1.2825e+07;-1;0;0;0;-1;0;579604160;580574304;8997655
954;5.52529e-15;-128;1647;13979;12017.8;1;376;-2.14748e+09;-1.27726e+07;-1;0;0;0;-1;0;580515134;581495561;9069994
955;5.52529e-15;-128;1647;13979;12017.8;1;376;-2.14748e+09;-1.27204e+07;0;0;-1;0;0;-1;581423171;582413947;9142565
956;5.52529e-15;-128;1647;13979;12017.8;1;376;-2.14748e+09;-1.26686e+07;-1;0;0;0;-1;0;582328285;583329476;9215367
957;5.52529e-15;-128;1647;13979;12017.8;1;376;-2.14748e+09;-1.26172e+07;-1;0;0;0;-1;0;583230488;584242162;9288400
958;5.52529e-15;-129;1647;13979;12017.8;1;376;-2.14748e+09;-1.25661e+07;0;0;0;0;0;0;584129794;585152017;9361661
959;5.52529e-15;-130;1647;13979;12017.8;1;376;-2.14748e+09;-1.25154e+07;0;0;0;0;0;0;585026218;586059057;9435149
960;5.52529e-15;-130;1647;13979;12017.8;1;376;-2.14748e+09;-1.2465e+07;-1;0;0;0;-1;0;585919771;586963293;9508864
961;5.52529e-15;-131;1647;13979;12017.8;1;376;-2.14748e+09;-1.24149e+07;0;0;0;0;0;0;586810467;587864739;9582804
962;5.52529e-15;-131;1647;13979;12017.8;1;376;-2.14748e+09;-1.23651e+07;-1;0;0;0;-1;0;587698319;588763408;9656967
963;5.52529e-15;-132;1647;13979;12017.8;1;376;-2.14748e+09;-1.23158e+07;0;0;0;0;0;0;588583340;589659314;9731352
964;5.52529e-15;-132;1647;13979;12017.8;1;376;-2.14748e+09;-1.22665e+07;-1;0;0;0;-1;0;589465544;590552469;9805958
965;5.52529e-15;-132;1647;13979;12017.8;1;376;-2.14748e+09;-1.22179e+07;-1;0;0;0;-1;0;590344943;591442886;9880784
966;5.52529e-15;-133;1647;13979;12017.8;1;376;-2.14748e+09;-1.21693e+07;0;0;0;0;0;0;591221549;592330578;9955828
967;5.52529e-15;-134;1647;13979;12017.8;1;376;-2.14748e+09;-1.21212e+07;0;0;0;0;0;0;592095376;593215558;10031088
968;5.52529e-15;-134;1647;13979;12017.8;1;376;-2.14748e+09;-1.20733e+07;-1;0;0;0;-1;0;592966436;594097838;10106565
969;5.52529e-15;-135;1647;13979;12017.8;1;376;-2.14748e+09;-1.20257e+07;0;0;0;0;0;0;593834742;594977432;10182256
970;5.52529e-15;-136;1647;13979;12017.8;1;376;-2.14748e+09;-1.19785e+07;0;0;0;0;0;0;594700306;595854351;10258159
971;5.52529e-15;-136;1647;13979;12017.8;1;376;-2.14748e+09;-1.19316e+07;-1;0;0;0;-1;0;595563141;596728608;10334275
972;5.52529e-15;-137;1647;13979;12017.8;1;376;-2.14748e+09;-1.1885e+07;0;0;0;0;0;0;596423258;597600216;10410600
973;5.52529e-15;-138;1647;13979;12017.8;1;376;-2.14748e+09;-1.18386e+07;0;0;0;0;0;0;597280671;598469187;10487135
974;5.52529e-15;-139;1647;13979;12017.8;1;376;-2.14748e+09;-1.17925e+07;0;0;0;0;0;0;598135391;599335532;10563878
975;5.52529e-15;-139;1647;13979;12017.8;1;376;-2.14748e+09;-1.17468e+07;-1;0;0;0;-1;0;598987431;600199265;10640827
976;5.52529e-15;-140;1647;13979;12017.8;1;376;-2.14748e+09;-1.17013e+07;0;0;0;0;0;0;599836802;601060396;10717981
977;5.52529e-15;-141;1647;13979;12017.8;1;376;-2.14748e+09;-1.16561e+07;0;0;0;0;0;0;600683517;601918939;10795338
978;5.52529e-15;-141;1647;13979;12017.8;1;376;-2.14748e+09;-1.16113e+07;-1;0;0;0;-1;0;601527587;602774905;10872898
979;5.52529e-15;-141;1647;13979;12017.8;1;376;-2.14748e+09;-1.15666e+07;-1;0;0;0;-1;0;602369025;603628306;10950660
980;5.52529e-15;-142;1647;13979;12017.8;1;376;-2.14748e+09;-1.15224e+07;0;0;0;0;0;0;603207841;604479154;11028621
981;5.52529e-15;-142;1646;13979;12017.8;1;376;-2.14748e+09;-1.14782e+07;0;0;0;0;0;0;604044048;605327460;11106781
982;5.52529e-15;-143;1646;13979;12017.8;1;376;-2.14748e+09;-1.14344e+07;0;0;0;0;0;0;604877658;606173237;11185138
983;5.52529e-15;-143;1646;13979;12017.8;1;376;-2.14748e+09;-1.13909e+07;-1;0;0;0;-1;0;605708681;607016495;11263690
984;5.52529e-15;-144;1646;13979;12017.8;1;376;-2.14748e+09;-1.13477e+07;0;0;0;0;0;0;606537130;607857246;11342438
985;5.52529e-15;-145;1646;13979;12017.8;1;376;-2.14748e+09;-1.13046e+07;0;0;0;0;0;0;607363015;608695501;11421378
986;5.52529e-15;-145;1646;13979;12017.8;1;376;-2.14748e+09;-1.12619e+07;-1;0;0;0;-1;0;608186348;609531273;11500511
987;5.52529e-15;-146;1646;13979;12017.8;1;376;-2.14748e+09;-1.12195e+07;0;0;0;0;0;0;609007140;610364571;11579834
988;5.52529e-15;-147;1646;13979;12017.8;1;376;-2.14748e+09;-1.11773e+07;0;0;0;0;0;0;609825403;611195408;11659347
989;5.52529e-15;-147;1646;13979;12017.8;1;376;-2.14748e+09;-1.11352e+07;-1;0;0;0;-1;0;610641148;612023795;11739047
990;5.52529e-15;-147;1646;13979;12017.8;1;376;-2.14748e+09;-1.10935e+07;-1;0;0;0;-1;0;611454385;612849742;11818935
991;5.52529e-15;-148;1646;13979;12017.8;1;376;-2.14748e+09;-1.10521e+07;0;0;0;0;0;0;612265126;613673261;11899008
992;5.52529e-15;-148;1646;13979;12017.8;1;376;-2.14748e+09;-1.10109e+07;-1;0;0;0;-1;0;613073382;614494362;11979265
993;5.52529e-15;-148;1646;13979;12017.8;1;376;-2.14748e+09;-1.09699e+07;-1;0;0;0;-1;0;613879163;615313057;12059704
994;5.52529e-15;-149;1646;13979;12017.8;1;376;-2.14748e+09;-1.09292e+07;0;0;0;0;0;0;614682481;616129356;12140326
995;5.52529e-15;-149;1646;13979;12017.8;1;376;-2.14748e+09;-1.08888e+07;-1;0;0;0;-1;0;615483345;616943270;12221127
996;5.52529e-15;-149;1646;13979;12017.8;1;376;-2.14748e+09;-1.08486e+07;-1;0;0;0;-1;0;616281768;617754809;12302108
997;5.52529e-15;-150;1646;13979;12017.8;1;376;-2.14748e+09;-1.08086e+07;0;0;0;0;0;0;617077758;618563985;12383266
998;5.52529e-15;-151;1646;13979;12017.8;1;376;-2.14748e+09;-1.07688e+07;0;0;0;0;0;0;617871328;619370807;12464600
999;5.52529e-15;-151;1646;13979;12017.8;1;376;-2.14748e+09;-1.07293e+07;-1;0;0;0;-1;0;618662487;620175287;12546110
1000;5.52529e-15;-152;1646;13979;12017.8;1;376;-2.14748e+09;-1.069e+07;0;0;0;0;0;0;619451246;620977435;12627793
1001;5.52529e-15;-152;1646;13979;12017.8;1;376;-2.14748e+09;-1.0651e+07;-1;0;0;0;-1;0;620237615;621777261;12709649
1002;5.52529e-15;-153;1646;13979;12017.8;1;376;-2.14748e+09;-1.06123e+07;0;0;0;0;0;0;621021604;622574775;12791676
1003;5.52529e-15;-153;1646;13979;12017.8;1;376;-2.14748e+09;-1.05736e+07;-1;0;0;0;-1;0;621803225;623369987;12873873
1004;5.52529e-15;-153;1646;13979;12017.8;1;376;-2.14748e+09;-1.05353e+07;-1;0;0;0;-1;0;622582486;624162908;12956239
1005;5.52529e-15;-154;1646;13979;12017.8;1;376;-2.14748e+09;-1.04971e+07;0;0;0;0;0;0;623359398;624953549;13038772
1006;5.52529e-15;-154;1646;13979;12017.8;1;376;-2.14748e+09;-1.04592e+07;-1;0;0;0;-1;0;624133972;625741918;13121471
1007;5.52529e-15;-154;1646;13979;12017.8;1;376;-2.14748e+09;-1.04215e+07;-1;0;0;0;-1;0;624906216;626528025;13204334
1008;5.52529e-15;-155;1646;13979;12017.8;1;376;-2.14748e+09;-1.0384e+07;0;0;0;0;0;0;625676142;627311882;13287362
1009;5.52529e-15;-155;1646;13979;12017.8;1;376;-2.14748e+09;-1.03467e+07;-1;0;0;0;-1;0;626443759;628093498;13370552
1010;5.52529e-15;-156;1646;13979;12017.8;1;376;-2.14748e+09;-1.03097e+07;0;0;0;0;0;0;627209076;628872882;13453902
1011;5.52529e-15;-156;1646;13979;12017.8;1;376;-2.14748e+09;-1.02729e+07;-1;0;0;0;-1;0;627972104;629650044;13537413
1012;5.52529e-15;-156;1646;13979;12017.8;1;376;-2.14748e+09;-1.02362e+07;-1;0;0;0;-1;0;628732853;630424994;13621081
1013;5.52529e-15;-156;1646;13979;12017.8;1;376;-2.14748e+09;-1.01998e+07;-1;0;0;0;-1;0;629491331;631197741;13704908
1014;5.52529e-15;-157;1646;13979;12017.8;1;376;-2.14748e+09;-1.01635e+07;0;0;0;0;0;0;630247549;631968296;13788890
1015;5.52529e-15;-157;1646;13979;12017.8;1;376;-2.14748e+09;-1.01275e+07;-1;0;0;0;-1;0;631001516;632736667;13873026
1016;5.52529e-15;-158;1646;13979;12017.8;1;376;-2.14748e+09;-1.00918e+07;0;0;0;0;0;0;631753242;633502865;13957316
1017;5.52529e-15;-158;1646;13979;12017.8;1;376;-2.14748e+09;-1.00561e+07;-1;0;0;0;-1;0;632502735;634266897;14041759
1018;5.52529e-15;-159;1646;13979;12017.8;1;376;-2.14748e+09;-1.00208e+07;0;0;0;0;0;0;633250006;635028775;14126352
1019;5.52529e-15;-160;1646;13979;12017.8;1;376;-2.14748e+09;-9.98552e+06;0;0;0;0;0;0;633995064;635788507;14211095
1020;5.52529e-15;-160;1646;13979;12017.8;1;376;-2.14748e+09;-9.95051e+06;-1;0;0;0;-1;0;634737918;636546102;14295987
1021;5.52529e-15;-160;1646;13979;12017.8;1;376;-2.14748e+09;-9.9158e+06;-1;0;0;0;-1;0;635478577;637301570;14381025
1022;5.52529e-15;-160;1646;13979;12017.8;1;376;-2.14748e+09;-9.88108e+06;-1;0;0;0;-1;0;636217051;638054919;14466210
1023;5.52529e-15;-160;1646;13979;12017.8;1;376;-2.14748e+09;-9.84666e+06;-1;0;0;0;-1;0;636953348;638806159;14551539
1024;5.52529e-15;-161;1646;13979;12017.8;1;376;-2.14748e+09;-9.81242e+06;0;0;0;0;0;0;637687478;639555299;14637012
1025;5.52529e-15;-162;1646;13979;12017.8;1;376;-2.14748e+09;-9.77848e+06;0;0;0;0;0;0;638419449;640302347;14722628
1026;5.52529e-15;-162;1646;13979;12017.8;1;376;-2.14748e+09;-9.74452e+06;-1;0;0;0;-1;0;639149271;641047313;14808384
1027;5.52529e-15;-163;1646;13979;12017.8;1;376;-2.14748e+09;-9.71085e+06;0;0;0;0;0;0;639876953;641790205;14894280
1028;5.52529e-15;-164;1646;13979;12017.8;1;376;-2.14748e+09;-9.67746e+06;0;0;0;0;0;0;640602503;642531033;14980315
1029;5.52529e-15;-165;1646;13979;12017.8;1;376;-2.14748e+09;-9.64416e+06;0;0;0;0;0;0;641325930;643269805;15066487
1030;5.52529e-15;-165;1646;13979;12017.8;1;376;-2.14748e+09;-9.61104e+06;-1;0;0;0;-1;0;642047243;644006529;15152796
1031;5.52529e-15;-166;1646;13979;12017.8;1;376;-2.14748e+09;-9.578e+06;0;0;0;0;0;0;642766450;644741215;15239239
1032;5.52529e-15;-167;1646;13979;12017.8;1;376;-2.14748e+09;-9.54524e+06;0;0;0;0;0;0;643483561;645473871;15325816
1033;5.52529e-15;-167;1646;13979;12017.8;1;376;-2.14748e+09;-9.51266e+06;-1;0;0;0;-1;0;644198584;646204505;15412526
1034;5.52529e-15;-167;1646;13979;12017.8;1;376;-2.14748e+09;-9.48025e+06;-1;0;0;0;-1;0;644911527;646933126;15499367
1035;5.52529e-15;-168;1646;13979;12017.8;1;376;-2.14748e+09;-9.44802e+06;0;0;0;0;0;0;645622399;647659743;15586339
1036;5.52529e-15;-169;1646;13979;12017.8;1;376;-2.14748e+09;-9.41596e+06;0;0;0;0;0;0;646331209;648384363;15673439
1037;5.52529e-15;-169;1646;13979;12017.8;1;376;-2.14748e+09;-9.38407e+06;-1;0;0;0;-1;0;647037964;649106996;15760667
1038;5.52529e-15;-170;1646;13979;12017.8;1;376;-2.14748e+09;-9.35236e+06;0;0;0;0;0;0;647742674;649827649;15848022
1039;5.52529e-15;-170;1646;13979;12017.8;1;376;-2.14748e+09;-9.32091e+06;-1;0;0;0;-1;0;648445346;650546331;15935502
1040;5.52529e-15;-171;1646;13979;12017.8;1;376;-2.14748e+09;-9.28943e+06;0;0;0;0;0;0;649145989;651263049;16023107
1041;5.52529e-15;-171;1646;13979;12017.8;1;376;-2.14748e+09;-9.25832e+06;-1;0;0;0;-1;0;649844611;651977813;16110834
1042;5.52529e-15;-171;1646;13979;12017.8;1;376;-2.14748e+09;-9.22718e+06;-1;0;0;0;-1;0;650541220;652690630;16198683
1043;5.52529e-15;-172;1646;13979;12017.8;1;376;-2.14748e+09;-9.1963e+06;0;0;0;0;0;0;651235824;653401508;16286654
1044;5.52529e-15;-172;1646;13979;12017.8;1;376;-2.14748e+09;-9.16558e+06;-1;0;0;0;-1;0;651928432;654110456;16374743
1045;5.52529e-15;-172;1646;13979;12017.8;1;376;-2.14748e+09;-9.13502e+06;-1;0;0;0;-1;0;652619051;654817480;16462951
1046;5.52529e-15;-173;1646;13979;12017.8;1;376;-2.14748e+09;-9.10473e+06;0;0;0;0;0;0;653307690;655522590;16551277
1047;5.52529e-15;-173;1646;13979;12017.8;1;376;-2.14748e+09;-9.07439e+06;-1;0;0;0;-1;0;653994356;656225793;16639718
1048;5.52529e-15;-173;1646;13979;12017.8;1;376;-2.14748e+09;-9.04431e+06;-1;0;0;0;-1;0;654679058;656927096;16728275
1049;5.52529e-15;-173;1646;13979;12017.8;1;376;-2.14748e+09;-9.01439e+06;-1;0;0;0;-1;0;655361803;657626508;16816945
1050;5.52529e-15;-173;1646;13979;12017.8;1;376;-2.14748e+09;-8.98472e+06;-1;0;0;0;-1;0;656042598;658324037;16905728
1051;5.52529e-15;-173;1646;13979;12017.8;1;376;-2.14748e+09;-8.95501e+06;-1;0;0;0;-1;0;656721453;659019689;16994622
1052;5.52529e-15;-173;1646;13979;12017.8;1;376;-2.14748e+09;-8.92556e+06;-1;0;0;0;-1;0;657398374;659713473;17083627
1053;5.52529e-15;-173;1646;13979;12017.8;1;376;-2.14748e+09;-8.89625e+06;-1;0;0;0;-1;0;658073369;660405397;17172740
1054;5.52529e-15;-174;1646;13979;12017.8;1;376;-2.14748e+09;-8.8671e+06;0;0;0;0;0;0;658746446;661095467;17261962
1055;5.52529e-15;-174;1646;13979;12017.8;1;376;-2.14748e+09;-8.83809e+06;-1;0;0;0;-1;0;659417613;661783692;17351291
1056;5.52529e-15;-174;1646;13979;12017.8;1;376;-2.14748e+09;-8.80934e+06;-1;0;0;0;-1;0;660086876;662470078;17440726
1057;5.52529e-15;-174;1646;13979;12017.8;1;376;-2.14748e+09;-8.78053e+06;0;0;-1;0;0;-1;660754244;663154634;17530266
1058;5.52529e-15;-174;1646;13979;12017.8;1;376;-2.14748e+09;-8.75197e+06;-1;0;0;0;-1;0;661419724;663837366;17619909
1059;5.52529e-15;-174;1646;13979;12017.8;1;376;-2.14748e+09;-8.72355e+06;-1;0;0;0;-1;0;662083324;664518282;17709654
1060;5.52529e-15;-174;1646;13979;12017.8;1;376;-2.14748e+09;-8.69538e+06;-1;0;0;0;-1;0;662745050;665197389;17799501
1061;5.52529e-15;-174;1646;13979;12017.8;1;376;-2.14748e+09;-8.66725e+06;-1;0;0;0;-1;0;663404911;665874696;17889449
1062;5.52529e-15;-175;1646;13979;12017.8;1;376;-2.14748e+09;-8.63917e+06;0;0;0;0;0;0;664062913;666550207;17979495
1063;5.52529e-15;-176;1646;13979;12017.8;1;376;-2.14748e+09;-8.61132e+06;0;0;0;0;0;0;664719064;667223932;18069640
1064;5.52529e-15;-176;1646;13979;12017.8;1;376;-2.14748e+09;-8.58362e+06;-1;0;0;0;-1;0;665373371;667895877;18159881
1065;5.52529e-15;-177;1646;13979;12017.8;1;376;-2.14748e+09;-8.55606e+06;0;0;0;0;0;0;666025842;668566049;18250218
1066;5.52529e-15;-177;1646;13979;12017.8;1;376;-2.14748e+09;-8.52863e+06;-1;0;0;0;-1;0;666676483;669234455;18340651
1067;5.52529e-15;-178;1646;13979;12017.8;1;376;-2.14748e+09;-8.50134e+06;0;0;0;0;0;0;667325301;669901102;18431177
1068;5.52529e-15;-179;1646;13979;12017.8;1;376;-2.14748e+09;-8.47419e+06;0;0;0;0;0;0;667972304;670565997;18521795
1069;5.52529e-15;-179;1646;13979;12017.8;1;376;-2.14748e+09;-8.44717e+06;-1;0;0;0;-1;0;668617498;671229148;18612505
1070;5.52529e-15;-180;1646;13979;12017.8;1;376;-2.14748e+09;-8.42028e+06;0;0;0;0;0;0;669260892;671890561;18703306
1071;5.52529e-15;-180;1646;13979;12017.8;1;376;-2.14748e+09;-8.39354e+06;-1;0;0;0;-1;0;669902490;672550242;18794196
1072;5.52529e-15;-181;1646;13979;12017.8;1;376;-2.14748e+09;-8.36692e+06;0;0;0;0;0;0;670542302;673208199;18885175
1073;5.52529e-15;-181;1646;13979;12017.8;1;376;-2.14748e+09;-8.34043e+06;-1;0;0;0;-1;0;671180333;673864439;18976240
1074;5.52529e-15;-181;1646;13979;12017.8;1;376;-2.14748e+09;-8.31407e+06;-1;0;0;0;-1;0;671816590;674518968;19067392
1075;5.52529e-15;-181;1646;13979;12017.8;1;376;-2.14748e+09;-8.28795e+06;-1;0;0;0;-1;0;672451080;675171793;19158630
1076;5.52529e-15;-182;1646;13979;12017.8;1;376;-2.14748e+09;-8.26175e+06;0;0;0;0;0;0;673083811;675822920;19249951
1077;5.52529e-15;-182;1646;13979;12017.8;1;376;-2.14748e+09;-8.23588e+06;-1;0;0;0;-1;0;673714788;676472357;19341356
1078;5.52529e-15;-182;1646;13979;12017.8;1;376;-2.14748e+09;-8.20993e+06;-1;0;0;0;-1;0;674344018;677120109;19432842
1079;5.52529e-15;-182;1646;13979;12017.8;1;376;-2.14748e+09;-8.18422e+06;-1;0;0;0;-1;0;674971508;677766184;19524410
1080;5.52529e-15;-183;1646;13979;12017.8;1;376;-2.14748e+09;-8.15862e+06;0;0;0;0;0;0;675597265;678410588;19616058
1081;5.52529e-15;-183;1646;13979;12017.8;1;376;-2.14748e+09;-8.13316e+06;-1;0;0;0;-1;0;676221296;679053327;19707784
1082;5.52529e-15;-184;1646;13979;12017.8;1;376;-2.14748e+09;-8.10781e+06;0;0;0;0;0;0;676843606;679694408;19799589
1083;5.52529e-15;-185;1646;13979;12017.8;1;376;-2.14748e+09;-8.08259e+06;0;0;0;0;0;0;677464202;680333837;19891470
1084;5.52529e-15;-186;1646;13979;12017.8;1;376;-2.14748e+09;-8.05748e+06;0;0;0;0;0;0;678083092;680971621;19983428
1085;5.52529e-15;-187;1646;13979;12017.8;1;376;-2.14748e+09;-8.0325e+06;0;0;0;0;0;0;678700281;681607765;20075460
1086;5.52529e-15;-188;1646;13979;12017.8;1;376;-2.14748e+09;-8.00764e+06;0;0;0;0;0;0;679315775;682242277;20167566
1087;5.52529e-15;-188;1646;13979;12017.8;1;376;-2.14748e+09;-7.9829e+06;-1;0;0;0;-1;0;679929582;682875162;20259745
1088;5.52529e-15;-188;1646;13979;12017.8;1;376;-2.14748e+09;-7.95827e+06;-1;0;0;0;-1;0;680541707;683506427;20351996
1089;5.52529e-15;-188;1646;13979;12017.8;1;376;-2.14748e+09;-7.93376e+06;-1;0;0;0;-1;0;681152157;684136078;20444318
1090;5.52529e-15;-188;1646;13979;12017.8;1;376;-2.14748e+09;-7.90937e+06;-1;0;0;0;-1;0;681760939;684764121;20536710
1091;5.52529e-15;-188;1646;13979;12017.8;1;376;-2.14748e+09;-7.8852e+06;-1;0;0;0;-1;0;682368057;685390563;20629171
1092;5.52529e-15;-188;1646;13979;12017.8;1;376;-2.14748e+09;-7.86094e+06;-1;0;0;0;-1;0;682973520;686015408;20721700
1093;5.52529e-15;-189;1646;13979;12017.8;1;376;-2.14748e+09;-7.83689e+06;0;0;0;0;0;0;683577332;686638664;20814295
1094;5.52529e-15;-189;1646;13979;12017.8;1;376;-2.14748e+09;-7.81296e+06;-1;0;0;0;-1;0;684179500;687260337;20906957
1095;5.52529e-15;-190;1646;13979;12017.8;1;376;-2.14748e+09;-7.78914e+06;0;0;0;0;0;0;684780030;687880432;20999684
1096;5.52529e-15;-191;1646;13979;12017.8;1;376;-2.14748e+09;-7.76543e+06;0;0;0;0;0;0;685378929;688498955;21092474
1097;5.52529e-15;-192;1646;13979;12017.8;1;376;-2.14748e+09;-7.74193e+06;0;0;0;0;0;0;685976202;689115912;21185328
1098;5.52529e-15;-193;1646;13979;12017.8;1;376;-2.14748e+09;-7.71834e+06;0;0;0;0;0;0;686571855;689731310;21278244
1099;5.52529e-15;-194;1646;13979;12017.8;1;376;-2.14748e+09;-7.69496e+06;0;0;0;0;0;0;687165894;690345154;21371221
1100;5.52529e-15;-195;1646;13979;12017.8;1;376;-2.14748e+09;-7.67169e+06;0;0;0;0;0;0;687758326;690957449;21464258
1101;5.52529e-15;-196;1646;13979;12017.8;1;376;-2.14748e+09;-7.64863e+06;0;0;0;0;0;0;688349156;691568203;21557354
1102;5.52529e-15;-197;1646;13979;12017.8;1;376;-2.14748e+09;-7.62547e+06;0;0;0;0;0;0;688938391;692177420;21650509
1103;5.52529e-15;-197;1646;13979;12017.8;1;376;-2.14748e+09;-7.60253e+06;-1;0;0;0;-1;0;689526035;692785106;21743721
1104;5.52529e-15;-198;1646;13979;12017.8;1;376;-2.14748e+09;-7.57968e+06;0;0;0;0;0;0;690112095;693391267;21836990
1105;5.52529e-15;-198;1646;13979;12017.8;1;376;-2.14748e+09;-7.55704e+06;-1;0;0;0;-1;0;690696577;693995908;21930314
1106;5.52529e-15;-198;1646;13979;12017.8;1;376;-2.14748e+09;-7.53431e+06;-1;0;0;0;-1;0;691279486;694599036;22023692
1107;5.52529e-15;-199;1646;13979;12017.8;1;376;-2.14748e+09;-7.51178e+06;0;0;0;0;0;0;691860829;695200656;22117124
1108;5.52529e-15;-199;1646;13979;12017.8;1;376;-2.14748e+09;-7.48935e+06;-1;0;0;0;-1;0;692440611;695800773;22210609
1109;5.52529e-15;-200;1646;13979;12017.8;1;376;-2.14748e+09;-7.46703e+06;0;0;0;0;0;0;693018837;696399393;22304146
1110;5.52529e-15;-201;1646;13979;12017.8;1;376;-2.14748e+09;-7.44481e+06;0;0;0;0;0;0;693595514;696996522;22397734
1111;5.52529e-15;-202;1646;13979;12017.8;1;376;-2.14748e+09;-7.42269e+06;0;0;0;0;0;0;694170647;697592165;22491371
1112;5.52529e-15;-203;1646;13979;12017.8;1;376;-2.14748e+09;-7.40066e+06;0;0;0;0;0;0;694744242;698186327;22585058
1113;5.52529e-15;-204;1646;13979;12017.8;1;376;-2.14748e+09;-7.37874e+06;0;0;0;0;0;0;695316303;698779014;22678793
1114;5.52529e-15;-204;1646;13979;12017.8;1;376;-2.14748e+09;-7.35692e+06;-1;0;0;0;-1;0;695886838;699370232;22772575
1115;5.52529e-15;-204;1646;13979;12017.8;1;376;-2.14748e+09;-7.33519e+06;-1;0;0;0;-1;0;696455851;699959985;22866404
1116;5.52529e-15;-205;1646;13979;12017.8;1;376;-2.14748e+09;-7.31357e+06;0;0;0;0;0;0;697023348;700548279;22960278
1117;5.52529e-15;-205;1646;13979;12017.8;1;376;-2.14748e+09;-7.29204e+06;-1;0;0;0;-1;0;697589334;701135120;23054196
1118;5.52529e-15;-206;1646;13979;12017.8;1;376;-2.14748e+09;-7.2706e+06;0;0;0;0;0;0;698153814;701720512;23148159
1119;5.52529e-15;-207;1646;13979;12017.8;1;376;-2.14748e+09;-7.24926e+06;0;0;0;0;0;0;698716795;702304462;23242164
1120;5.52529e-15;-207;1646;13979;12017.8;1;376;-2.14748e+09;-7.22802e+06;-1;0;0;0;-1;0;699278282;702886973;23336211
1121;5.52529e-15;-207;1646;13979;12017.8;1;376;-2.14748e+09;-7.20697e+06;-1;0;0;0;-1;0;699838279;703468052;23430300
1122;5.52529e-15;-207;1646;13979;12017.8;1;376;-2.14748e+09;-7.18582e+06;-1;0;0;0;-1;0;700396793;704047704;23524428
1123;5.52529e-15;-208;1646;13979;12017.8;1;376;-2.14748e+09;-7.16495e+06;0;0;0;0;0;0;700953828;704625933;23618596
1124;5.52529e-15;-208;1646;13979;12017.8;1;376;-2.14748e+09;-7.14398e+06;-1;0;0;0;-1;0;701509390;705202745;23712803
1125;5.52529e-15;-208;1646;13979;12017.8;1;376;-2.14748e+09;-7.12321e+06;-1;0;0;0;-1;0;702063484;705778145;23807047
1126;5.52529e-15;-209;1646;13979;12017.8;1;376;-2.14748e+09;-7.10252e+06;0;0;0;0;0;0;702616116;706352139;23901328
1127;5.52529e-15;-209;1646;13979;12017.8;1;376;-2.14748e+09;-7.08193e+06;-1;0;0;0;-1;0;703167290;706924730;23995645
1128;5.52529e-15;-210;1646;13979;12017.8;1;376;-2.14748e+09;-7.06142e+06;0;0;0;0;0;0;703717012;707495924;24089997
1129;5.52529e-15;-210;1646;13979;12017.8;1;376;-2.14748e+09;-7.04111e+06;-1;0;0;0;-1;0;704265286;708065727;24184383
1130;5.52529e-15;-211;1646;13979;12017.8;1;376;-2.14748e+09;-7.02068e+06;0;0;0;0;0;0;704812119;708634142;24278803
1131;5.52529e-15;-211;1646;13979;12017.8;1;376;-2.14748e+09;-7.00044e+06;-1;0;0;0;-1;0;705357515;709201176;24373256
1132;5.52529e-15;-212;1646;13979;12017.8;1;376;-2.14748e+09;-6.98029e+06;0;0;0;0;0;0;705901479;709766832;24467740
1133;5.52529e-15;-212;1646;13979;12017.8;1;376;-2.14748e+09;-6.96023e+06;-1;0;0;0;-1;0;706444016;710331117;24562255
1134;5.52529e-15;-213;1646;13979;12017.8;1;376;-2.14748e+09;-6.94036e+06;0;0;0;0;0;0;706985132;710894033;24656801
1135;5.52529e-15;-214;1646;13979;12017.8;1;376;-2.14748e+09;-6.92037e+06;0;0;0;0;0;0;707524831;711455588;24751375
1136;5.52529e-15;-215;1646;13979;12017.8;1;376;-2.14748e+09;-6.90056e+06;0;0;0;0;0;0;708063118;712015785;24845979
1137;5.52529e-15;-216;1646;13979;12017.8;1;376;-2.14748e+09;-6.88095e+06;0;0;0;0;0;0;708599998;712574629;24940610
1138;5.52529e-15;-217;1646;13979;12017.8;1;376;-2.14748e+09;-6.86121e+06;0;0;0;0;0;0;709135477;713132124;25035268
1139;5.52529e-15;-217;1646;13979;12017.8;1;376;-2.14748e+09;-6.84176e+06;-1;0;0;0;-1;0;709669559;713688277;25129952
1140;5.52529e-15;-218;1646;13979;12017.8;1;376;-2.14748e+09;-6.8223e+06;0;0;0;0;0;0;710202248;714243091;25224661
1141;5.52529e-15;-218;1646;13979;12017.8;1;376;-2.14748e+09;-6.80282e+06;-1;0;0;0;-1;0;710733550;714796570;25319395
1142;5.52529e-15;-219;1646;13979;12017.8;1;376;-2.14748e+09;-6.78362e+06;0;0;0;0;0;0;711263470;715348721;25414153
1143;5.52529e-15;-220;1646;13979;12017.8;1;376;-2.14748e+09;-6.7643e+06;0;0;0;0;0;0;711792013;715899547;25508934
1144;5.52529e-15;-220;1646;13979;12017.8;1;376;-2.14748e+09;-6.74516e+06;-1;0;0;0;-1;0;712319182;716449053;25603737
1145;5.52529e-15;-221;1646;13979;12017.8;1;376;-2.14748e+09;-6.72611e+06;0;0;0;0;0;0;712844984;716997243;25698561
1146;5.52529e-15;-221;1646;13979;12017.8;1;376;-2.14748e+09;-6.70713e+06;-1;0;0;0;-1;0;713369423;717544123;25793406
1147;5.52529e-15;-221;1646;13979;12017.8;1;376;-2.14748e+09;-6.68824e+06;-1;0;0;0;-1;0;713892502;718089696;25888271
1148;5.52529e-15;-221;1646;13979;12017.8;1;376;-2.14748e+09;-6.66942e+06;-1;0;0;0;-1;0;714414229;718633967;25983155
1149;5.52529e-15;-221;1646;13979;12017.8;1;376;-2.14748e+09;-6.65069e+06;-1;0;0;0;-1;0;714934605;719176941;26078057
1150;5.52529e-15;-221;1646;13979;12017.8;1;376;-2.14748e+09;-6.63213e+06;-1;0;0;0;-1;0;715453638;719718623;26172977
1151;5.52529e-15;-221;1646;13979;12017.8;1;376;-2.14748e+09;-6.61345e+06;-1;0;0;0;-1;0;715971330;720259016;26267914
1152;5.52529e-15;-222;1646;13979;12017.8;1;376;-2.14748e+09;-6.59495e+06;0;0;0;0;0;0;716487687;720798125;26362867
1153;5.52529e-15;-223;1646;13979;12017.8;1;376;-2.14748e+09;-6.57652e+06;0;0;0;0;0;0;717002714;721335954;26457835
1154;5.52529e-15;-223;1646;13979;12017.8;1;376;-2.14748e+09;-6.55818e+06;-1;0;0;0;-1;0;717516414;721872508;26552818
1155;5.52529e-15;-224;1646;13979;12017.8;1;376;-2.14748e+09;-6.5399e+06;0;0;0;0;0;0;718028793;722407792;26647814
1156;5.52529e-15;-225;1646;13979;12017.8;1;376;-2.14748e+09;-6.52171e+06;0;0;0;0;0;0;718539855;722941809;26742824
1157;5.52529e-15;-225;1646;13979;12017.8;1;376;-2.14748e+09;-6.50359e+06;-1;0;0;0;-1;0;719049604;723474564;26837846
1158;5.52529e-15;-225;1646;13979;12017.8;1;376;-2.14748e+09;-6.48554e+06;-1;0;0;0;-1;0;719558045;724006061;26932880
1159;5.52529e-15;-226;1646;13979;12017.8;1;376;-2.14748e+09;-6.46767e+06;0;0;0;0;0;0;720065182;724536305;27027924
1160;5.52529e-15;-227;1646;13979;12017.8;1;376;-2.14748e+09;-6.44977e+06;0;0;0;0;0;0;720571020;725065300;27122979
1161;5.52529e-15;-227;1646;13979;12017.8;1;376;-2.14748e+09;-6.43184e+06;-1;0;0;0;-1;0;721075563;725593049;27218044
1162;5.52529e-15;-227;1646;13979;12017.8;1;376;-2.14748e+09;-6.41419e+06;-1;0;0;0;-1;0;721578816;726119558;27313117
1163;5.52529e-15;-227;1646;13979;12017.8;1;376;-2.14748e+09;-6.39642e+06;-1;0;0;0;-1;0;722080783;726644830;27408198
1164;5.52529e-15;-228;1646;13979;12017.8;1;376;-2.14748e+09;-6.37881e+06;0;0;0;0;0;0;722581468;727168869;27503287
1165;5.52529e-15;-229;1646;13979;12017.8;1;376;-2.14748e+09;-6.36127e+06;0;0;0;0;0;0;723080876;727691680;27598382
1166;5.52529e-15;-229;1646;13979;12017.8;1;376;-2.14748e+09;-6.34391e+06;-1;0;0;0;-1;0;723579010;728213267;27693484
1167;5.52529e-15;-230;1646;13979;12017.8;1;376;-2.14748e+09;-6.32642e+06;0;0;0;0;0;0;724075876;728733634;27788590
1168;5.52529e-15;-231;1646;13979;12017.8;1;376;-2.14748e+09;-6.30909e+06;0;0;0;0;0;0;724571478;729252786;27883701
1169;5.52529e-15;-232;1646;13979;12017.8;1;376;-2.14748e+09;-6.29184e+06;0;0;0;0;0;0;725065819;729770725;27978817
1170;5.52529e-15;-232;1646;13979;12017.8;1;376;-2.14748e+09;-6.27466e+06;-1;0;0;0;-1;0;725558904;730287456;28073935
1171;5.52529e-15;-233;1646;13979;12017.8;1;376;-2.14748e+09;-6.25764e+06;0;0;0;0;0;0;726050738;730802984;28169056
1172;5.52529e-15;-233;1646;13979;12017.8;1;376;-2.14748e+09;-6.2405e+06;-1;0;0;0;-1;0;726541324;731317311;28264178
1173;5.52529e-15;-234;1646;13979;12017.8;1;376;-2.14748e+09;-6.22352e+06;0;0;0;0;0;0;727030666;731830443;28359302
1174;5.52529e-15;-234;1646;13979;12017.8;1;376;-2.14748e+09;-6.20661e+06;-1;0;0;0;-1;0;727518769;732342383;28454426
1175;5.52529e-15;-234;1646;13979;12017.8;1;376;-2.14748e+09;-6.18977e+06;-1;0;0;0;-1;0;728005637;732853135;28549551
1176;5.52529e-15;-235;1646;13979;12017.8;1;376;-2.14748e+09;-6.1731e+06;0;0;0;0;0;0;728491274;733362703;28644674
1177;5.52529e-15;-236;1646;13979;12017.8;1;376;-2.14748e+09;-6.15629e+06;0;0;0;0;0;0;728975684;733871091;28739796
1178;5.52529e-15;-236;1646;13979;12017.8;1;376;-2.14748e+09;-6.13965e+06;-1;0;0;0;-1;0;729458871;734378303;28834916
1179;5.52529e-15;-236;1646;13979;12017.8;1;376;-2.14748e+09;-6.12317e+06;-1;0;0;0;-1;0;729940839;734884343;28930033
1180;5.52529e-15;-236;1646;13979;12017.8;1;376;-2.14748e+09;-6.10656e+06;-1;0;0;0;-1;0;730421593;735389214;29025146
1181;5.52529e-15;-236;1646;13979;12017.8;1;376;-2.14748e+09;-6.09012e+06;-1;0;0;0;-1;0;730901136;735892921;29120256
1182;5.52529e-15;-236;1646;13979;12017.8;1;376;-2.14748e+09;-6.07374e+06;-1;0;0;0;-1;0;731379471;736395466;29215360
1183;5.52529e-15;-236;1646;13979;12017.8;1;376;-2.14748e+09;-6.05753e+06;-1;0;0;0;-1;0;731856605;736896855;29310460
1184;5.52529e-15;-236;1646;13979;12017.8;1;376;-2.14748e+09;-6.04118e+06;-1;0;0;0;-1;0;732332539;737397091;29405553
1185;5.52529e-15;-237;1646;13979;12017.8;1;376;-2.14748e+09;-6.02499e+06;0;0;0;0;0;0;732807279;737896177;29500640
1186;5.52529e-15;-238;1646;13979;12017.8;1;376;-2.14748e+09;-6.00886e+06;0;0;0;0;0;0;733280827;738394117;29595719
1187;5.52529e-15;-239;1646;13979;12017.8;1;376;-2.14748e+09;-5.9928e+06;0;0;0;0;0;0;733753189;738890916;29690791
1188;5.52529e-15;-240;1646;13979;12017.8;1;376;-2.14748e+09;-5.97681e+06;0;0;0;0;0;0;734224367;739386576;29785854
1189;5.52529e-15;-241;1646;13979;12017.8;1;376;-2.14748e+09;-5.96087e+06;0;0;0;0;0;0;734694366;739881101;29880908
1190;5.52529e-15;-242;1646;13979;12017.8;1;376;-2.14748e+09;-5.945e+06;0;0;0;0;0;0;735163190;740374496;29975952
1191;5.52529e-15;-243;1646;13979;12017.8;1;376;-2.14748e+09;-5.92928e+06;0;0;0;0;0;0;735630842;740866764;30070986
1192;5.52529e-15;-244;1646;13979;12017.8;1;376;-2.14748e+09;-5.91343e+06;0;0;0;0;0;0;736097327;741357907;30166009
1193;5.52529e-15;-245;1646;13979;12017.8;1;376;-2.14748e+09;-5.89774e+06;0;0;0;0;0;0;736562647;741847931;30261021
1194;5.52529e-15;-246;1646;13979;12017.8;1;376;-2.14748e+09;-5.88211e+06;0;0;0;0;0;0;737026808;742336838;30356020
1195;5.52529e-15;-247;1646;13979;12017.8;1;376;-2.14748e+09;-5.86654e+06;0;0;0;0;0;0;737489812;742824633;30451006
1196;5.52529e-15;-248;1646;13979;12017.8;1;376;-2.14748e+09;-5.85103e+06;0;0;0;0;0;0;737951663;743311318;30545979
1197;5.52529e-15;-249;1646;13979;12017.8;1;376;-2.14748e+09;-5.83558e+06;0;0;0;0;0;0;738412366;743796898;30640939
1198;5.52529e-15;-250;1646;13979;12017.8;1;376;-2.14748e+09;-5.82019e+06;0;0;0;0;0;0;738871923;744281375;30735883
1199;5.52529e-15;-250;1646;13979;12017.8;1;376;-2.14748e+09;-5.80486e+06;-1;0;0;0;-1;0;739330339;744764754;30830813
1200;5.52529e-15;-251;1646;13979;12017.8;1;376;-2.14748e+09;-5.78969e+06;0;0;0;0;0;0;739787617;745247037;30925726
1201;5.52529e-15;-251;1646;13979;12017.8;1;376;-2.14748e+09;-5.77437e+06;-1;0;0;0;-1;0;740243761;745728229;31020624
1202;5.52529e-15;-251;1646;13979;12017.8;1;376;-2.14748e+09;-5.75921e+06;-1;0;0;0;-1;0;740698775;746208333;31115505
1203;5.52529e-15;-252;1646;13979;12017.8;1;376;-2.14748e+09;-5.74411e+06;0;0;0;0;0;0;741152661;746687352;31210368
1204;5.52529e-15;-253;1646;13979;12017.8;1;376;-2.14748e+09;-5.72907e+06;0;0;0;0;0;0;741605425;747165289;31305213
1205;5.52529e-15;-253;1646;13979;12017.8;1;376;-2.14748e+09;-5.71418e+06;-1;0;0;0;-1;0;742057069;747642149;31400040
1206;5.52529e-15;-254;1646;13979;12017.8;1;376;-2.14748e+09;-5.69915e+06;0;0;0;0;0;0;742507597;748117934;31494847
1207;5.52529e-15;-254;1646;13979;12017.8;1;376;-2.14748e+09;-5.68438e+06;-1;0;0;0;-1;0;742957013;748592648;31589635
1208;5.52529e-15;-254;1645;13979;12017.8;1;376;-2.14748e+09;-5.66946e+06;0;0;0;0;0;0;743405319;749066294;31684403
1209;5.52529e-15;-255;1645;13979;12017.8;1;376;-2.14748e+09;-5.6548e+06;0;0;0;0;0;0;743852521;749538876;31779150
1210;5.52529e-15;-255;1645;13979;12017.8;1;376;-2.14748e+09;-5.64009e+06;-1;0;0;0;-1;0;744298620;750010397;31873875
1211;5.52529e-15;-256;1645;13979;12017.8;1;376;-2.14748e+09;-5.62534e+06;0;0;0;0;0;0;744743622;750480860;31968579
1212;5.52529e-15;-256;1645;13979;12017.8;1;376;-2.14748e+09;-5.61074e+06;-1;0;0;0;-1;0;745187528;750950268;32063260
1213;5.52529e-15;-257;1645;13979;12017.8;1;376;-2.14748e+09;-5.5963e+06;0;0;0;0;0;0;745630344;751418626;32157918
1214;5.52529e-15;-258;1645;13979;12017.8;1;376;-2.14748e+09;-5.58171e+06;0;0;0;0;0;0;746072071;751885935;32252553
1215;5.52529e-15;-259;1645;13979;12017.8;1;376;-2.14748e+09;-5.56728e+06;0;0;0;0;0;0;746512714;752352200;32347164
1216;5.52529e-15;-260;1645;13979;12017.8;1;376;-2.14748e+09;-5.5529e+06;0;0;0;0;0;0;746952276;752817424;32441750
1217;5.52529e-15;-260;1645;13979;12017.8;1;376;-2.14748e+09;-5.53857e+06;-1;0;0;0;-1;0;747390761;753281609;32536311
1218;5.52529e-15;-260;1645;13979;12017.8;1;376;-2.14748e+09;-5.5243e+06;-1;0;0;0;-1;0;747828172;753744760;32630846
1219;5.52529e-15;-261;1645;13979;12017.8;1;376;-2.14748e+09;-5.51017e+06;0;0;0;0;0;0;748264511;754206878;32725356
1220;5.52529e-15;-262;1645;13979;12017.8;1;376;-2.14748e+09;-5.4959e+06;0;0;0;0;0;0;748699784;754667969;32819838
1221;5.52529e-15;-263;1645;13979;12017.8;1;376;-2.14748e+09;-5.48179e+06;0;0;0;0;0;0;749133992;755128034;32914294
1222;5.52529e-15;-263;1645;13979;12017.8;1;376;-2.14748e+09;-5.46782e+06;-1;0;0;0;-1;0;749567140;755587076;33008721
1223;5.52529e-15;-263;1645;13979;12017.8;1;376;-2.14748e+09;-5.45371e+06;-1;0;0;0;-1;0;749999230;756045100;33103121
1224;5.52529e-15;-263;1645;13979;12017.8;1;376;-2.14748e+09;-5.43984e+06;-1;0;0;0;-1;0;750430267;756502107;33197492
1225;5.52529e-15;-263;1645;13979;12017.8;1;376;-2.14748e+09;-5.42583e+06;-1;0;0;0;-1;0;750860253;756958102;33291833
1226;5.52529e-15;-264;1645;13979;12017.8;1;376;-2.14748e+09;-5.41197e+06;0;0;0;0;0;0;751289191;757413087;33386145
1227;5.52529e-15;-264;1645;13979;12017.8;1;376;-2.14748e+09;-5.39826e+06;-1;0;0;0;-1;0;751717085;757867066;33480427
1228;5.52529e-15;-265;1645;13979;12017.8;1;376;-2.14748e+09;-5.3844e+06;0;0;0;0;0;0;752143939;758320041;33574678
1229;5.52529e-15;-265;1645;13979;12017.8;1;376;-2.14748e+09;-5.37069e+06;-1;0;0;0;-1;0;752569755;758772015;33668898
1230;5.52529e-15;-265;1645;13979;12017.8;1;376;-2.14748e+09;-5.35702e+06;-1;0;0;0;-1;0;752994536;759222992;33763086
1231;5.52529e-15;-265;1645;13979;12017.8;1;376;-2.14748e+09;-5.34351e+06;-1;0;0;0;-1;0;753418286;759672975;33857242
1232;5.52529e-15;-266;1645;13979;12017.8;1;376;-2.14748e+09;-5.32985e+06;0;0;0;0;0;0;753841008;760121966;33951365
1233;5.52529e-15;-266;1645;13979;12017.8;1;376;-2.14748e+09;-5.31634e+06;-1;0;0;0;-1;0;754262706;760569968;34045455
1234;5.52529e-15;-267;1645;13979;12017.8;1;376;-2.14748e+09;-5.30287e+06;0;0;0;0;0;0;754683382;761016985;34139512
1235;5.52529e-15;-267;1645;13979;12017.8;1;376;-2.14748e+09;-5.28945e+06;-1;0;0;0;-1;0;755103039;761463020;34233534
1236;5.52529e-15;-267;1645;13979;12017.8;1;376;-2.14748e+09;-5.27618e+06;-1;0;0;0;-1;0;755521682;761908075;34327522
1237;5.52529e-15;-267;1645;13979;12017.8;1;376;-2.14748e+09;-5.26276e+06;-1;0;0;0;-1;0;755939312;762352154;34421475
1238;5.52529e-15;-268;1645;13979;12017.8;1;376;-2.14748e+09;-5.24949e+06;0;0;0;0;0;0;756355933;762795259;34515393
1239;5.52529e-15;-268;1645;13979;12017.8;1;376;-2.14748e+09;-5.23626e+06;-1;0;0;0;-1;0;756771548;763237393;34609274
1240;5.52529e-15;-268;1645;13979;12017.8;1;376;-2.14748e+09;-5.22318e+06;-1;0;0;0;-1;0;757186161;763678560;34703119
1241;5.52529e-15;-269;1645;13979;12017.8;1;376;-2.14748e+09;-5.20995e+06;0;0;0;0;0;0;757599773;764118761;34796927
1242;5.52529e-15;-269;1645;13979;12017.8;1;376;-2.14748e+09;-5.19696e+06;-1;0;0;0;-1;0;758012390;764558001;34890698
1243;5.52529e-15;-270;1645;13979;12017.8;1;376;-2.14748e+09;-5.18382e+06;0;0;0;0;0;0;758424012;764996281;34984431
1244;5.52529e-15;-270;1645;13979;12017.8;1;376;-2.14748e+09;-5.17083e+06;-1;0;0;0;-1;0;758834644;765433605;35078126
1245;5.52529e-15;-270;1645;13979;12017.8;1;376;-2.14748e+09;-5.15788e+06;-1;0;0;0;-1;0;759244289;765869976;35171783
1246;5.52529e-15;-270;1645;13979;12017.8;1;376;-2.14748e+09;-5.14498e+06;-1;0;0;0;-1;0;759652949;766305396;35265400
1247;5.52529e-15;-271;1645;13979;12017.8;1;376;-2.14748e+09;-5.13222e+06;0;0;0;0;0;0;760060627;766739868;35358977
1248;5.52529e-15;-271;1645;13979;12017.8;1;376;-2.14748e+09;-5.11941e+06;-1;0;0;0;-1;0;760467328;767173396;35452515
1249;5.52529e-15;-272;1645;13979;12017.8;1;376;-2.14748e+09;-5.10665e+06;0;0;0;0;0;0;760873052;767605981;35546012
1250;5.52529e-15;-273;1645;13979;12017.8;1;376;-2.14748e+09;-5.09382e+06;0;0;0;0;0;0;761277804;768037626;35639468
1251;5.52529e-15;-274;1645;13979;12017.8;1;376;-2.14748e+09;-5.08115e+06;0;0;0;0;0;0;761681587;768468335;35732884
1252;5.52529e-15;-274;1645;13979;12017.8;1;376;-2.14748e+09;-5.06852e+06;-1;0;0;0;-1;0;762084403;768898111;35826257
1253;5.52529e-15;-275;1645;13979;12017.8;1;376;-2.14748e+09;-5.05592e+06;0;0;0;0;0;0;762486256;769326955;35919588
1254;5.52529e-15;-275;1645;13979;12017.8;1;376;-2.14748e+09;-5.04348e+06;-1;0;0;0;-1;0;762887147;769754870;36012877
1255;5.52529e-15;-276;1645;13979;12017.8;1;376;-2.14748e+09;-5.03088e+06;0;0;0;0;0;0;763287081;770181860;36106123
1256;5.52529e-15;-276;1645;13979;12017.8;1;376;-2.14748e+09;-5.01842e+06;-1;0;0;0;-1;0;763686060;770607927;36199325
1257;5.52529e-15;-276;1645;13979;12017.8;1;376;-2.14748e+09;-5.006e+06;-1;0;0;0;-1;0;764084087;771033073;36292484
1258;5.52529e-15;-277;1645;13979;12017.8;1;376;-2.14748e+09;-4.99363e+06;0;0;0;0;0;0;764481165;771457302;36385598
1259;5.52529e-15;-278;1645;13979;12017.8;1;376;-2.14748e+09;-4.9813e+06;0;0;0;0;0;0;764877296;771880616;36478668
1260;5.52529e-15;-279;1645;13979;12017.8;1;376;-2.14748e+09;-4.96901e+06;0;0;0;0;0;0;765272484;772303018;36571692
1261;5.52529e-15;-280;1645;13979;12017.8;1;376;-2.14748e+09;-4.95687e+06;0;0;0;0;0;0;765666731;772724510;36664672
1262;5.52529e-15;-280;1645;13979;12017.8;1;376;-2.14748e+09;-4.94456e+06;-1;0;0;0;-1;0;766060041;773145096;36757605
1263;5.52529e-15;-281;1645;13979;12017.8;1;376;-2.14748e+09;-4.9325e+06;0;0;0;0;0;0;766452415;773564777;36850492
1264;5.52529e-15;-281;1645;13979;12017.8;1;376;-2.14748e+09;-4.92028e+06;-1;0;0;0;-1;0;766843858;773983556;36943333
1265;5.52529e-15;-282;1645;13979;12017.8;1;376;-2.14748e+09;-4.90821e+06;0;0;0;0;0;0;767234371;774401436;37036127
1266;5.52529e-15;-283;1645;13979;12017.8;1;376;-2.14748e+09;-4.89617e+06;0;0;0;0;0;0;767623957;774818419;37128873
1267;5.52529e-15;-283;1645;13979;12017.8;1;376;-2.14748e+09;-4.88417e+06;-1;0;0;0;-1;0;768012620;775234509;37221571
1268;5.52529e-15;-284;1645;13979;12017.8;1;376;-2.14748e+09;-4.87232e+06;0;0;0;0;0;0;768400361;775649707;37314221
1269;5.52529e-15;-285;1645;13979;12017.8;1;376;-2.14748e+09;-4.8603e+06;0;0;0;0;0;0;768787185;776064016;37406823
1270;5.52529e-15;-285;1645;13979;12017.8;1;376;-2.14748e+09;-4.84843e+06;-1;0;0;0;-1;0;769173092;776477439;37499376
1271;5.52529e-15;-286;1645;13979;12017.8;1;376;-2.14748e+09;-4.83659e+06;0;0;0;0;0;0;769558087;776889978;37591879
1272;5.52529e-15;-286;1645;13979;12017.8;1;376;-2.14748e+09;-4.8248e+06;-1;0;0;0;-1;0;769942172;777301636;37684333
1273;5.52529e-15;-286;1645;13979;12017.8;1;376;-2.14748e+09;-4.81314e+06;-1;0;0;0;-1;0;770325349;777712415;37776737
1274;5.52529e-15;-286;1645;13979;12017.8;1;376;-2.14748e+09;-4.80133e+06;-1;0;0;0;-1;0;770707622;778122319;37869090
1275;5.52529e-15;-286;1645;13979;12017.8;1;376;-2.14748e+09;-4.78965e+06;-1;0;0;0;-1;0;771088992;778531348;37961393
1276;5.52529e-15;-286;1645;13979;12017.8;1;376;-2.14748e+09;-4.77812e+06;-1;0;0;0;-1;0;771469464;778939506;38053644
1277;5.52529e-15;-287;1645;13979;12017.8;1;376;-2.14748e+09;-4.76642e+06;0;0;0;0;0;0;771849038;779346796;38145844
1278;5.52529e-15;-287;1645;13979;12017.8;1;376;-2.14748e+09;-4.75486e+06;-1;0;0;0;-1;0;772227718;779753219;38237992
1279;5.52529e-15;-288;1645;13979;12017.8;1;376;-2.14748e+09;-4.74334e+06;0;0;0;0;0;0;772605507;780158778;38330088
1280;5.52529e-15;-288;1645;13979;12017.8;1;376;-2.14748e+09;-4.73186e+06;-1;0;0;0;-1;0;772982407;780563476;38422131
1281;5.52529e-15;-289;1645;13979;12017.8;1;376;-2.14748e+09;-4.72042e+06;0;0;0;0;0;0;773358422;780967315;38514121
1282;5.52529e-15;-289;1645;13979;12017.8;1;376;-2.14748e+09;-4.70901e+06;-1;0;0;0;-1;0;773733552;781370298;38606058
1283;5.52529e-15;-289;1645;13979;12017.8;1;376;-2.14748e+09;-4.69764e+06;-1;0;0;0;-1;0;774107802;781772426;38697941
1284;5.52529e-15;-290;1645;13979;12017.8;1;376;-2.14748e+09;-4.68632e+06;0;0;0;0;0;0;774481173;782173703;38789771
1285;5.52529e-15;-291;1645;13979;12017.8;1;376;-2.14748e+09;-4.67502e+06;0;0;0;0;0;0;774853668;782574131;38881545
1286;5.52529e-15;-291;1645;13979;12017.8;1;376;-2.14748e+09;-4.66377e+06;-1;0;0;0;-1;0;775225290;782973711;38973266
1287;5.52529e-15;-292;1645;13979;12017.8;1;376;-2.14748e+09;-4.65255e+06;0;0;0;0;0;0;775596042;783372447;39064931
1288;5.52529e-15;-293;1645;13979;12017.8;1;376;-2.14748e+09;-4.64147e+06;0;0;0;0;0;0;775965925;783770341;39156541
1289;5.52529e-15;-293;1645;13979;12017.8;1;376;-2.14748e+09;-4.63022e+06;-1;0;0;0;-1;0;776334942;784167395;39248095
1290;5.52529e-15;-294;1645;13979;12017.8;1;376;-2.14748e+09;-4.61912e+06;0;0;0;0;0;0;776703097;784563611;39339593
1291;5.52529e-15;-295;1645;13979;12017.8;1;376;-2.14748e+09;-4.60805e+06;0;0;0;0;0;0;777070391;784958992;39431035
1292;5.52529e-15;-296;1645;13979;12017.8;1;376;-2.14748e+09;-4.59701e+06;0;0;0;0;0;0;777436827;785353541;39522420
1293;5.52529e-15;-296;1645;13979;12017.8;1;376;-2.14748e+09;-4.58601e+06;-1;0;0;0;-1;0;777802408;785747258;39613749
1294;5.52529e-15;-296;1645;13979;12017.8;1;376;-2.14748e+09;-4.57515e+06;-1;0;0;0;-1;0;778167135;786140148;39705019
1295;5.52529e-15;-296;1645;13979;12017.8;1;376;-2.14748e+09;-4.56422e+06;-1;0;0;0;-1;0;778531012;786532212;39796233
1296;5.52529e-15;-297;1645;13979;12017.8;1;376;-2.14748e+09;-4.55323e+06;0;0;0;0;0;0;778894041;786923452;39887388
1297;5.52529e-15;-297;1645;13979;12017.8;1;376;-2.14748e+09;-4.54248e+06;-1;0;0;0;-1;0;779256224;787313870;39978485
1298;5.52529e-15;-298;1645;13979;12017.8;1;376;-2.14748e+09;-4.53166e+06;0;0;0;0;0;0;779617564;787703470;40069523
1299;5.52529e-15;-298;1645;13979;12017.8;1;376;-2.14748e+09;-4.52077e+06;-1;0;0;0;-1;0;779978064;788092252;40160503
1300;5.52529e-15;-299;1645;13979;12017.8;1;376;-2.14748e+09;-4.51002e+06;0;0;0;0;0;0;780337724;788480220;40251423
1301;5.52529e-15;-300;1645;13979;12017.8;1;376;-2.14748e+09;-4.4993e+06;0;0;0;0;0;0;780696550;788867376;40342284
1302;5.52529e-15;-301;1645;13979;12017.8;1;376;-2.14748e+09;-4.48862e+06;0;0;0;0;0;0;781054541;789253721;40433085
1303;5.52529e-15;-301;1645;13979;12017.8;1;376;-2.14748e+09;-4.47798e+06;-1;0;0;0;-1;0;781411702;789639259;40523826
1304;5.52529e-15;-302;1645;13979;12017.8;1;376;-2.14748e+09;-4.46746e+06;0;0;0;0;0;0;781768033;790023991;40614507
1305;5.52529e-15;-302;1645;13979;12017.8;1;376;-2.14748e+09;-4.45678e+06;-1;0;0;0;-1;0;782123539;790407919;40705126
1306;5.52529e-15;-303;1645;13979;12017.8;1;376;-2.14748e+09;-4.44624e+06;0;0;0;0;0;0;782478220;790791046;40795685
1307;5.52529e-15;-304;1645;13979;12017.8;1;376;-2.14748e+09;-4.43573e+06;0;0;0;0;0;0;782832080;791173374;40886183
1308;5.52529e-15;-304;1645;13979;12017.8;1;376;-2.14748e+09;-4.42525e+06;-1;0;0;0;-1;0;783185121;791554905;40976618
1309;5.52529e-15;-305;1645;13979;12017.8;1;376;-2.14748e+09;-4.41481e+06;0;0;0;0;0;0;783537345;791935641;41066992
1310;5.52529e-15;-306;1645;13979;12017.8;1;376;-2.14748e+09;-4.4044e+06;0;0;0;0;0;0;783888754;792315585;41157304
1311;5.52529e-15;-307;1645;13979;12017.8;1;376;-2.14748e+09;-4.39402e+06;0;0;0;0;0;0;784239351;792694738;41247553
1312;5.52529e-15;-307;1645;13979;12017.8;1;376;-2.14748e+09;-4.38368e+06;-1;0;0;0;-1;0;784589139;793073102;41337740
1313;5.52529e-15;-308;1645;13979;12017.8;1;376;-2.14748e+09;-4.37346e+06;0;0;0;0;0;0;784938119;793450681;41427864
1314;5.52529e-15;-308;1645;13979;12017.8;1;376;-2.14748e+09;-4.36308e+06;-1;0;0;0;-1;0;785286293;793827475;41517924
1315;5.52529e-15;-308;1645;13979;12017.8;1;376;-2.14748e+09;-4.35294e+06;-1;0;0;0;-1;0;785633665;794203487;41607920
1316;5.52529e-15;-309;1645;13979;12017.8;1;376;-2.14748e+09;-4.34262e+06;0;0;0;0;0;0;785980235;794578720;41697853
1317;5.52529e-15;-309;1645;13979;12017.8;1;376;-2.14748e+09;-4.33254e+06;-1;0;0;0;-1;0;786326008;794953175;41787722
1318;5.52529e-15;-309;1645;13979;12017.8;1;376;-2.14748e+09;-4.32239e+06;-1;0;0;0;-1;0;786670984;795326854;41877526
1319;5.52529e-15;-309;1645;13979;12017.8;1;376;-2.14748e+09;-4.31218e+06;-1;0;0;0;-1;0;787015166;795699759;41967266
1320;5.52529e-15;-310;1645;13979;12017.8;1;376;-2.14748e+09;-4.30219e+06;0;0;0;0;0;0;787358557;796071893;42056940
1321;5.52529e-15;-310;1645;13979;12017.8;1;376;-2.14748e+09;-4.29214e+06;-1;0;0;0;-1;0;787701158;796443257;42146550
1322;5.52529e-15;-311;1645;13979;12017.8;1;376;-2.14748e+09;-4.28211e+06;0;0;0;0;0;0;788042973;796813854;42236094
1323;5.52529e-15;-312;1645;13979;12017.8;1;376;-2.14748e+09;-4.27202e+06;0;0;0;0;0;0;788384002;797183686;42325572
1324;5.52529e-15;-312;1645;13979;12017.8;1;376;-2.14748e+09;-4.26206e+06;-1;0;0;0;-1;0;788724249;797552754;42414984
1325;5.52529e-15;-312;1645;13979;12017.8;1;376;-2.14748e+09;-4.25213e+06;-1;0;0;0;-1;0;789063715;797921061;42504330
1326;5.52529e-15;-313;1645;13979;12017.8;1;376;-2.14748e+09;-4.24224e+06;0;0;0;0;0;0;789402403;798288609;42593610
1327;5.52529e-15;-313;1645;13979;12017.8;1;376;-2.14748e+09;-4.23237e+06;-1;0;0;0;-1;0;789740314;798655400;42682823
1328;5.52529e-15;-313;1645;13979;12017.8;1;376;-2.14748e+09;-4.22253e+06;-1;0;0;0;-1;0;790077452;799021435;42771969
1329;5.52529e-15;-314;1645;13979;12017.8;1;376;-2.14748e+09;-4.21282e+06;0;0;0;0;0;0;790413818;799386717;42861047
1330;5.52529e-15;-314;1645;13979;12017.8;1;376;-2.14748e+09;-4.20295e+06;-1;0;0;0;-1;0;790749415;799751248;42950058
1331;5.52529e-15;-315;1645;13979;12017.8;1;376;-2.14748e+09;-4.1933e+06;0;0;0;0;0;0;791084244;800115029;43039001
1332;5.52529e-15;-315;1645;13979;12017.8;1;376;-2.14748e+09;-4.18359e+06;-1;0;0;0;-1;0;791418307;800478064;43127877
1333;5.52529e-15;-315;1645;13979;12017.8;1;376;-2.14748e+09;-4.1738e+06;-1;0;0;0;-1;0;791751608;800840353;43216684
1334;5.52529e-15;-316;1645;13979;12017.8;1;376;-2.14748e+09;-4.16425e+06;0;0;0;0;0;0;792084148;801201898;43305422
1335;5.52529e-15;-317;1645;13979;12017.8;1;376;-2.14748e+09;-4.15452e+06;0;0;0;0;0;0;792415928;801562702;43394092
1336;5.52529e-15;-318;1645;13979;12017.8;1;376;-2.14748e+09;-4.14493e+06;0;0;0;0;0;0;792746952;801922767;43482693
1337;5.52529e-15;-319;1645;13979;12017.8;1;376;-2.14748e+09;-4.13536e+06;0;0;0;0;0;0;793077222;802282094;43571225
1338;5.52529e-15;-320;1645;13979;12017.8;1;376;-2.14748e+09;-4.12582e+06;0;0;0;0;0;0;793406739;802640686;43659687
1339;5.52529e-15;-321;1645;13979;12017.8;1;376;-2.14748e+09;-4.11641e+06;0;0;0;0;0;0;793735505;802998544;43748080
1340;5.52529e-15;-321;1645;13979;12017.8;1;376;-2.14748e+09;-4.10683e+06;-1;0;0;0;-1;0;794063524;803355670;43836403
1341;5.52529e-15;-322;1645;13979;12017.8;1;376;-2.14748e+09;-4.09748e+06;0;0;0;0;0;0;794390795;803712066;43924656
1342;5.52529e-15;-322;1645;13979;12017.8;1;376;-2.14748e+09;-4.08806e+06;-1;0;0;0;-1;0;794717323;804067735;44012838
1343;5.52529e-15;-322;1645;13979;12017.8;1;376;-2.14748e+09;-4.07857e+06;-1;0;0;0;-1;0;795043109;804422677;44100950
1344;5.52529e-15;-323;1645;13979;12017.8;1;376;-2.14748e+09;-4.06931e+06;0;0;0;0;0;0;795368154;804776895;44188991
1345;5.52529e-15;-323;1645;13979;12017.8;1;376;-2.14748e+09;-4.05987e+06;-1;0;0;0;-1;0;795692462;805130391;44276961
1346;5.52529e-15;-323;1645;13979;12017.8;1;376;-2.14748e+09;-4.05056e+06;-1;0;0;0;-1;0;796016033;805483167;44364860
1347;5.52529e-15;-324;1645;13979;12017.8;1;376;-2.14748e+09;-4.04128e+06;0;0;0;0;0;0;796338871;805835224;44452688
1348;5.52529e-15;-325;1645;13979;12017.8;1;376;-2.14748e+09;-4.03203e+06;0;0;0;0;0;0;796660977;806186564;44540444
1349;5.52529e-15;-326;1645;13979;12017.8;1;376;-2.14748e+09;-4.02281e+06;0;0;0;0;0;0;796982353;806537190;44628128
1350;5.52529e-15;-327;1645;13979;12017.8;1;376;-2.14748e+09;-4.01361e+06;0;0;0;0;0;0;797303001;806887102;44715740
1351;5.52529e-15;-327;1645;13979;12017.8;1;376;-2.14748e+09;-4.00444e+06;-1;0;0;0;-1;0;797622923;807236304;44803279
1352;5.52529e-15;-328;1645;13979;12017.8;1;376;-2.14748e+09;-3.9953e+06;0;0;0;0;0;0;797942121;807584796;44890746
1353;5.52529e-15;-328;1645;13979;12017.8;1;376;-2.14748e+09;-3.98619e+06;-1;0;0;0;-1;0;798260598;807932580;44978141
1354;5.52529e-15;-329;1645;13979;12017.8;1;376;-2.14748e+09;-3.9771e+06;0;0;0;0;0;0;798578354;808279659;45065463
1355;5.52529e-15;-330;1645;13979;12017.8;1;376;-2.14748e+09;-3.96805e+06;0;0;0;0;0;0;798895393;808626034;45152711
1356;5.52529e-15;-331;1645;13979;12017.8;1;376;-2.14748e+09;-3.95902e+06;0;0;0;0;0;0;799211715;808971707;45239887
1357;5.52529e-15;-332;1645;13979;12017.8;1;376;-2.14748e+09;-3.95001e+06;0;0;0;0;0;0;799527324;809316680;45326988
1358;5.52529e-15;-332;1645;13979;12017.8;1;376;-2.14748e+09;-3.94113e+06;-1;0;0;0;-1;0;799842221;809660954;45414017
1359;5.52529e-15;-332;1645;13979;12017.8;1;376;-2.14748e+09;-3.93208e+06;-1;0;0;0;-1;0;800156407;810004532;45500971
1360;5.52529e-15;-332;1645;13979;12017.8;1;376;-2.14748e+09;-3.92326e+06;-1;0;0;0;-1;0;800469886;810347415;45587851
1361;5.52529e-15;-332;1645;13979;12017.8;1;376;-2.14748e+09;-3.91426e+06;-1;0;0;0;-1;0;800782658;810689604;45674657
1362;5.52529e-15;-332;1645;13979;12017.8;1;376;-2.14748e+09;-3.90539e+06;-1;0;0;0;-1;0;801094726;811031102;45761388
1363;5.52529e-15;-332;1645;13979;12017.8;1;376;-2.14748e+09;-3.89665e+06;-1;0;0;0;-1;0;801406092;811371911;45848045
1364;5.52529e-15;-332;1645;13979;12017.8;1;376;-2.14748e+09;-3.88773e+06;-1;0;0;0;-1;0;801716757;811712031;45934627
1365;5.52529e-15;-332;1645;13979;12017.8;1;376;-2.14748e+09;-3.87894e+06;-1;0;0;0;-1;0;802026724;812051466;46021134
1366;5.52529e-15;-332;1645;13979;12017.8;1;376;-2.14748e+09;-3.87017e+06;-1;0;0;0;-1;0;802335994;812390216;46107566
1367;5.52529e-15;-332;1645;13979;12017.8;1;376;-2.14748e+09;-3.86143e+06;-1;0;0;0;-1;0;802644569;812728283;46193923
1368;5.52529e-15;-332;1645;13979;12017.8;1;376;-2.14748e+09;-3.85271e+06;-1;0;0;0;-1;0;802952452;813065670;46280203
1369;5.52529e-15;-332;1645;13979;12017.8;1;376;-2.14748e+09;-3.84402e+06;-1;0;0;0;-1;0;803259644;813402377;46366409
1370;5.52529e-15;-332;1645;13979;12017.8;1;376;-2.14748e+09;-3.83546e+06;-1;0;0;0;-1;0;803566146;813738407;46452538
1371;5.52529e-15;-333;1645;13979;12017.8;1;376;-2.14748e+09;-3.82672e+06;0;0;0;0;0;0;803871961;814073761;46538591
1372;5.52529e-15;-333;1645;13979;12017.8;1;376;-2.14748e+09;-3.81821e+06;-1;0;0;0;-1;0;804177091;814408441;46624568
1373;5.52529e-15;-334;1645;13979;12017.8;1;376;-2.14748e+09;-3.80952e+06;0;0;0;0;0;0;804481538;814742448;46710468
1374;5.52529e-15;-334;1645;13979;12017.8;1;376;-2.14748e+09;-3.80096e+06;-1;0;0;0;-1;0;804785302;815075785;46796292
1375;5.52529e-15;-334;1645;13979;12017.8;1;376;-2.14748e+09;-3.79242e+06;-1;0;0;0;-1;0;805088387;815408452;46882039
1376;5.52529e-15;-334;1645;13979;12017.8;1;376;-2.14748e+09;-3.784e+06;-1;0;0;0;-1;0;805390794;815740452;46967709
1377;5.52529e-15;-335;1645;13979;12017.8;1;376;-2.14748e+09;-3.77542e+06;0;0;0;0;0;0;805692525;816071787;47053302
1378;5.52529e-15;-336;1645;13979;12017.8;1;376;-2.14748e+09;-3.76695e+06;0;0;0;0;0;0;805993581;816402457;47138818
1379;5.52529e-15;-337;1645;13979;12017.8;1;376;-2.14748e+09;-3.75851e+06;0;0;0;0;0;0;806293965;816732465;47224256
1380;5.52529e-15;-337;1645;13979;12017.8;1;376;-2.14748e+09;-3.7501e+06;-1;0;0;0;-1;0;806593678;817061813;47309617
1381;5.52529e-15;-338;1645;13979;12017.8;1;376;-2.14748e+09;-3.74171e+06;0;0;0;0;0;0;806892723;817390501;47394900
1382;5.52529e-15;-338;1645;13979;12017.8;1;376;-2.14748e+09;-3.73334e+06;-1;0;0;0;-1;0;807191100;817718532;47480104
1383;5.52529e-15;-338;1645;13979;12017.8;1;376;-2.14748e+09;-3.725e+06;-1;0;0;0;-1;0;807488812;818045907;47565231
1384;5.52529e-15;-338;1645;13979;12017.8;1;376;-2.14748e+09;-3.71668e+06;-1;0;0;0;-1;0;807785860;818372627;47650280
1385;5.52529e-15;-338;1645;13979;12017.8;1;376;-2.14748e+09;-3.70839e+06;-1;0;0;0;-1;0;808082247;818698695;47735250
1386;5.52529e-15;-339;1645;13979;12017.8;1;376;-2.14748e+09;-3.70012e+06;0;0;0;0;0;0;808377973;819024113;47820142
1387;5.52529e-15;-340;1645;13979;12017.8;1;376;-2.14748e+09;-3.69187e+06;0;0;0;0;0;0;808673042;819348880;47904955
1388;5.52529e-15;-340;1645;13979;12017.8;1;376;-2.14748e+09;-3.68365e+06;-1;0;0;0;-1;0;808967453;819673000;47989689
1389;5.52529e-15;-340;1645;13979;12017.8;1;376;-2.14748e+09;-3.67545e+06;-1;0;0;0;-1;0;809261211;819996474;48074344
1390;5.52529e-15;-341;1645;13979;12017.8;1;376;-2.14748e+09;-3.66728e+06;0;0;0;0;0;0;809554315;820319303;48158920
1391;5.52529e-15;-341;1645;13979;12017.8;1;376;-2.14748e+09;-3.65912e+06;-1;0;0;0;-1;0;809846768;820641490;48243417
1392;5.52529e-15;-341;1645;13979;12017.8;1;376;-2.14748e+09;-3.651e+06;-1;0;0;0;-1;0;810138571;820963034;48327834
1393;5.52529e-15;-341;1645;13979;12017.8;1;376;-2.14748e+09;-3.64299e+06;-1;0;0;0;-1;0;810429727;821283940;48412172
1394;5.52529e-15;-341;1645;13979;12017.8;1;376;-2.14748e+09;-3.63481e+06;-1;0;0;0;-1;0;810720236;821604206;48496430
1395;5.52529e-15;-342;1645;13979;12017.8;1;376;-2.14748e+09;-3.62675e+06;0;0;0;0;0;0;811010102;821923836;48580608
1396;5.52529e-15;-343;1645;13979;12017.8;1;376;-2.14748e+09;-3.61871e+06;0;0;0;0;0;0;811299324;822242831;48664706
1397;5.52529e-15;-343;1645;13979;12017.8;1;376;-2.14748e+09;-3.6108e+06;-1;0;0;0;-1;0;811587906;822561193;48748724
1398;5.52529e-15;-344;1645;13979;12017.8;1;376;-2.14748e+09;-3.60271e+06;0;0;0;0;0;0;811875849;822878922;48832662
1399;5.52529e-15;-344;1645;13979;12017.8;1;376;-2.14748e+09;-3.59474e+06;-1;0;0;0;-1;0;812163154;823196021;48916519
1400;5.52529e-15;-345;1645;13979;12017.8;1;376;-2.14748e+09;-3.58679e+06;0;0;0;0;0;0;812449823;823512491;49000296
1401;5.52529e-15;-346;1645;13979;12017.8;1;376;-2.14748e+09;-3.57897e+06;0;0;0;0;0;0;812735858;823828333;49083992
1402;5.52529e-15;-347;1645;13979;12017.8;1;376;-2.14748e+09;-3.57097e+06;0;0;0;0;0;0;813021260;824143549;49167607
1403;5.52529e-15;-347;1645;13979;12017.8;1;376;-2.14748e+09;-3.56309e+06;-1;0;0;0;-1;0;813306032;824458141;49251142
1404;5.52529e-15;-347;1645;13979;12017.8;1;376;-2.14748e+09;-3.55523e+06;-1;0;0;0;-1;0;813590175;824772111;49334595
1405;5.52529e-15;-348;1645;13979;12017.8;1;376;-2.14748e+09;-3.5474e+06;0;0;0;0;0;0;813873690;825085459;49417967
1406;5.52529e-15;-348;1645;13979;12017.8;1;376;-2.14748e+09;-3.53959e+06;-1;0;0;0;-1;0;814156579;825398187;49501258
1407;5.52529e-15;-349;1645;13979;12017.8;1;376;-2.14748e+09;-3.5318e+06;0;0;0;0;0;0;814438844;825710296;49584467
1408;5.52529e-15;-349;1645;13979;12017.8;1;376;-2.14748e+09;-3.52403e+06;-1;0;0;0;-1;0;814720486;826021789;49667595
1409;5.52529e-15;-349;1645;13979;12017.8;1;376;-2.14748e+09;-3.51628e+06;-1;0;0;0;-1;0;815001508;826332666;49750641
1410;5.52529e-15;-350;1645;13979;12017.8;1;376;-2.14748e+09;-3.50856e+06;0;0;0;0;0;0;815281910;826642930;49833606
1411;5.52529e-15;-351;1645;13979;12017.8;1;376;-2.14748e+09;-3.50085e+06;0;0;0;0;0;0;815561695;826952581;49916488
1412;5.52529e-15;-351;1645;13979;12017.8;1;376;-2.14748e+09;-3.49327e+06;-1;0;0;0;-1;0;815840863;827261621;49999288
1413;5.52529e-15;-352;1645;13979;12017.8;1;376;-2.14748e+09;-3.48551e+06;0;0;0;0;0;0;816119418;827570051;50082007
1414;5.52529e-15;-352;1645;13979;12017.8;1;376;-2.14748e+09;-3.47797e+06;-1;0;0;0;-1;0;816397359;827877874;50164643
1415;5.52529e-15;-352;1645;13979;12017.8;1;376;-2.14748e+09;-3.47035e+06;-1;0;0;0;-1;0;816674689;828185090;50247196
1416;5.52529e-15;-352;1645;13979;12017.8;1;376;-2.14748e+09;-3.46275e+06;-1;0;0;0;-1;0;816951410;828491701;50329667
1417;5.52529e-15;-352;1645;13979;12017.8;1;376;-2.14748e+09;-3.45508e+06;-1;0;0;0;-1;0;817227522;828797708;50412056
1418;5.52529e-15;-352;1645;13979;12017.8;1;376;-2.14748e+09;-3.44762e+06;-1;0;0;0;-1;0;817503028;829103113;50494362
1419;5.52529e-15;-352;1645;13979;12017.8;1;376;-2.14748e+09;-3.43999e+06;-1;0;0;0;-1;0;817777929;829407917;50576585
1420;5.52529e-15;-352;1645;13979;12017.8;1;376;-2.14748e+09;-3.43248e+06;-1;0;0;0;-1;0;818052227;829712122;50658725
1421;5.52529e-15;-353;1645;13979;12017.8;1;376;-2.14748e+09;-3.42508e+06;0;0;0;0;0;0;818325923;830015729;50740782
1422;5.52529e-15;-353;1645;13979;12017.8;1;376;-2.14748e+09;-3.41751e+06;-1;0;0;0;-1;0;818599019;830318739;50822755
1423;5.52529e-15;-353;1645;13979;12017.8;1;376;-2.14748e+09;-3.41006e+06;-1;0;0;0;-1;0;818871517;830621154;50904646
1424;5.52529e-15;-353;1645;13979;12017.8;1;376;-2.14748e+09;-3.40263e+06;-1;0;0;0;-1;0;819143417;830922976;50986453
1425;5.52529e-15;-354;1645;13979;12017.8;1;376;-2.14748e+09;-3.39532e+06;0;0;0;0;0;0;819414722;831224205;51068177
1426;5.52529e-15;-355;1645;13979;12017.8;1;376;-2.14748e+09;-3.38783e+06;0;0;0;0;0;0;819685433;831524844;51149817
1427;5.52529e-15;-356;1645;13979;12017.8;1;376;-2.14748e+09;-3.38046e+06;0;0;0;0;0;0;819955552;831824893;51231374
1428;5.52529e-15;-356;1645;13979;12017.8;1;376;-2.14748e+09;-3.37311e+06;-1;0;0;0;-1;0;820225079;832124354;51312847
1429;5.52529e-15;-357;1645;13979;12017.8;1;376;-2.14748e+09;-3.36588e+06;0;0;0;0;0;0;820494018;832423228;51394236
1430;5.52529e-15;-358;1645;13979;12017.8;1;376;-2.14748e+09;-3.35847e+06;0;0;0;0;0;0;820762368;832721517;51475541
1431;5.52529e-15;-359;1645;13979;12017.8;1;376;-2.14748e+09;-3.35118e+06;0;0;0;0;0;0;821030133;833019222;51556762
1432;5.52529e-15;-360;1645;13979;12017.8;1;376;-2.14748e+09;-3.34391e+06;0;0;0;0;0;0;821297312;833316345;51637899
1433;5.52529e-15;-361;1645;13979;12017.8;1;376;-2.14748e+09;-3.33666e+06;0;0;0;0;0;0;821563909;833612886;51718952
1434;5.52529e-15;-362;1645;13979;12017.8;1;376;-2.14748e+09;-3.32953e+06;0;0;0;0;0;0;821829923;833908847;51799920
1435;5.52529e-15;-363;1645;13979;12017.8;1;376;-2.14748e+09;-3.32232e+06;0;0;0;0;0;0;822095357;834204231;51880804
1436;5.52529e-15;-363;1645;13979;12017.8;1;376;-2.14748e+09;-3.31503e+06;-1;0;0;0;-1;0;822360213;834499037;51961604
1437;5.52529e-15;-363;1645;13979;12017.8;1;376;-2.14748e+09;-3.30786e+06;-1;0;0;0;-1;0;822624491;834793267;52042319
1438;5.52529e-15;-363;1645;13979;12017.8;1;376;-2.14748e+09;-3.3007e+06;-1;0;0;0;-1;0;822888193;835086923;52122949
1439;5.52529e-15;-364;1645;13979;12017.8;1;376;-2.14748e+09;-3.29367e+06;0;0;0;0;0;0;823151322;835380006;52203495
1440;5.52529e-15;-364;1645;13979;12017.8;1;376;-2.14748e+09;-3.28646e+06;-1;0;0;0;-1;0;823413877;835672517;52283955
1441;5.52529e-15;-365;1645;13979;12017.8;1;376;-2.14748e+09;-3.27936e+06;0;0;0;0;0;0;823675861;835964458;52364331
1442;5.52529e-15;-365;1645;13979;12017.8;1;376;-2.14748e+09;-3.27229e+06;-1;0;0;0;-1;0;823937275;836255830;52444622
1443;5.52529e-15;-366;1645;13979;12017.8;1;376;-2.14748e+09;-3.26523e+06;0;0;0;0;0;0;824198120;836546634;52524828
1444;5.52529e-15;-367;1645;13979;12017.8;1;376;-2.14748e+09;-3.2582e+06;0;0;0;0;0;0;824458399;836836871;52604949
1445;5.52529e-15;-367;1645;13979;12017.8;1;376;-2.14748e+09;-3.25128e+06;-1;0;0;0;-1;0;824718112;837126544;52684984
1446;5.52529e-15;-367;1645;13979;12017.8;1;376;-2.14748e+09;-3.24418e+06;-1;0;0;0;-1;0;824977261;837415653;52764934
1447;5.52529e-15;-367;1645;13979;12017.8;1;376;-2.14748e+09;-3.2372e+06;-1;0;0;0;-1;0;825235847;837704199;52844799
1448;5.52529e-15;-368;1645;13979;12017.8;1;376;-2.14748e+09;-3.23024e+06;0;0;0;0;0;0;825493872;837992184;52924578
1449;5.52529e-15;-368;1645;13979;12017.8;1;376;-2.14748e+09;-3.22329e+06;-1;0;0;0;-1;0;825751337;838279610;53004272
1450;5.52529e-15;-368;1645;13979;12017.8;1;376;-2.14748e+09;-3.21647e+06;-1;0;0;0;-1;0;826008244;838566477;53083880
1451;5.52529e-15;-369;1645;13979;12017.8;1;376;-2.14748e+09;-3.20946e+06;0;0;0;0;0;0;826264594;838852786;53163402
1452;5.52529e-15;-370;1645;13979;12017.8;1;376;-2.14748e+09;-3.20257e+06;0;0;0;0;0;0;826520388;839138540;53242839
1453;5.52529e-15;-370;1645;13979;12017.8;1;376;-2.14748e+09;-3.1957e+06;-1;0;0;0;-1;0;826775629;839423739;53322190
1454;5.52529e-15;-371;1645;13979;12017.8;1;376;-2.14748e+09;-3.18885e+06;0;0;0;0;0;0;827030316;839708384;53401455
1455;5.52529e-15;-372;1645;13979;12017.8;1;376;-2.14748e+09;-3.18202e+06;0;0;0;0;0;0;827284453;839992478;53480634
1456;5.52529e-15;-372;1645;13979;12017.8;1;376;-2.14748e+09;-3.1753e+06;-1;0;0;0;-1;0;827538039;840276020;53559726
1457;5.52529e-15;-373;1645;13979;12017.8;1;376;-2.14748e+09;-3.16841e+06;0;0;0;0;0;0;827791077;840559013;53638733
1458;5.52529e-15;-373;1645;13979;12017.8;1;376;-2.14748e+09;-3.16173e+06;-1;0;0;0;-1;0;828043568;840841458;53717654
1459;5.52529e-15;-374;1645;13979;12017.8;1;376;-2.14748e+09;-3.15497e+06;0;0;0;0;0;0;828295513;841123356;53796489
1460;5.52529e-15;-375;1645;13979;12017.8;1;376;-2.14748e+09;-3.14812e+06;0;0;0;0;0;0;828546914;841404707;53875237
1461;5.52529e-15;-375;1645;13979;12017.8;1;376;-2.14748e+09;-3.1414e+06;-1;0;0;0;-1;0;828797772;841685515;53953899
1462;5.52529e-15;-375;1645;13979;12017.8;1;376;-2.14748e+09;-3.13469e+06;-1;0;0;0;-1;0;829048088;841965778;54032474
1463;5.52529e-15;-375;1645;13979;12017.8;1;376;-2.14748e+09;-3.128e+06;-1;0;0;0;-1;0;829297864;842245500;54110963
1464;5.52529e-15;-376;1645;13979;12017.8;1;376;-2.14748e+09;-3.12133e+06;0;0;0;0;0;0;829547101;842524681;54189366
1465;5.52529e-15;-377;1645;13979;12017.8;1;376;-2.14748e+09;-3.11478e+06;0;0;0;0;0;0;829795801;842803322;54267681
1466;5.52529e-15;-378;1645;13979;12017.8;1;376;-2.14748e+09;-3.10814e+06;0;0;0;0;0;0;830043965;843081425;54345911
1467;5.52529e-15;-378;1645;13979;12017.8;1;376;-2.14748e+09;-3.10142e+06;-1;0;0;0;-1;0;830291593;843358991;54424053
1468;5.52529e-15;-378;1645;13979;12017.8;1;376;-2.14748e+09;-3.09482e+06;-1;0;0;0;-1;0;830538689;843636021;54502109
1469;5.52529e-15;-378;1645;13979;12017.8;1;376;-2.14748e+09;-3.08823e+06;-1;0;0;0;-1;0;830785252;843912516;54580078
1470;5.52529e-15;-378;1645;13979;12017.8;1;376;-2.14748e+09;-3.08176e+06;-1;0;0;0;-1;0;831031284;844188478;54657960
1471;5.52529e-15;-379;1645;13979;12017.8;1;376;-2.14748e+09;-3.07511e+06;0;0;0;0;0;0;831276788;844463907;54735755
1472;5.52529e-15;-379;1645;13979;12017.8;1;376;-2.14748e+09;-3.06858e+06;-1;0;0;0;-1;0;831521763;844738805;54813463
1473;5.52529e-15;-379;1645;13979;12017.8;1;376;-2.14748e+09;-3.06206e+06;-1;0;0;0;-1;0;831766211;845013174;54891085
1474;5.52529e-15;-380;1645;13979;12017.8;1;376;-2.14748e+09;-3.05556e+06;0;0;0;0;0;0;832010133;845287013;54968619
1475;5.52529e-15;-380;1645;13979;12017.8;1;376;-2.14748e+09;-3.04908e+06;-1;0;0;0;-1;0;832253532;845560326;55046066
1476;5.52529e-15;-381;1645;13979;12017.8;1;376;-2.14748e+09;-3.04262e+06;0;0;0;0;0;0;832496408;845833112;55123426
1477;5.52529e-15;-381;1645;13979;12017.8;1;376;-2.14748e+09;-3.03617e+06;-1;0;0;0;-1;0;832738762;846105372;55200698
1478;5.52529e-15;-382;1645;13979;12017.8;1;376;-2.14748e+09;-3.02974e+06;0;0;0;0;0;0;832980596;846377109;55277884
1479;5.52529e-15;-383;1645;13979;12017.8;1;376;-2.14748e+09;-3.02332e+06;0;0;0;0;0;0;833221911;846648324;55354982
1480;5.52529e-15;-383;1645;13979;12017.8;1;376;-2.14748e+09;-3.01692e+06;-1;0;0;0;-1;0;833462709;846919016;55431993
1481;5.52529e-15;-383;1645;13979;12017.8;1;376;-2.14748e+09;-3.01054e+06;-1;0;0;0;-1;0;833702990;847189188;55508916
1482;5.52529e-15;-383;1645;13979;12017.8;1;376;-2.14748e+09;-3.00417e+06;-1;0;0;0;-1;0;833942756;847458841;55585752
1483;5.52529e-15;-384;1645;13979;12017.8;1;376;-2.14748e+09;-2.99782e+06;0;0;0;0;0;0;834182009;847727976;55662501
1484;5.52529e-15;-384;1645;13979;12017.8;1;376;-2.14748e+09;-2.99149e+06;-1;0;0;0;-1;0;834420749;847996595;55739161
1485;5.52529e-15;-384;1645;13979;12017.8;1;376;-2.14748e+09;-2.98518e+06;-1;0;0;0;-1;0;834658978;848264697;55815735
1486;5.52529e-15;-385;1645;13979;12017.8;1;376;-2.14748e+09;-2.97898e+06;0;0;0;0;0;0;834896696;848532285;55892221
1487;5.52529e-15;-386;1645;13979;12017.8;1;376;-2.14748e+09;-2.97259e+06;0;0;0;0;0;0;835133907;848799359;55968619
1488;5.52529e-15;-387;1645;13979;12017.8;1;376;-2.14748e+09;-2.96642e+06;0;0;0;0;0;0;835370610;849065921;56044929
1489;5.52529e-15;-387;1645;13979;12017.8;1;376;-2.14748e+09;-2.96007e+06;-1;0;0;0;-1;0;835606806;849331972;56121152
1490;5.52529e-15;-388;1645;13979;12017.8;1;376;-2.14748e+09;-2.95384e+06;0;0;0;0;0;0;835842498;849597513;56197287
1491;5.52529e-15;-388;1645;13979;12017.8;1;376;-2.14748e+09;-2.94762e+06;-1;0;0;0;-1;0;836077686;849862545;56273335
1492;5.52529e-15;-389;1645;13979;12017.8;1;376;-2.14748e+09;-2.94141e+06;0;0;0;0;0;0;836312372;850127070;56349294
1493;5.52529e-15;-390;1645;13979;12017.8;1;376;-2.14748e+09;-2.93522e+06;0;0;0;0;0;0;836546557;850391088;56425166
1494;5.52529e-15;-390;1645;13979;12017.8;1;376;-2.14748e+09;-2.92915e+06;-1;0;0;0;-1;0;836780242;850654600;56500950
1495;5.52529e-15;-390;1645;13979;12017.8;1;376;-2.14748e+09;-2.9229e+06;-1;0;0;0;-1;0;837013428;850917608;56576646
1496;5.52529e-15;-390;1645;13979;12017.8;1;376;-2.14748e+09;-2.91676e+06;-1;0;0;0;-1;0;837246117;851180113;56652254
1497;5.52529e-15;-390;1645;13979;12017.8;1;376;-2.14748e+09;-2.91063e+06;-1;0;0;0;-1;0;837478310;851442116;56727774
1498;5.52529e-15;-390;1645;13979;12017.8;1;376;-2.14748e+09;-2.90452e+06;-1;0;0;0;-1;0;837710007;851703617;56803206
1499;5.52529e-15;-390;1645;13979;12017.8;1;376;-2.14748e+09;-2.89843e+06;-1;0;0;0;-1;0;837941211;851964619;56878550
1500;5.52529e-15;-391;1645;13979;12017.8;1;376;-2.14748e+09;-2.89235e+06;0;0;0;0;0;0;838171923;852225122;56953806
1501;5.52529e-15;-391;1645;13979;12017.8;1;376;-2.14748e+09;-2.88629e+06;-1;0;0;0;-1;0;838402143;852485128;57028973
1502;5.52529e-15;-392;1645;13979;12017.8;1;376;-2.14748e+09;-2.88024e+06;0;0;0;0;0;0;838631873;852744637;57104053
1503;5.52529e-15;-393;1645;13979;12017.8;1;376;-2.14748e+09;-2.87431e+06;0;0;0;0;0;0;838861114;853003650;57179045
1504;5.52529e-15;-394;1645;13979;12017.8;1;376;-2.14748e+09;-2.86819e+06;0;0;0;0;0;0;839089868;853262169;57253948
1505;5.52529e-15;-394;1645;13979;12017.8;1;376;-2.14748e+09;-2.86229e+06;-1;0;0;0;-1;0;839318135;853520195;57328764
1506;5.52529e-15;-394;1645;13979;12017.8;1;376;-2.14748e+09;-2.8562e+06;-1;0;0;0;-1;0;839545916;853777729;57403491
1507;5.52529e-15;-395;1645;13979;12017.8;1;376;-2.14748e+09;-2.85033e+06;0;0;0;0;0;0;839773214;854034771;57478130
1508;5.52529e-15;-396;1645;13979;12017.8;1;376;-2.14748e+09;-2.84427e+06;0;0;0;0;0;0;840000028;854291323;57552681
1509;5.52529e-15;-396;1645;13979;12017.8;1;376;-2.14748e+09;-2.83843e+06;-1;0;0;0;-1;0;840226361;854547387;57627143
1510;5.52529e-15;-396;1645;13979;12017.8;1;376;-2.14748e+09;-2.8324e+06;-1;0;0;0;-1;0;840452214;854802963;57701517
1511;5.52529e-15;-396;1645;13979;12017.8;1;376;-2.14748e+09;-2.82649e+06;-1;0;0;0;-1;0;840677587;855058051;57775803
1512;5.52529e-15;-396;1645;13979;12017.8;1;376;-2.14748e+09;-2.8206e+06;-1;0;0;0;-1;0;840902482;855312654;57850000
1513;5.52529e-15;-397;1645;13979;12017.8;1;376;-2.14748e+09;-2.81472e+06;0;0;0;0;0;0;841126900;855566773;57924110
1514;5.52529e-15;-398;1645;13979;12017.8;1;376;-2.14748e+09;-2.80885e+06;0;0;0;0;0;0;841350842;855820407;57998131
1515;5.52529e-15;-398;1645;13979;12017.8;1;376;-2.14748e+09;-2.8031e+06;-1;0;0;0;-1;0;841574309;856073560;58072063
1516;5.52529e-15;-399;1645;13979;12017.8;1;376;-2.14748e+09;-2.79726e+06;0;0;0;0;0;0;841797303;856326230;58145907
1517;5.52529e-15;-400;1645;13979;12017.8;1;376;-2.14748e+09;-2.79134e+06;0;0;0;0;0;0;842019824;856578420;58219663
1518;5.52529e-15;-401;1645;13979;12017.8;1;376;-2.14748e+09;-2.78553e+06;0;0;0;0;0;0;842241874;856830131;58293330
1519;5.52529e-15;-401;1645;13979;12017.8;1;376;-2.14748e+09;-2.77973e+06;-1;0;0;0;-1;0;842463454;857081363;58366909
1520;5.52529e-15;-402;1645;13979;12017.8;1;376;-2.14748e+09;-2.77405e+06;0;0;0;0;0;0;842684565;857332119;58440400
1521;5.52529e-15;-402;1645;13979;12017.8;1;376;-2.14748e+09;-2.76819e+06;-1;0;0;0;-1;0;842905209;857582397;58513802
1522;5.52529e-15;-403;1645;13979;12017.8;1;376;-2.14748e+09;-2.76244e+06;0;0;0;0;0;0;843125385;857832201;58587115
1523;5.52529e-15;-404;1645;13979;12017.8;1;376;-2.14748e+09;-2.7567e+06;0;0;0;0;0;0;843345096;858081530;58660340
1524;5.52529e-15;-404;1645;13979;12017.8;1;376;-2.14748e+09;-2.75108e+06;-1;0;0;0;-1;0;843564343;858330386;58733477
1525;5.52529e-15;-405;1645;13979;12017.8;1;376;-2.14748e+09;-2.74537e+06;0;0;0;0;0;0;843783127;858578770;58806525
1526;5.52529e-15;-406;1645;13979;12017.8;1;376;-2.14748e+09;-2.73958e+06;0;0;0;0;0;0;844001448;858826683;58879485
1527;5.52529e-15;-406;1645;13979;12017.8;1;376;-2.14748e+09;-2.734e+06;-1;0;0;0;-1;0;844219309;859074126;58952356
1528;5.52529e-15;-406;1645;13979;12017.8;1;376;-2.14748e+09;-2.72823e+06;-1;0;0;0;-1;0;844436709;859321100;59025138
1529;5.52529e-15;-406;1645;13979;12017.8;1;376;-2.14748e+09;-2.72268e+06;-1;0;0;0;-1;0;844653651;859567605;59097833
1530;5.52529e-15;-406;1645;13979;12017.8;1;376;-2.14748e+09;-2.71694e+06;-1;0;0;0;-1;0;844870135;859813644;59170438
1531;5.52529e-15;-407;1645;13979;12017.8;1;376;-2.14748e+09;-2.71132e+06;0;0;0;0;0;0;845086162;860059216;59242955
1532;5.52529e-15;-408;1645;13979;12017.8;1;376;-2.14748e+09;-2.70571e+06;0;0;0;0;0;0;845301734;860304324;59315384
1533;5.52529e-15;-409;1645;13979;12017.8;1;376;-2.14748e+09;-2.70011e+06;0;0;0;0;0;0;845516852;860548967;59387724
1534;5.52529e-15;-410;1645;13979;12017.8;1;376;-2.14748e+09;-2.69453e+06;0;0;0;0;0;0;845731517;860793147;59459975
1535;5.52529e-15;-410;1645;13979;12017.8;1;376;-2.14748e+09;-2.68906e+06;-1;0;0;0;-1;0;845945729;861036865;59532138
1536;5.52529e-15;-410;1645;13979;12017.8;1;376;-2.14748e+09;-2.68341e+06;-1;0;0;0;-1;0;846159490;861280123;59604213
1537;5.52529e-15;-411;1645;13979;12017.8;1;376;-2.14748e+09;-2.67786e+06;0;0;0;0;0;0;846372801;861522920;59676199
1538;5.52529e-15;-412;1645;13979;12017.8;1;376;-2.14748e+09;-2.67234e+06;0;0;0;0;0;0;846585664;861765258;59748096
1539;5.52529e-15;-412;1645;13979;12017.8;1;376;-2.14748e+09;-2.66682e+06;-1;0;0;0;-1;0;846798078;862007138;59819905
1540;5.52529e-15;-413;1645;13979;12017.8;1;376;-2.14748e+09;-2.66142e+06;0;0;0;0;0;0;847010046;862248560;59891625
1541;5.52529e-15;-414;1645;13979;12017.8;1;376;-2.14748e+09;-2.65584e+06;0;0;0;0;0;0;847221568;862489527;59963257
1542;5.52529e-15;-414;1645;13979;12017.8;1;376;-2.14748e+09;-2.65036e+06;-1;0;0;0;-1;0;847432646;862730039;60034800
1543;5.52529e-15;-414;1645;13979;12017.8;1;376;-2.14748e+09;-2.6449e+06;-1;0;0;0;-1;0;847643280;862970096;60106255
1544;5.52529e-15;-414;1645;13979;12017.8;1;376;-2.14748e+09;-2.63946e+06;-1;0;0;0;-1;0;847853471;863209700;60177621
1545;5.52529e-15;-414;1645;13979;12017.8;1;376;-2.14748e+09;-2.63412e+06;-1;0;0;0;-1;0;848063221;863448852;60248899
1546;5.52529e-15;-414;1645;13979;12017.8;1;376;-2.14748e+09;-2.6286e+06;-1;0;0;0;-1;0;848272531;863687553;60320088
1547;5.52529e-15;-415;1645;13979;12017.8;1;376;-2.14748e+09;-2.62319e+06;0;0;0;0;0;0;848481402;863925803;60391188
1548;5.52529e-15;-415;1645;13979;12017.8;1;376;-2.14748e+09;-2.6178e+06;-1;0;0;0;-1;0;848689834;864163604;60462201
1549;5.52529e-15;-415;1645;13979;12017.8;1;376;-2.14748e+09;-2.61242e+06;-1;0;0;0;-1;0;848897829;864400957;60533124
1550;5.52529e-15;-415;1645;13979;12017.8;1;376;-2.14748e+09;-2.60705e+06;-1;0;0;0;-1;0;849105388;864637862;60603959
1551;5.52529e-15;-416;1645;13979;12017.8;1;376;-2.14748e+09;-2.6017e+06;0;0;0;0;0;0;849312512;864874320;60674706
1552;5.52529e-15;-417;1645;13979;12017.8;1;376;-2.14748e+09;-2.59636e+06;0;0;0;0;0;0;849519202;865110334;60745364
1553;5.52529e-15;-418;1645;13979;12017.8;1;376;-2.14748e+09;-2.59103e+06;0;0;0;0;0;0;849725459;865345902;60815934
1554;5.52529e-15;-419;1645;13979;12017.8;1;376;-2.14748e+09;-2.58571e+06;0;0;0;0;0;0;849931284;865581027;60886415
1555;5.52529e-15;-419;1645;13979;12017.8;1;376;-2.14748e+09;-2.58041e+06;-1;0;0;0;-1;0;850136678;865815709;60956808
1556;5.52529e-15;-419;1645;13979;12017.8;1;376;-2.14748e+09;-2.57512e+06;-1;0;0;0;-1;0;850341642;866049950;61027112
1557;5.52529e-15;-420;1645;13979;12017.8;1;376;-2.14748e+09;-2.56984e+06;0;0;0;0;0;0;850546177;866283749;61097328
1558;5.52529e-15;-420;1645;13979;12017.8;1;376;-2.14748e+09;-2.56458e+06;-1;0;0;0;-1;0;850750285;866517109;61167456
1559;5.52529e-15;-420;1645;13979;12017.8;1;376;-2.14748e+09;-2.55942e+06;-1;0;0;0;-1;0;850953965;866750030;61237495
1560;5.52529e-15;-421;1645;13979;12017.8;1;376;-2.14748e+09;-2.55408e+06;0;0;0;0;0;0;851157220;866982513;61307446
1561;5.52529e-15;-421;1645;13979;12017.8;1;376;-2.14748e+09;-2.54896e+06;-1;0;0;0;-1;0;851360050;867214558;61377308
1562;5.52529e-15;-421;1645;13979;12017.8;1;376;-2.14748e+09;-2.54364e+06;-1;0;0;0;-1;0;851562456;867446168;61447082
1563;5.52529e-15;-421;1645;13979;12017.8;1;376;-2.14748e+09;-2.53844e+06;-1;0;0;0;-1;0;851764439;867677342;61516768
1564;5.52529e-15;-421;1645;13979;12017.8;1;376;-2.14748e+09;-2.53335e+06;-1;0;0;0;-1;0;851966001;867908082;61586365
1565;5.52529e-15;-421;1645;13979;12017.8;1;376;-2.14748e+09;-2.52818e+06;-1;0;0;0;-1;0;852167142;868138388;61655875
1566;5.52529e-15;-421;1645;13979;12017.8;1;376;-2.14748e+09;-2.52291e+06;-1;0;0;0;-1;0;852367863;868368262;61725295
1567;5.52529e-15;-421;1645;13979;12017.8;1;376;-2.14748e+09;-2.51776e+06;-1;0;0;0;-1;0;852568165;868597705;61794628
1568;5.52529e-15;-421;1645;13979;12017.8;1;376;-2.14748e+09;-2.51262e+06;-1;0;0;0;-1;0;852768049;868826716;61863872
1569;5.52529e-15;-421;1645;13979;12017.8;1;376;-2.14748e+09;-2.5075e+06;-1;0;0;0;-1;0;852967517;869055298;61933028
1570;5.52529e-15;-421;1645;13979;12017.8;1;376;-2.14748e+09;-2.50238e+06;-1;0;0;0;-1;0;853166569;869283451;62002096
1571;5.52529e-15;-421;1645;13979;12017.8;1;376;-2.14748e+09;-2.49738e+06;-1;0;0;0;-1;0;853365206;869511176;62071075
1572;5.52529e-15;-422;1645;13979;12017.8;1;376;-2.14748e+09;-2.49219e+06;0;0;0;0;0;0;853563429;869738474;62139967
1573;5.52529e-15;-422;1645;13979;12017.8;1;376;-2.14748e+09;-2.48711e+06;-1;0;0;0;-1;0;853761239;869965346;62208770
1574;5.52529e-15;-423;1645;13979;12017.8;1;376;-2.14748e+09;-2.48214e+06;0;0;0;0;0;0;853958637;870191792;62277485
1575;5.52529e-15;-424;1645;13979;12017.8;1;376;-2.14748e+09;-2.47709e+06;0;0;0;0;0;0;854155624;870417814;62346112
1576;5.52529e-15;-425;1645;13979;12017.8;1;376;-2.14748e+09;-2.47195e+06;0;0;0;0;0;0;854352202;870643413;62414651
1577;5.52529e-15;-425;1645;13979;12017.8;1;376;-2.14748e+09;-2.46692e+06;-1;0;0;0;-1;0;854548370;870868589;62483102
1578;5.52529e-15;-425;1645;13979;12017.8;1;376;-2.14748e+09;-2.462e+06;-1;0;0;0;-1;0;854744131;871093343;62551465
1579;5.52529e-15;-426;1645;13979;12017.8;1;376;-2.14748e+09;-2.45689e+06;0;0;0;0;0;0;854939484;871317676;62619739
1580;5.52529e-15;-427;1645;13979;12017.8;1;376;-2.14748e+09;-2.4519e+06;0;0;0;0;0;0;855134431;871541589;62687926
1581;5.52529e-15;-427;1645;13979;12017.8;1;376;-2.14748e+09;-2.44692e+06;-1;0;0;0;-1;0;855328973;871765084;62756025
1582;5.52529e-15;-428;1645;13979;12017.8;1;376;-2.14748e+09;-2.44204e+06;0;0;0;0;0;0;855523111;871988159;62824035
1583;5.52529e-15;-428;1645;13979;12017.8;1;376;-2.14748e+09;-2.43699e+06;-1;0;0;0;-1;0;855716846;872210818;62891958
1584;5.52529e-15;-429;1645;13979;12017.8;1;376;-2.14748e+09;-2.43204e+06;0;0;0;0;0;0;855910178;872433060;62959793
1585;5.52529e-15;-430;1645;13979;12017.8;1;376;-2.14748e+09;-2.4271e+06;0;0;0;0;0;0;856103109;872654887;63027540
1586;5.52529e-15;-431;1645;13979;12017.8;1;376;-2.14748e+09;-2.42228e+06;0;0;0;0;0;0;856295640;872876298;63095199
1587;5.52529e-15;-432;1645;13979;12017.8;1;376;-2.14748e+09;-2.41727e+06;0;0;0;0;0;0;856487771;873097296;63162771
1588;5.52529e-15;-432;1645;13979;12017.8;1;376;-2.14748e+09;-2.41237e+06;-1;0;0;0;-1;0;856679504;873317881;63230254
1589;5.52529e-15;-432;1645;13979;12017.8;1;376;-2.14748e+09;-2.40758e+06;-1;0;0;0;-1;0;856870839;873538053;63297650
1590;5.52529e-15;-432;1645;13979;12017.8;1;376;-2.14748e+09;-2.4027e+06;-1;0;0;0;-1;0;857061777;873757814;63364958
1591;5.52529e-15;-433;1645;13979;12017.8;1;376;-2.14748e+09;-2.39774e+06;0;0;0;0;0;0;857252320;873977165;63432178
1592;5.52529e-15;-433;1645;13979;12017.8;1;376;-2.14748e+09;-2.39298e+06;-1;0;0;0;-1;0;857442468;874196106;63499311
1593;5.52529e-15;-434;1645;13979;12017.8;1;376;-2.14748e+09;-2.38804e+06;0;0;0;0;0;0;857632222;874414638;63566356
1594;5.52529e-15;-435;1645;13979;12017.8;1;376;-2.14748e+09;-2.38321e+06;0;0;0;0;0;0;857821582;874632763;63633313
1595;5.52529e-15;-435;1645;13979;12017.8;1;376;-2.14748e+09;-2.37839e+06;-1;0;0;0;-1;0;858010551;874850480;63700183
1596;5.52529e-15;-436;1645;13979;12017.8;1;376;-2.14748e+09;-2.37358e+06;0;0;0;0;0;0;858199129;875067791;63766965
1597;5.52529e-15;-436;1645;13979;12017.8;1;376;-2.14748e+09;-2.36878e+06;-1;0;0;0;-1;0;858387317;875284696;63833659
1598;5.52529e-15;-436;1645;13979;12017.8;1;376;-2.14748e+09;-2.36399e+06;-1;0;0;0;-1;0;858575115;875501197;63900266
1599;5.52529e-15;-437;1645;13979;12017.8;1;376;-2.14748e+09;-2.35922e+06;0;0;0;0;0;0;858762525;875717295;63966786
1600;5.52529e-15;-438;1645;13979;12017.8;1;376;-2.14748e+09;-2.35445e+06;0;0;0;0;0;0;858949548;875932989;64033218
1601;5.52529e-15;-438;1645;13979;12017.8;1;376;-2.14748e+09;-2.3497e+06;-1;0;0;0;-1;0;859136184;876148281;64099563
1602;5.52529e-15;-439;1645;13979;12017.8;1;376;-2.14748e+09;-2.34506e+06;0;0;0;0;0;0;859322434;876363172;64165820
1603;5.52529e-15;-439;1645;13979;12017.8;1;376;-2.14748e+09;-2.34023e+06;-1;0;0;0;-1;0;859508299;876577663;64231990
1604;5.52529e-15;-440;1645;13979;12017.8;1;376;-2.14748e+09;-2.33551e+06;0;0;0;0;0;0;859693781;876791754;64298073
1605;5.52529e-15;-441;1645;13979;12017.8;1;376;-2.14748e+09;-2.3308e+06;0;0;0;0;0;0;859878879;877005446;64364069
1606;5.52529e-15;-441;1645;13979;12017.8;1;376;-2.14748e+09;-2.3262e+06;-1;0;0;0;-1;0;860063596;877218741;64429977
1607;5.52529e-15;-442;1645;13979;12017.8;1;376;-2.14748e+09;-2.32151e+06;0;0;0;0;0;0;860247931;877431638;64495798
1608;5.52529e-15;-442;1645;13979;12017.8;1;376;-2.14748e+09;-2.31674e+06;-1;0;0;0;-1;0;860431886;877644139;64561532
1609;5.52529e-15;-443;1645;13979;12017.8;1;376;-2.14748e+09;-2.31207e+06;0;0;0;0;0;0;860615461;877856244;64627179
1610;5.52529e-15;-443;1645;13979;12017.8;1;376;-2.14748e+09;-2.30742e+06;-1;0;0;0;-1;0;860798658;878067955;64692738
1611;5.52529e-15;-443;1645;13979;12017.8;1;376;-2.14748e+09;-2.30287e+06;-1;0;0;0;-1;0;860981477;878279271;64758211
1612;5.52529e-15;-444;1645;13979;12017.8;1;376;-2.14748e+09;-2.29814e+06;0;0;0;0;0;0;861163920;878490195;64823597
1613;5.52529e-15;-445;1645;13979;12017.8;1;376;-2.14748e+09;-2.29352e+06;0;0;0;0;0;0;861345986;878700726;64888895
1614;5.52529e-15;-445;1645;13979;12017.8;1;376;-2.14748e+09;-2.28891e+06;-1;0;0;0;-1;0;861527678;878910866;64954107
1615;5.52529e-15;-445;1645;13979;12017.8;1;376;-2.14748e+09;-2.28441e+06;-1;0;0;0;-1;0;861708995;879120615;65019232
1616;5.52529e-15;-445;1645;13979;12017.8;1;376;-2.14748e+09;-2.27972e+06;-1;0;0;0;-1;0;861889939;879329974;65084270
1617;5.52529e-15;-445;1645;13979;12017.8;1;376;-2.14748e+09;-2.27514e+06;-1;0;0;0;-1;0;862070510;879538945;65149221
1618;5.52529e-15;-446;1645;13979;12017.8;1;376;-2.14748e+09;-2.27057e+06;0;0;0;0;0;0;862250710;879747527;65214086
1619;5.52529e-15;-447;1645;13979;12017.8;1;376;-2.14748e+09;-2.26601e+06;0;0;0;0;0;0;862430539;879955721;65278863
1620;5.52529e-15;-448;1645;13979;12017.8;1;376;-2.14748e+09;-2.26146e+06;0;0;0;0;0;0;862609998;880163529;65343554
1621;5.52529e-15;-449;1645;13979;12017.8;1;376;-2.14748e+09;-2.25692e+06;0;0;0;0;0;0;862789088;880370950;65408159
1622;5.52529e-15;-450;1645;13979;12017.8;1;376;-2.14748e+09;-2.2525e+06;0;0;0;0;0;0;862967810;880577987;65472676
1623;5.52529e-15;-450;1645;13979;12017.8;1;376;-2.14748e+09;-2.24798e+06;-1;0;0;0;-1;0;863146165;880784639;65537107
1624;5.52529e-15;-450;1645;13979;12017.8;1;376;-2.14748e+09;-2.24337e+06;-1;0;0;0;-1;0;863324153;880990908;65601452
1625;5.52529e-15;-451;1645;13979;12017.8;1;376;-2.14748e+09;-2.23888e+06;0;0;0;0;0;0;863501775;881196794;65665710
1626;5.52529e-15;-452;1645;13979;12017.8;1;376;-2.14748e+09;-2.23439e+06;0;0;0;0;0;0;863679033;881402298;65729882
1627;5.52529e-15;-453;1645;13979;12017.8;1;376;-2.14748e+09;-2.22992e+06;0;0;0;0;0;0;863855927;881607420;65793967
1628;5.52529e-15;-453;1645;13979;12017.8;1;376;-2.14748e+09;-2.22545e+06;-1;0;0;0;-1;0;864032457;881812163;65857966
1629;5.52529e-15;-454;1645;13979;12017.8;1;376;-2.14748e+09;-2.2211e+06;0;0;0;0;0;0;864208626;882016525;65921879
1630;5.52529e-15;-454;1645;13979;12017.8;1;376;-2.14748e+09;-2.21655e+06;-1;0;0;0;-1;0;864384432;882220509;65985705
1631;5.52529e-15;-455;1645;13979;12017.8;1;376;-2.14748e+09;-2.21212e+06;0;0;0;0;0;0;864559878;882424114;66049445
1632;5.52529e-15;-456;1645;13979;12017.8;1;376;-2.14748e+09;-2.2077e+06;0;0;0;0;0;0;864734965;882627342;66113099
1633;5.52529e-15;-457;1645;13979;12017.8;1;376;-2.14748e+09;-2.20338e+06;0;0;0;0;0;0;864909692;882830193;66176667
1634;5.52529e-15;-457;1645;13979;12017.8;1;376;-2.14748e+09;-2.19898e+06;-1;0;0;0;-1;0;865084062;883032669;66240149
1635;5.52529e-15;-457;1645;13979;12017.8;1;376;-2.14748e+09;-2.19458e+06;-1;0;0;0;-1;0;865258073;883234769;66303545
1636;5.52529e-15;-458;1645;13979;12017.8;1;376;-2.14748e+09;-2.1902e+06;0;0;0;0;0;0;865431729;883436495;66366855
1637;5.52529e-15;-458;1645;13979;12017.8;1;376;-2.14748e+09;-2.18572e+06;-1;0;0;0;-1;0;865605029;883637848;66430079
1638;5.52529e-15;-458;1645;13979;12017.8;1;376;-2.14748e+09;-2.18136e+06;-1;0;0;0;-1;0;865777973;883838827;66493217
1639;5.52529e-15;-458;1645;13979;12017.8;1;376;-2.14748e+09;-2.17701e+06;-1;0;0;0;-1;0;865950564;884039435;66556269
1640;5.52529e-15;-459;1645;13979;12017.8;1;376;-2.14748e+09;-2.17276e+06;0;0;0;0;0;0;866122802;884239671;66619235
1641;5.52529e-15;-459;1645;13979;12017.8;1;376;-2.14748e+09;-2.16833e+06;-1;0;0;0;-1;0;866294687;884439537;66682116
1642;5.52529e-15;-460;1645;13979;12017.8;1;376;-2.14748e+09;-2.1641e+06;0;0;0;0;0;0;866466220;884639033;66744911
1643;5.52529e-15;-461;1645;13979;12017.8;1;376;-2.14748e+09;-2.15979e+06;0;0;0;0;0;0;866637403;884838159;66807620
1644;5.52529e-15;-461;1645;13979;12017.8;1;376;-2.14748e+09;-2.15538e+06;-1;0;0;0;-1;0;866808235;885036918;66870243
1645;5.52529e-15;-461;1645;13979;12017.8;1;376;-2.14748e+09;-2.15109e+06;-1;0;0;0;-1;0;866978719;885235308;66932781
1646;5.52529e-15;-462;1645;13979;12017.8;1;376;-2.14748e+09;-2.1468e+06;0;0;0;0;0;0;867148854;885433332;66995234
1647;5.52529e-15;-463;1645;13979;12017.8;1;376;-2.14748e+09;-2.14253e+06;0;0;0;0;0;0;867318641;885630990;67057601
1648;5.52529e-15;-464;1645;13979;12017.8;1;376;-2.14748e+09;-2.13836e+06;0;0;0;0;0;0;867488081;885828282;67119883
1649;5.52529e-15;-464;1645;13979;12017.8;1;376;-2.14748e+09;-2.13401e+06;-1;0;0;0;-1;0;867657176;886025210;67182079
1650;5.52529e-15;-465;1645;13979;12017.8;1;376;-2.14748e+09;-2.12976e+06;0;0;0;0;0;0;867825925;886221773;67244191
1651;5.52529e-15;-465;1645;13979;12017.8;1;376;-2.14748e+09;-2.12552e+06;-1;0;0;0;-1;0;867994329;886417974;67306216
1652;5.52529e-15;-465;1645;13979;12017.8;1;376;-2.14748e+09;-2.1213e+06;-1;0;0;0;-1;0;868162390;886613812;67368157
1653;5.52529e-15;-465;1645;13979;12017.8;1;376;-2.14748e+09;-2.11708e+06;-1;0;0;0;-1;0;868330108;886809288;67430013
1654;5.52529e-15;-465;1645;13979;12017.8;1;376;-2.14748e+09;-2.11287e+06;-1;0;0;0;-1;0;868497484;887004403;67491783
1655;5.52529e-15;-466;1645;13979;12017.8;1;376;-2.14748e+09;-2.10867e+06;0;0;0;0;0;0;868664518;887199158;67553468
1656;5.52529e-15;-467;1645;13979;12017.8;1;376;-2.14748e+09;-2.10448e+06;0;0;0;0;0;0;868831212;887393553;67615069
1657;5.52529e-15;-467;1645;13979;12017.8;1;376;-2.14748e+09;-2.1003e+06;-1;0;0;0;-1;0;868997566;887587590;67676584
1658;5.52529e-15;-467;1645;13979;12017.8;1;376;-2.14748e+09;-2.09613e+06;-1;0;0;0;-1;0;869163581;887781268;67738015
1659;5.52529e-15;-468;1645;13979;12017.8;1;376;-2.14748e+09;-2.09207e+06;0;0;0;0;0;0;869329258;887974589;67799361
1660;5.52529e-15;-469;1645;13979;12017.8;1;376;-2.14748e+09;-2.08782e+06;0;0;0;0;0;0;869494597;888167553;67860622
1661;5.52529e-15;-470;1645;13979;12017.8;1;376;-2.14748e+09;-2.08377e+06;0;0;0;0;0;0;869659600;888360161;67921798
1662;5.52529e-15;-470;1645;13979;12017.8;1;376;-2.14748e+09;-2.07964e+06;-1;0;0;0;-1;0;869824266;888552414;67982890
1663;5.52529e-15;-471;1645;13979;12017.8;1;376;-2.14748e+09;-2.07552e+06;0;0;0;0;0;0;869988597;888744312;68043897
1664;5.52529e-15;-471;1645;13979;12017.8;1;376;-2.14748e+09;-2.0713e+06;-1;0;0;0;-1;0;870152594;888935857;68104820
1665;5.52529e-15;-472;1645;13979;12017.8;1;376;-2.14748e+09;-2.0673e+06;0;0;0;0;0;0;870316257;889127048;68165658
1666;5.52529e-15;-472;1645;13979;12017.8;1;376;-2.14748e+09;-2.0632e+06;-1;0;0;0;-1;0;870479587;889317886;68226412
1667;5.52529e-15;-472;1645;13979;12017.8;1;376;-2.14748e+09;-2.05901e+06;-1;0;0;0;-1;0;870642585;889508373;68287081
1668;5.52529e-15;-473;1645;13979;12017.8;1;376;-2.14748e+09;-2.05493e+06;0;0;0;0;0;0;870805252;889698509;68347666
1669;5.52529e-15;-473;1645;13979;12017.8;1;376;-2.14748e+09;-2.05086e+06;-1;0;0;0;-1;0;870967588;889888295;68408166
1670;5.52529e-15;-474;1645;13979;12017.8;1;376;-2.14748e+09;-2.0468e+06;0;0;0;0;0;0;871129594;890077730;68468583
1671;5.52529e-15;-475;1645;13979;12017.8;1;376;-2.14748e+09;-2.04275e+06;0;0;0;0;0;0;871291270;890266817;68528915
1672;5.52529e-15;-476;1645;13979;12017.8;1;376;-2.14748e+09;-2.03871e+06;0;0;0;0;0;0;871452619;890455556;68589164
1673;5.52529e-15;-477;1645;13979;12017.8;1;376;-2.14748e+09;-2.03478e+06;0;0;0;0;0;0;871613639;890643946;68649328
1674;5.52529e-15;-478;1645;13979;12017.8;1;376;-2.14748e+09;-2.03066e+06;0;0;0;0;0;0;871774333;890831990;68709408
1675;5.52529e-15;-478;1645;13979;12017.8;1;376;-2.14748e+09;-2.02664e+06;-1;0;0;0;-1;0;871934700;891019688;68769404
1676;5.52529e-15;-479;1645;13979;12017.8;1;376;-2.14748e+09;-2.02263e+06;0;0;0;0;0;0;872094742;891207040;68829317
1677;5.52529e-15;-479;1645;13979;12017.8;1;376;-2.14748e+09;-2.01874e+06;-1;0;0;0;-1;0;872254459;891394048;68889146
1678;5.52529e-15;-479;1645;13979;12017.8;1;376;-2.14748e+09;-2.01465e+06;-1;0;0;0;-1;0;872413852;891580711;68948891
1679;5.52529e-15;-480;1645;13979;12017.8;1;376;-2.14748e+09;-2.01067e+06;0;0;0;0;0;0;872572921;891767030;69008552
1680;5.52529e-15;-480;1645;13979;12017.8;1;376;-2.14748e+09;-2.0068e+06;-1;0;0;0;-1;0;872731668;891953007;69068130
1681;5.52529e-15;-480;1645;13979;12017.8;1;376;-2.14748e+09;-2.00274e+06;-1;0;0;0;-1;0;872890094;892138642;69127624
1682;5.52529e-15;-481;1645;13979;12017.8;1;376;-2.14748e+09;-1.99878e+06;0;0;0;0;0;0;873048198;892323935;69187034
1683;5.52529e-15;-481;1645;13979;12017.8;1;376;-2.14748e+09;-1.99484e+06;-1;0;0;0;-1;0;873205981;892508887;69246361
1684;5.52529e-15;-482;1645;13979;12017.8;1;376;-2.14748e+09;-1.9909e+06;0;0;0;0;0;0;873363445;892693500;69305605
1685;5.52529e-15;-482;1645;13979;12017.8;1;376;-2.14748e+09;-1.98698e+06;-1;0;0;0;-1;0;873520590;892877772;69364766
1686;5.52529e-15;-482;1645;13979;12017.8;1;376;-2.14748e+09;-1.98306e+06;-1;0;0;0;-1;0;873677417;893061707;69423843
1687;5.52529e-15;-482;1645;13979;12017.8;1;376;-2.14748e+09;-1.97925e+06;-1;0;0;0;-1;0;873833926;893245302;69482837
1688;5.52529e-15;-482;1645;13979;12017.8;1;376;-2.14748e+09;-1.97525e+06;-1;0;0;0;-1;0;873990118;893428561;69541748
1689;5.52529e-15;-482;1645;13979;12017.8;1;376;-2.14748e+09;-1.97136e+06;-1;0;0;0;-1;0;874145995;893611483;69600576
1690;5.52529e-15;-483;1645;13979;12017.8;1;376;-2.14748e+09;-1.96747e+06;0;0;0;0;0;0;874301555;893794068;69659321
1691;5.52529e-15;-483;1645;13979;12017.8;1;376;-2.14748e+09;-1.9636e+06;-1;0;0;0;-1;0;874456801;893976318;69717983
1692;5.52529e-15;-483;1645;13979;12017.8;1;376;-2.14748e+09;-1.95973e+06;-1;0;0;0;-1;0;874611733;894158234;69776562
1693;5.52529e-15;-484;1645;13979;12017.8;1;376;-2.14748e+09;-1.95588e+06;0;0;0;0;0;0;874766352;894339815;69835058
1694;5.52529e-15;-485;1645;13979;12017.8;1;376;-2.14748e+09;-1.95213e+06;0;0;0;0;0;0;874920658;894521063;69893471
1695;5.52529e-15;-486;1645;13979;12017.8;1;376;-2.14748e+09;-1.94828e+06;0;0;0;0;0;0;875074652;894701978;69951802
1696;5.52529e-15;-487;1645;13979;12017.8;1;376;-2.14748e+09;-1.94435e+06;0;0;0;0;0;0;875228335;894882560;70010050
1697;5.52529e-15;-488;1645;13979;12017.8;1;376;-2.14748e+09;-1.94063e+06;0;0;0;0;0;0;875381708;895062812;70068216
1698;5.52529e-15;-489;1645;13979;12017.8;1;376;-2.14748e+09;-1.93671e+06;0;0;0;0;0;0;875534770;895242732;70126299
1699;5.52529e-15;-489;1645;13979;12017.8;1;376;-2.14748e+09;-1.93291e+06;-1;0;0;0;-1;0;875687524;895422322;70184300
1700;5.52529e-15;-490;1645;13979;12017.8;1;376;-2.14748e+09;-1.92911e+06;0;0;0;0;0;0;875839969;895601583;70242218
1701;5.52529e-15;-490;1645;13979;12017.8;1;376;-2.14748e+09;-1.92532e+06;-1;0;0;0;-1;0;875992106;895780514;70300054
1702;5.52529e-15;-491;1645;13979;12017.8;1;376;-2.14748e+09;-1.92153e+06;0;0;0;0;0;0;876143936;895959118;70357808
1703;5.52529e-15;-492;1645;13979;12017.8;1;376;-2.14748e+09;-1.91786e+06;0;0;0;0;0;0;876295460;896137394;70415479
1704;5.52529e-15;-492;1645;13979;12017.8;1;376;-2.14748e+09;-1.91409e+06;-1;0;0;0;-1;0;876446678;896315342;70473069
1705;5.52529e-15;-492;1645;13979;12017.8;1;376;-2.14748e+09;-1.91024e+06;-1;0;0;0;-1;0;876597591;896492965;70530576
1706;5.52529e-15;-492;1645;13979;12017.8;1;376;-2.14748e+09;-1.90649e+06;-1;0;0;0;-1;0;876748200;896670261;70588001
1707;5.52529e-15;-493;1645;13979;12017.8;1;376;-2.14748e+09;-1.90275e+06;0;0;0;0;0;0;876898505;896847233;70645345
1708;5.52529e-15;-494;1645;13979;12017.8;1;376;-2.14748e+09;-1.89901e+06;0;0;0;0;0;0;877048507;897023880;70702607
1709;5.52529e-15;-494;1645;13979;12017.8;1;376;-2.14748e+09;-1.89539e+06;-1;0;0;0;-1;0;877198207;897200203;70759787
1710;5.52529e-15;-495;1645;13979;12017.8;1;376;-2.14748e+09;-1.89167e+06;0;0;0;0;0;0;877347605;897376203;70816885
1711;5.52529e-15;-495;1645;13979;12017.8;1;376;-2.14748e+09;-1.88786e+06;-1;0;0;0;-1;0;877496702;897551881;70873901
1712;5.52529e-15;-496;1645;13979;12017.8;1;376;-2.14748e+09;-1.88426e+06;0;0;0;0;0;0;877645499;897727237;70930836
1713;5.52529e-15;-496;1645;13979;12017.8;1;376;-2.14748e+09;-1.88047e+06;-1;0;0;0;-1;0;877793996;897902271;70987690
1714;5.52529e-15;-497;1645;13979;12017.8;1;376;-2.14748e+09;-1.87679e+06;0;0;0;0;0;0;877942194;898076985;71044462
1715;5.52529e-15;-498;1645;13979;12017.8;1;376;-2.14748e+09;-1.87311e+06;0;0;0;0;0;0;878090094;898251379;71101152
1716;5.52529e-15;-499;1645;13979;12017.8;1;376;-2.14748e+09;-1.86944e+06;0;0;0;0;0;0;878237696;898425453;71157761
1717;5.52529e-15;-500;1645;13979;12017.8;1;376;-2.14748e+09;-1.86578e+06;0;0;0;0;0;0;878385001;898599208;71214289
1718;5.52529e-15;-500;1645;13979;12017.8;1;376;-2.14748e+09;-1.86213e+06;-1;0;0;0;-1;0;878532010;898772645;71270736
1719;5.52529e-15;-501;1645;13979;12017.8;1;376;-2.14748e+09;-1.85848e+06;0;0;0;0;0;0;878678723;898945765;71327102
1720;5.52529e-15;-501;1645;13979;12017.8;1;376;-2.14748e+09;-1.85495e+06;-1;0;0;0;-1;0;878825141;899118568;71383387
1721;5.52529e-15;-502;1645;13979;12017.8;1;376;-2.14748e+09;-1.85122e+06;0;0;0;0;0;0;878971265;899291054;71439591
1722;5.52529e-15;-503;1645;13979;12017.8;1;376;-2.14748e+09;-1.8477e+06;0;0;0;0;0;0;879117095;899463225;71495713
1723;5.52529e-15;-504;1645;13979;12017.8;1;376;-2.14748e+09;-1.84398e+06;0;0;0;0;0;0;879262632;899635081;71551755
1724;5.52529e-15;-505;1645;13979;12017.8;1;376;-2.14748e+09;-1.84048e+06;0;0;0;0;0;0;879407876;899806622;71607717
1725;5.52529e-15;-506;1645;13979;12017.8;1;376;-2.14748e+09;-1.83678e+06;0;0;0;0;0;0;879552829;899977849;71663597
1726;5.52529e-15;-507;1645;13979;12017.8;1;376;-2.14748e+09;-1.83329e+06;0;0;0;0;0;0;879697490;900148763;71719397
1727;5.52529e-15;-508;1645;13979;12017.8;1;376;-2.14748e+09;-1.82961e+06;0;0;0;0;0;0;879841861;900319364;71775117
1728;5.52529e-15;-508;1645;13979;12017.8;1;376;-2.14748e+09;-1.82614e+06;-1;0;0;0;-1;0;879985943;900489653;71830755
1729;5.52529e-15;-509;1645;13979;12017.8;1;376;-2.14748e+09;-1.82247e+06;0;0;0;0;0;0;880129735;900659631;71886314
1730;5.52529e-15;-509;1645;13979;12017.8;1;376;-2.14748e+09;-1.81901e+06;-1;0;0;0;-1;0;880273238;900829298;71941792
1731;5.52529e-15;-509;1645;13979;12017.8;1;376;-2.14748e+09;-1.81546e+06;-1;0;0;0;-1;0;880416454;900998655;71997190
1732;5.52529e-15;-510;1645;13979;12017.8;1;376;-2.14748e+09;-1.81182e+06;0;0;0;0;0;0;880559382;901167702;72052508
1733;5.52529e-15;-511;1645;13979;12017.8;1;376;-2.14748e+09;-1.80828e+06;0;0;0;0;0;0;880702023;901336440;72107745
1734;5.52529e-15;-511;1645;13979;12017.8;1;376;-2.14748e+09;-1.80476e+06;-1;0;0;0;-1;0;880844379;901504870;72162902
1735;5.52529e-15;-511;1645;13979;12017.8;1;376;-2.14748e+09;-1.80123e+06;-1;0;0;0;-1;0;880986449;901672992;72217980
1736;5.52529e-15;-512;1645;13979;12017.8;1;376;-2.14748e+09;-1.79772e+06;0;0;0;0;0;0;881128234;901840806;72272977
1737;5.52529e-15;-512;1645;13979;12017.8;1;376;-2.14748e+09;-1.79422e+06;-1;0;0;0;-1;0;881269735;902008314;72327895
1738;5.52529e-15;-513;1645;13979;12017.8;1;376;-2.14748e+09;-1.79072e+06;0;0;0;0;0;0;881410953;902175516;72382733
1739;5.52529e-15;-513;1645;13979;12017.8;1;376;-2.14748e+09;-1.78723e+06;-1;0;0;0;-1;0;881551887;902342412;72437491
1740;5.52529e-15;-513;1645;13979;12017.8;1;376;-2.14748e+09;-1.78385e+06;-1;0;0;0;-1;0;881692540;902509004;72492170
1741;5.52529e-15;-514;1645;13979;12017.8;1;376;-2.14748e+09;-1.78027e+06;0;0;0;0;0;0;881832910;902675291;72546769
1742;5.52529e-15;-515;1645;13979;12017.8;1;376;-2.14748e+09;-1.7768e+06;0;0;0;0;0;0;881973000;902841274;72601288
1743;5.52529e-15;-516;1645;13979;12017.8;1;376;-2.14748e+09;-1.77334e+06;0;0;0;0;0;0;882112809;903006954;72655728
1744;5.52529e-15;-516;1645;13979;12017.8;1;376;-2.14748e+09;-1.76989e+06;-1;0;0;0;-1;0;882252339;903172332;72710089
1745;5.52529e-15;-517;1645;13979;12017.8;1;376;-2.14748e+09;-1.76644e+06;0;0;0;0;0;0;882391589;903337408;72764370
1746;5.52529e-15;-518;1645;13979;12017.8;1;376;-2.14748e+09;-1.76301e+06;0;0;0;0;0;0;882530560;903502182;72818573
1747;5.52529e-15;-519;1645;13979;12017.8;1;376;-2.14748e+09;-1.75958e+06;0;0;0;0;0;0;882669254;903666656;72872696
1748;5.52529e-15;-520;1645;13979;12017.8;1;376;-2.14748e+09;-1.75625e+06;0;0;0;0;0;0;882807670;903830829;72926740
1749;5.52529e-15;-520;1645;13979;12017.8;1;376;-2.14748e+09;-1.75284e+06;-1;0;0;0;-1;0;882945809;903994703;72980705
1750;5.52529e-15;-521;1645;13979;12017.8;1;376;-2.14748e+09;-1.74943e+06;0;0;0;0;0;0;883083673;904158278;73034591
1751;5.52529e-15;-522;1645;13979;12017.8;1;376;-2.14748e+09;-1.74593e+06;0;0;0;0;0;0;883221260;904321554;73088398
1752;5.52529e-15;-522;1645;13979;12017.8;1;376;-2.14748e+09;-1.74263e+06;-1;0;0;0;-1;0;883358573;904484532;73142127
1753;5.52529e-15;-523;1645;13979;12017.8;1;376;-2.14748e+09;-1.73914e+06;0;0;0;0;0;0;883495611;904647213;73195777
1754;5.52529e-15;-523;1645;13979;12017.8;1;376;-2.14748e+09;-1.73577e+06;-1;0;0;0;-1;0;883632376;904809597;73249348
1755;5.52529e-15;-523;1645;13979;12017.8;1;376;-2.14748e+09;-1.73249e+06;-1;0;0;0;-1;0;883768867;904971685;73302841
1756;5.52529e-15;-523;1645;13979;12017.8;1;376;-2.14748e+09;-1.72903e+06;-1;0;0;0;-1;0;883905086;905133478;73356255
1757;5.52529e-15;-524;1645;13979;12017.8;1;376;-2.14748e+09;-1.72567e+06;0;0;0;0;0;0;884041033;905294975;73409591
1758;5.52529e-15;-524;1645;13979;12017.8;1;376;-2.14748e+09;-1.72232e+06;-1;0;0;0;-1;0;884176709;905456178;73462848
1759;5.52529e-15;-524;1645;13979;12017.8;1;376;-2.14748e+09;-1.71898e+06;-1;0;0;0;-1;0;884312113;905617087;73516028
1760;5.52529e-15;-525;1645;13979;12017.8;1;376;-2.14748e+09;-1.71564e+06;0;0;0;0;0;0;884447248;905777702;73569129
1761;5.52529e-15;-525;1645;13979;12017.8;1;376;-2.14748e+09;-1.71231e+06;-1;0;0;0;-1;0;884582113;905938025;73622152
1762;5.52529e-15;-525;1645;13979;12017.8;1;376;-2.14748e+09;-1.70899e+06;-1;0;0;0;-1;0;884716709;906098055;73675097
1763;5.52529e-15;-525;1645;13979;12017.8;1;376;-2.14748e+09;-1.70567e+06;-1;0;0;0;-1;0;884851036;906257794;73727964
1764;5.52529e-15;-525;1645;13979;12017.8;1;376;-2.14748e+09;-1.70246e+06;-1;0;0;0;-1;0;884985096;906417242;73780753
1765;5.52529e-15;-525;1645;13979;12017.8;1;376;-2.14748e+09;-1.69906e+06;-1;0;0;0;-1;0;885118888;906576399;73833464
1766;5.52529e-15;-525;1645;13979;12017.8;1;376;-2.14748e+09;-1.69577e+06;-1;0;0;0;-1;0;885252414;906735266;73886098
1767;5.52529e-15;-525;1645;13979;12017.8;1;376;-2.14748e+09;-1.69258e+06;-1;0;0;0;-1;0;885385674;906893843;73938654
1768;5.52529e-15;-525;1645;13979;12017.8;1;376;-2.14748e+09;-1.6892e+06;-1;0;0;0;-1;0;885518668;907052132;73991132
1769;5.52529e-15;-525;1645;13979;12017.8;1;376;-2.14748e+09;-1.68592e+06;-1;0;0;0;-1;0;885651397;907210132;74043533
1770;5.52529e-15;-526;1645;13979;12017.8;1;376;-2.14748e+09;-1.68266e+06;0;0;0;0;0;0;885783862;907367845;74095856
1771;5.52529e-15;-527;1645;13979;12017.8;1;376;-2.14748e+09;-1.6794e+06;0;0;0;0;0;0;885916063;907525270;74148102
1772;5.52529e-15;-527;1645;13979;12017.8;1;376;-2.14748e+09;-1.67615e+06;-1;0;0;0;-1;0;886048000;907682408;74200271
1773;5.52529e-15;-527;1645;13979;12017.8;1;376;-2.14748e+09;-1.673e+06;-1;0;0;0;-1;0;886179676;907839261;74252363
1774;5.52529e-15;-527;1645;13979;12017.8;1;376;-2.14748e+09;-1.66966e+06;-1;0;0;0;-1;0;886311088;907995827;74304377
1775;5.52529e-15;-528;1645;13979;12017.8;1;376;-2.14748e+09;-1.66643e+06;0;0;0;0;0;0;886442240;908152109;74356315
1776;5.52529e-15;-529;1645;13979;12017.8;1;376;-2.14748e+09;-1.6632e+06;0;0;0;0;0;0;886573131;908308106;74408175
1777;5.52529e-15;-529;1645;13979;12017.8;1;376;-2.14748e+09;-1.65999e+06;-1;0;0;0;-1;0;886703761;908463819;74459959
1778;5.52529e-15;-529;1645;13979;12017.8;1;376;-2.14748e+09;-1.65677e+06;-1;0;0;0;-1;0;886834131;908619249;74511666
1779;5.52529e-15;-529;1645;13979;12017.8;1;376;-2.14748e+09;-1.65357e+06;-1;0;0;0;-1;0;886964242;908774396;74563296
1780;5.52529e-15;-530;1645;13979;12017.8;1;376;-2.14748e+09;-1.65037e+06;0;0;0;0;0;0;887094095;908929260;74614849
1781;5.52529e-15;-531;1645;13979;12017.8;1;376;-2.14748e+09;-1.64728e+06;0;0;0;0;0;0;887223689;909083843;74666326
1782;5.52529e-15;-532;1645;13979;12017.8;1;376;-2.14748e+09;-1.644e+06;0;0;0;0;0;0;887353026;909238144;74717727
1783;5.52529e-15;-533;1645;13979;12017.8;1;376;-2.14748e+09;-1.64082e+06;0;0;0;0;0;0;887482105;909392165;74769050
1784;5.52529e-15;-534;1645;13979;12017.8;1;376;-2.14748e+09;-1.63765e+06;0;0;0;0;0;0;887610928;909545905;74820298
1785;5.52529e-15;-535;1645;13979;12017.8;1;376;-2.14748e+09;-1.63458e+06;0;0;0;0;0;0;887739496;909699366;74871469
1786;5.52529e-15;-535;1645;13979;12017.8;1;376;-2.14748e+09;-1.63132e+06;-1;0;0;0;-1;0;887867808;909852547;74922564
1787;5.52529e-15;-535;1645;13979;12017.8;1;376;-2.14748e+09;-1.62817e+06;-1;0;0;0;-1;0;887995865;910005450;74973583
1788;5.52529e-15;-535;1645;13979;12017.8;1;376;-2.14748e+09;-1.62503e+06;-1;0;0;0;-1;0;888123668;910158075;75024526
1789;5.52529e-15;-536;1645;13979;12017.8;1;376;-2.14748e+09;-1.62189e+06;0;0;0;0;0;0;888251217;910310422;75075393
1790;5.52529e-15;-537;1645;13979;12017.8;1;376;-2.14748e+09;-1.61876e+06;0;0;0;0;0;0;888378513;910462493;75126184
1791;5.52529e-15;-538;1645;13979;12017.8;1;376;-2.14748e+09;-1.61563e+06;0;0;0;0;0;0;888505557;910614286;75176899
1792;5.52529e-15;-538;1645;13979;12017.8;1;376;-2.14748e+09;-1.61252e+06;-1;0;0;0;-1;0;888632348;910765804;75227539
1793;5.52529e-15;-539;1645;13979;12017.8;1;376;-2.14748e+09;-1.6094e+06;0;0;0;0;0;0;888758888;910917046;75278102
1794;5.52529e-15;-539;1645;13979;12017.8;1;376;-2.14748e+09;-1.6063e+06;-1;0;0;0;-1;0;888885177;911068013;75328591
1795;5.52529e-15;-540;1645;13979;12017.8;1;376;-2.14748e+09;-1.6032e+06;0;0;0;0;0;0;889011215;911218706;75379003
1796;5.52529e-15;-540;1645;13979;12017.8;1;376;-2.14748e+09;-1.60011e+06;-1;0;0;0;-1;0;889137004;911369125;75429341
1797;5.52529e-15;-540;1645;13979;12017.8;1;376;-2.14748e+09;-1.59702e+06;-1;0;0;0;-1;0;889262543;911519271;75479603
1798;5.52529e-15;-540;1645;13979;12017.8;1;376;-2.14748e+09;-1.59394e+06;-1;0;0;0;-1;0;889387833;911669144;75529789
1799;5.52529e-15;-540;1645;13979;12017.8;1;376;-2.14748e+09;-1.59097e+06;-1;0;0;0;-1;0;889512875;911818744;75579901
1800;5.52529e-15;-541;1645;13979;12017.8;1;376;-2.14748e+09;-1.5879e+06;0;0;0;0;0;0;889637670;911968073;75629937
1801;5.52529e-15;-542;1645;13979;12017.8;1;376;-2.14748e+09;-1.58474e+06;0;0;0;0;0;0;889762217;912117130;75679899
1802;5.52529e-15;-542;1645;13979;12017.8;1;376;-2.14748e+09;-1.58179e+06;-1;0;0;0;-1;0;889886517;912265916;75729785
1803;5.52529e-15;-543;1645;13979;12017.8;1;376;-2.14748e+09;-1.57874e+06;0;0;0;0;0;0;890010572;912414433;75779597
1804;5.52529e-15;-544;1645;13979;12017.8;1;376;-2.14748e+09;-1.5757e+06;0;0;0;0;0;0;890134380;912562679;75829333
1805;5.52529e-15;-545;1645;13979;12017.8;1;376;-2.14748e+09;-1.57257e+06;0;0;0;0;0;0;890257944;912710656;75878996
1806;5.52529e-15;-546;1645;13979;12017.8;1;376;-2.14748e+09;-1.56954e+06;0;0;0;0;0;0;890381263;912858364;75928583
1807;5.52529e-15;-546;1645;13979;12017.8;1;376;-2.14748e+09;-1.56652e+06;-1;0;0;0;-1;0;890504338;913005805;75978096
1808;5.52529e-15;-547;1645;13979;12017.8;1;376;-2.14748e+09;-1.5635e+06;0;0;0;0;0;0;890627169;913152977;76027534
1809;5.52529e-15;-548;1645;13979;12017.8;1;376;-2.14748e+09;-1.56049e+06;0;0;0;0;0;0;890749757;913299882;76076898
1810;5.52529e-15;-549;1645;13979;12017.8;1;376;-2.14748e+09;-1.55749e+06;0;0;0;0;0;0;890872103;913446520;76126188
1811;5.52529e-15;-549;1645;13979;12017.8;1;376;-2.14748e+09;-1.55449e+06;-1;0;0;0;-1;0;890994207;913592893;76175403
1812;5.52529e-15;-550;1645;13979;12017.8;1;376;-2.14748e+09;-1.5515e+06;0;0;0;0;0;0;891116070;913738999;76224544
1813;5.52529e-15;-550;1645;13979;12017.8;1;376;-2.14748e+09;-1.54852e+06;-1;0;0;0;-1;0;891237691;913884840;76273611
1814;5.52529e-15;-551;1645;13979;12017.8;1;376;-2.14748e+09;-1.54554e+06;0;0;0;0;0;0;891359072;914030417;76322605
1815;5.52529e-15;-551;1645;13979;12017.8;1;376;-2.14748e+09;-1.54257e+06;-1;0;0;0;-1;0;891480214;914175729;76371524
1816;5.52529e-15;-551;1645;13979;12017.8;1;376;-2.14748e+09;-1.5396e+06;-1;0;0;0;-1;0;891601116;914320777;76420369
1817;5.52529e-15;-551;1645;13979;12017.8;1;376;-2.14748e+09;-1.53664e+06;-1;0;0;0;-1;0;891721779;914465563;76469141
1818;5.52529e-15;-551;1645;13979;12017.8;1;376;-2.14748e+09;-1.53369e+06;-1;0;0;0;-1;0;891842203;914610085;76517839
1819;5.52529e-15;-552;1645;13979;12017.8;1;376;-2.14748e+09;-1.53074e+06;0;0;0;0;0;0;891962390;914754346;76566463
1820;5.52529e-15;-552;1645;13979;12017.8;1;376;-2.14748e+09;-1.5278e+06;-1;0;0;0;-1;0;892082340;914898344;76615014
1821;5.52529e-15;-552;1645;13979;12017.8;1;376;-2.14748e+09;-1.52487e+06;-1;0;0;0;-1;0;892202052;915042082;76663491
1822;5.52529e-15;-552;1645;13979;12017.8;1;376;-2.14748e+09;-1.52194e+06;-1;0;0;0;-1;0;892321529;915185558;76711895
1823;5.52529e-15;-553;1645;13979;12017.8;1;376;-2.14748e+09;-1.51902e+06;0;0;0;0;0;0;892440769;915328774;76760226
1824;5.52529e-15;-554;1645;13979;12017.8;1;376;-2.14748e+09;-1.5161e+06;0;0;0;0;0;0;892559774;915471731;76808483
1825;5.52529e-15;-554;1645;13979;12017.8;1;376;-2.14748e+09;-1.51329e+06;-1;0;0;0;-1;0;892678544;915614428;76856668
1826;5.52529e-15;-554;1645;13979;12017.8;1;376;-2.14748e+09;-1.51028e+06;-1;0;0;0;-1;0;892797080;915756867;76904779
1827;5.52529e-15;-554;1645;13979;12017.8;1;376;-2.14748e+09;-1.50738e+06;-1;0;0;0;-1;0;892915383;915899047;76952817
1828;5.52529e-15;-554;1644;13979;12017.8;1;376;-2.14748e+09;-1.50449e+06;0;0;0;0;0;0;893033451;916040969;77000783
1829;5.52529e-15;-555;1644;13979;12017.8;1;376;-2.14748e+09;-1.5016e+06;0;0;0;0;0;0;893151287;916182634;77048675
1830;5.52529e-15;-555;1644;13979;12017.8;1;376;-2.14748e+09;-1.49872e+06;-1;0;0;0;-1;0;893268891;916324042;77096495
1831;5.52529e-15;-556;1644;13979;12017.8;1;376;-2.14748e+09;-1.49595e+06;0;0;0;0;0;0;893386263;916465194;77144243
1832;5.52529e-15;-557;1644;13979;12017.8;1;376;-2.14748e+09;-1.49298e+06;0;0;0;0;0;0;893503404;916606090;77191917
1833;5.52529e-15;-558;1644;13979;12017.8;1;376;-2.14748e+09;-1.49022e+06;0;0;0;0;0;0;893620313;916746730;77239520
1834;5.52529e-15;-558;1644;13979;12017.8;1;376;-2.14748e+09;-1.48726e+06;-1;0;0;0;-1;0;893736993;916887115;77287049
1835;5.52529e-15;-559;1644;13979;12017.8;1;376;-2.14748e+09;-1.48441e+06;0;0;0;0;0;0;893853442;917027246;77334507
1836;5.52529e-15;-560;1644;13979;12017.8;1;376;-2.14748e+09;-1.48156e+06;0;0;0;0;0;0;893969662;917167123;77381892
1837;5.52529e-15;-561;1644;13979;12017.8;1;376;-2.14748e+09;-1.47872e+06;0;0;0;0;0;0;894085653;917306747;77429205
1838;5.52529e-15;-562;1644;13979;12017.8;1;376;-2.14748e+09;-1.47589e+06;0;0;0;0;0;0;894201416;917446117;77476446
1839;5.52529e-15;-563;1644;13979;12017.8;1;376;-2.14748e+09;-1.47306e+06;0;0;0;0;0;0;894316951;917585235;77523615
1840;5.52529e-15;-563;1644;13979;12017.8;1;376;-2.14748e+09;-1.47024e+06;-1;0;0;0;-1;0;894432259;917724101;77570712
1841;5.52529e-15;-564;1644;13979;12017.8;1;376;-2.14748e+09;-1.46742e+06;0;0;0;0;0;0;894547339;917862715;77617738
1842;5.52529e-15;-565;1644;13979;12017.8;1;376;-2.14748e+09;-1.46462e+06;0;0;0;0;0;0;894662193;918001078;77664691
1843;5.52529e-15;-566;1644;13979;12017.8;1;376;-2.14748e+09;-1.46181e+06;0;0;0;0;0;0;894776821;918139190;77711573
1844;5.52529e-15;-566;1644;13979;12017.8;1;376;-2.14748e+09;-1.45901e+06;-1;0;0;0;-1;0;894891224;918277053;77758383
1845;5.52529e-15;-566;1644;13979;12017.8;1;376;-2.14748e+09;-1.45622e+06;-1;0;0;0;-1;0;895005402;918414665;77805122
1846;5.52529e-15;-567;1644;13979;12017.8;1;376;-2.14748e+09;-1.45343e+06;0;0;0;0;0;0;895119355;918552028;77851789
1847;5.52529e-15;-567;1644;13979;12017.8;1;376;-2.14748e+09;-1.45075e+06;-1;0;0;0;-1;0;895233084;918689143;77898385
1848;5.52529e-15;-567;1644;13979;12017.8;1;376;-2.14748e+09;-1.44788e+06;-1;0;0;0;-1;0;895346589;918826009;77944910
1849;5.52529e-15;-567;1644;13979;12017.8;1;376;-2.14748e+09;-1.4451e+06;-1;0;0;0;-1;0;895459871;918962627;77991363
1850;5.52529e-15;-567;1644;13979;12017.8;1;376;-2.14748e+09;-1.44234e+06;-1;0;0;0;-1;0;895572931;919098998;78037746
1851;5.52529e-15;-567;1644;13979;12017.8;1;376;-2.14748e+09;-1.43958e+06;-1;0;0;0;-1;0;895685768;919235121;78084057
1852;5.52529e-15;-568;1644;13979;12017.8;1;376;-2.14748e+09;-1.43683e+06;0;0;0;0;0;0;895798384;919370999;78130297
1853;5.52529e-15;-568;1644;13979;12017.8;1;376;-2.14748e+09;-1.43408e+06;-1;0;0;0;-1;0;895910778;919506630;78176467
1854;5.52529e-15;-569;1644;13979;12017.8;1;376;-2.14748e+09;-1.43134e+06;0;0;0;0;0;0;896022952;919642016;78222566
1855;5.52529e-15;-569;1644;13979;12017.8;1;376;-2.14748e+09;-1.4287e+06;-1;0;0;0;-1;0;896134905;919777157;78268594
1856;5.52529e-15;-570;1644;13979;12017.8;1;376;-2.14748e+09;-1.42587e+06;0;0;0;0;0;0;896246639;919912053;78314551
1857;5.52529e-15;-570;1644;13979;12017.8;1;376;-2.14748e+09;-1.42315e+06;-1;0;0;0;-1;0;896358153;920046704;78360438
1858;5.52529e-15;-571;1644;13979;12017.8;1;376;-2.14748e+09;-1.42043e+06;0;0;0;0;0;0;896469448;920181113;78406254
1859;5.52529e-15;-572;1644;13979;12017.8;1;376;-2.14748e+09;-1.41781e+06;0;0;0;0;0;0;896580525;920315277;78452000
1860;5.52529e-15;-573;1644;13979;12017.8;1;376;-2.14748e+09;-1.41501e+06;0;0;0;0;0;0;896691384;920449199;78497676
1861;5.52529e-15;-573;1644;13979;12017.8;1;376;-2.14748e+09;-1.4123e+06;-1;0;0;0;-1;0;896802025;920582879;78543282
1862;5.52529e-15;-573;1644;13979;12017.8;1;376;-2.14748e+09;-1.40961e+06;-1;0;0;0;-1;0;896912449;920716317;78588817
1863;5.52529e-15;-574;1644;13979;12017.8;1;376;-2.14748e+09;-1.40691e+06;0;0;0;0;0;0;897022657;920849513;78634282
1864;5.52529e-15;-575;1644;13979;12017.8;1;376;-2.14748e+09;-1.40423e+06;0;0;0;0;0;0;897132648;920982468;78679678
1865;5.52529e-15;-575;1644;13979;12017.8;1;376;-2.14748e+09;-1.40165e+06;-1;0;0;0;-1;0;897242424;921115183;78725003
1866;5.52529e-15;-575;1644;13979;12017.8;1;376;-2.14748e+09;-1.39887e+06;-1;0;0;0;-1;0;897351984;921247657;78770259
1867;5.52529e-15;-576;1644;13979;12017.8;1;376;-2.14748e+09;-1.3963e+06;0;0;0;0;0;0;897461330;921379892;78815445
1868;5.52529e-15;-577;1644;13979;12017.8;1;376;-2.14748e+09;-1.39354e+06;0;0;0;0;0;0;897570461;921511888;78860561
1869;5.52529e-15;-578;1644;13979;12017.8;1;376;-2.14748e+09;-1.39088e+06;0;0;0;0;0;0;897679379;921643645;78905608
1870;5.52529e-15;-578;1644;13979;12017.8;1;376;-2.14748e+09;-1.38823e+06;-1;0;0;0;-1;0;897788083;921775163;78950585
1871;5.52529e-15;-578;1644;13979;12017.8;1;376;-2.14748e+09;-1.38558e+06;-1;0;0;0;-1;0;897896574;921906444;78995493
1872;5.52529e-15;-578;1644;13979;12017.8;1;376;-2.14748e+09;-1.38294e+06;-1;0;0;0;-1;0;898004853;922037487;79040331
1873;5.52529e-15;-578;1644;13979;12017.8;1;376;-2.14748e+09;-1.3804e+06;-1;0;0;0;-1;0;898112919;922168293;79085101
1874;5.52529e-15;-579;1644;13979;12017.8;1;376;-2.14748e+09;-1.37767e+06;0;0;0;0;0;0;898220774;922298863;79129801
1875;5.52529e-15;-580;1644;13979;12017.8;1;376;-2.14748e+09;-1.37504e+06;0;0;0;0;0;0;898328418;922429197;79174432
1876;5.52529e-15;-581;1644;13979;12017.8;1;376;-2.14748e+09;-1.37252e+06;0;0;0;0;0;0;898435850;922559294;79218994
1877;5.52529e-15;-582;1644;13979;12017.8;1;376;-2.14748e+09;-1.3699e+06;0;0;0;0;0;0;898543073;922689157;79263487
1878;5.52529e-15;-582;1644;13979;12017.8;1;376;-2.14748e+09;-1.36719e+06;-1;0;0;0;-1;0;898650086;922818785;79307911
1879;5.52529e-15;-583;1644;13979;12017.8;1;376;-2.14748e+09;-1.36459e+06;0;0;0;0;0;0;898756889;922948178;79352267
1880;5.52529e-15;-583;1644;13979;12017.8;1;376;-2.14748e+09;-1.36199e+06;-1;0;0;0;-1;0;898863483;923077338;79396554
1881;5.52529e-15;-583;1644;13979;12017.8;1;376;-2.14748e+09;-1.35939e+06;-1;0;0;0;-1;0;898969869;923206264;79440772
1882;5.52529e-15;-584;1644;13979;12017.8;1;376;-2.14748e+09;-1.3568e+06;0;0;0;0;0;0;899076047;923334956;79484922
1883;5.52529e-15;-584;1644;13979;12017.8;1;376;-2.14748e+09;-1.35422e+06;-1;0;0;0;-1;0;899182017;923463417;79529004
1884;5.52529e-15;-585;1644;13979;12017.8;1;376;-2.14748e+09;-1.35164e+06;0;0;0;0;0;0;899287779;923591645;79573017
1885;5.52529e-15;-586;1644;13979;12017.8;1;376;-2.14748e+09;-1.34907e+06;0;0;0;0;0;0;899393335;923719641;79616962
1886;5.52529e-15;-586;1644;13979;12017.8;1;376;-2.14748e+09;-1.3465e+06;-1;0;0;0;-1;0;899498685;923847406;79660838
1887;5.52529e-15;-587;1644;13979;12017.8;1;376;-2.14748e+09;-1.34403e+06;0;0;0;0;0;0;899603828;923974940;79704647
1888;5.52529e-15;-587;1644;13979;12017.8;1;376;-2.14748e+09;-1.34138e+06;-1;0;0;0;-1;0;899708766;924102243;79748388
1889;5.52529e-15;-587;1644;13979;12017.8;1;376;-2.14748e+09;-1.33882e+06;-1;0;0;0;-1;0;899813499;924229317;79792060
1890;5.52529e-15;-588;1644;13979;12017.8;1;376;-2.14748e+09;-1.33638e+06;0;0;0;0;0;0;899918028;924356160;79835665
1891;5.52529e-15;-588;1644;13979;12017.8;1;376;-2.14748e+09;-1.33373e+06;-1;0;0;0;-1;0;900022352;924482775;79879202
1892;5.52529e-15;-588;1644;13979;12017.8;1;376;-2.14748e+09;-1.3312e+06;-1;0;0;0;-1;0;900126472;924609161;79922672
1893;5.52529e-15;-589;1644;13979;12017.8;1;376;-2.14748e+09;-1.32866e+06;0;0;0;0;0;0;900230389;924735318;79966073
1894;5.52529e-15;-590;1644;13979;12017.8;1;376;-2.14748e+09;-1.32614e+06;0;0;0;0;0;0;900334104;924861248;80009408
1895;5.52529e-15;-590;1644;13979;12017.8;1;376;-2.14748e+09;-1.32361e+06;-1;0;0;0;-1;0;900437615;924986950;80052674
1896;5.52529e-15;-591;1644;13979;12017.8;1;376;-2.14748e+09;-1.3211e+06;0;0;0;0;0;0;900540925;925112425;80095874
1897;5.52529e-15;-591;1644;13979;12017.8;1;376;-2.14748e+09;-1.31858e+06;-1;0;0;0;-1;0;900644032;925237673;80139006
1898;5.52529e-15;-591;1644;13979;12017.8;1;376;-2.14748e+09;-1.31618e+06;-1;0;0;0;-1;0;900746939;925362695;80182071
1899;5.52529e-15;-592;1644;13979;12017.8;1;376;-2.14748e+09;-1.31368e+06;0;0;0;0;0;0;900849645;925487491;80225069
1900;5.52529e-15;-592;1644;13979;12017.8;1;376;-2.14748e+09;-1.31118e+06;-1;0;0;0;-1;0;900952150;925612062;80268000
1901;5.52529e-15;-593;1644;13979;12017.8;1;376;-2.14748e+09;-1.30869e+06;0;0;0;0;0;0;901054456;925736408;80310864
1902;5.52529e-15;-593;1644;13979;12017.8;1;376;-2.14748e+09;-1.3061e+06;-1;0;0;0;-1;0;901156561;925860529;80353661
1903;5.52529e-15;-593;1644;13979;12017.8;1;376;-2.14748e+09;-1.30372e+06;-1;0;0;0;-1;0;901258468;925984426;80396391
1904;5.52529e-15;-594;1644;13979;12017.8;1;376;-2.14748e+09;-1.30114e+06;0;0;0;0;0;0;901360176;926108099;80439055
1905;5.52529e-15;-595;1644;13979;12017.8;1;376;-2.14748e+09;-1.29867e+06;0;0;0;0;0;0;901461685;926231549;80481652
1906;5.52529e-15;-596;1644;13979;12017.8;1;376;-2.14748e+09;-1.2962e+06;0;0;0;0;0;0;901562997;926354776;80524183
1907;5.52529e-15;-596;1644;13979;12017.8;1;376;-2.14748e+09;-1.29374e+06;-1;0;0;0;-1;0;901664111;926477781;80566647
1908;5.52529e-15;-596;1644;13979;12017.8;1;376;-2.14748e+09;-1.29129e+06;-1;0;0;0;-1;0;901765028;926600563;80609044
1909;5.52529e-15;-597;1644;13979;12017.8;1;376;-2.14748e+09;-1.28884e+06;0;0;0;0;0;0;901865749;926723124;80651376
1910;5.52529e-15;-597;1644;13979;12017.8;1;376;-2.14748e+09;-1.28649e+06;-1;0;0;0;-1;0;901966273;926845463;80693641
1911;5.52529e-15;-597;1644;13979;12017.8;1;376;-2.14748e+09;-1.28395e+06;-1;0;0;0;-1;0;902066601;926967582;80735840
1912;5.52529e-15;-597;1644;13979;12017.8;1;376;-2.14748e+09;-1.28151e+06;-1;0;0;0;-1;0;902166734;927089480;80777973
1913;5.52529e-15;-597;1644;13979;12017.8;1;376;-2.14748e+09;-1.27908e+06;-1;0;0;0;-1;0;902266672;927211158;80820040
1914;5.52529e-15;-597;1644;13979;12017.8;1;376;-2.14748e+09;-1.27665e+06;-1;0;0;0;-1;0;902366415;927332616;80862041
1915;5.52529e-15;-597;1644;13979;12017.8;1;376;-2.14748e+09;-1.27423e+06;-1;0;0;0;-1;0;902465964;927453855;80903976
1916;5.52529e-15;-597;1644;13979;12017.8;1;376;-2.14748e+09;-1.27181e+06;-1;0;0;0;-1;0;902565319;927574876;80945846
1917;5.52529e-15;-598;1644;13979;12017.8;1;376;-2.14748e+09;-1.2695e+06;0;0;0;0;0;0;902664481;927695677;80987650
1918;5.52529e-15;-598;1644;13979;12017.8;1;376;-2.14748e+09;-1.26699e+06;-1;0;0;0;-1;0;902763450;927816261;81029389
1919;5.52529e-15;-599;1644;13979;12017.8;1;376;-2.14748e+09;-1.26459e+06;0;0;0;0;0;0;902862226;927936627;81071062
1920;5.52529e-15;-599;1644;13979;12017.8;1;376;-2.14748e+09;-1.26219e+06;-1;0;0;0;-1;0;902960810;928056776;81112669
1921;5.52529e-15;-599;1644;13979;12017.8;1;376;-2.14748e+09;-1.2598e+06;-1;0;0;0;-1;0;903059202;928176709;81154212
1922;5.52529e-15;-600;1644;13979;12017.8;1;376;-2.14748e+09;-1.25751e+06;0;0;0;0;0;0;903157402;928296424;81195689
1923;5.52529e-15;-601;1644;13979;12017.8;1;376;-2.14748e+09;-1.25512e+06;0;0;0;0;0;0;903255412;928415924;81237101
1924;5.52529e-15;-601;1644;13979;12017.8;1;376;-2.14748e+09;-1.25265e+06;-1;0;0;0;-1;0;903353231;928535208;81278448
1925;5.52529e-15;-602;1644;13979;12017.8;1;376;-2.14748e+09;-1.25027e+06;0;0;0;0;0;0;903450860;928654277;81319730
1926;5.52529e-15;-602;1644;13979;12017.8;1;376;-2.14748e+09;-1.248e+06;-1;0;0;0;-1;0;903548299;928773131;81360947
1927;5.52529e-15;-603;1644;13979;12017.8;1;376;-2.14748e+09;-1.24554e+06;0;0;0;0;0;0;903645548;928891770;81402099
1928;5.52529e-15;-604;1644;13979;12017.8;1;376;-2.14748e+09;-1.24318e+06;0;0;0;0;0;0;903742609;929010196;81443187
1929;5.52529e-15;-604;1644;13979;12017.8;1;376;-2.14748e+09;-1.24092e+06;-1;0;0;0;-1;0;903839481;929128408;81484209
1930;5.52529e-15;-604;1644;13979;12017.8;1;376;-2.14748e+09;-1.23847e+06;-1;0;0;0;-1;0;903936164;929246406;81525168
1931;5.52529e-15;-605;1644;13979;12017.8;1;376;-2.14748e+09;-1.23613e+06;0;0;0;0;0;0;904032660;929364192;81566062
1932;5.52529e-15;-606;1644;13979;12017.8;1;376;-2.14748e+09;-1.23378e+06;0;0;0;0;0;0;904128968;929481765;81606891
1933;5.52529e-15;-606;1644;13979;12017.8;1;376;-2.14748e+09;-1.23145e+06;-1;0;0;0;-1;0;904225089;929599126;81647656
1934;5.52529e-15;-606;1644;13979;12017.8;1;376;-2.14748e+09;-1.22922e+06;-1;0;0;0;-1;0;904321023;929716276;81688357
1935;5.52529e-15;-606;1644;13979;12017.8;1;376;-2.14748e+09;-1.22679e+06;-1;0;0;0;-1;0;904416771;929833214;81728994
1936;5.52529e-15;-607;1644;13979;12017.8;1;376;-2.14748e+09;-1.22457e+06;0;0;0;0;0;0;904512333;929949941;81769566
1937;5.52529e-15;-607;1644;13979;12017.8;1;376;-2.14748e+09;-1.22215e+06;-1;0;0;0;-1;0;904607710;930066458;81810075
1938;5.52529e-15;-608;1644;13979;12017.8;1;376;-2.14748e+09;-1.21994e+06;0;0;0;0;0;0;904702901;930182764;81850519
1939;5.52529e-15;-609;1644;13979;12017.8;1;376;-2.14748e+09;-1.21763e+06;0;0;0;0;0;0;904797908;930298861;81890900
1940;5.52529e-15;-610;1644;13979;12017.8;1;376;-2.14748e+09;-1.21522e+06;0;0;0;0;0;0;904892730;930414749;81931217
1941;5.52529e-15;-610;1644;13979;12017.8;1;376;-2.14748e+09;-1.21293e+06;-1;0;0;0;-1;0;904987368;930530427;81971471
1942;5.52529e-15;-611;1644;13979;12017.8;1;376;-2.14748e+09;-1.21073e+06;0;0;0;0;0;0;905081823;930645897;82011661
1943;5.52529e-15;-612;1644;13979;12017.8;1;376;-2.14748e+09;-1.20834e+06;0;0;0;0;0;0;905176094;930761159;82051787
1944;5.52529e-15;-612;1644;13979;12017.8;1;376;-2.14748e+09;-1.20606e+06;-1;0;0;0;-1;0;905270183;930876213;82091850
1945;5.52529e-15;-612;1644;13979;12017.8;1;376;-2.14748e+09;-1.20377e+06;-1;0;0;0;-1;0;905364088;930991059;82131850
1946;5.52529e-15;-613;1644;13979;12017.8;1;376;-2.14748e+09;-1.2015e+06;0;0;0;0;0;0;905457812;931105698;82171786
1947;5.52529e-15;-614;1644;13979;12017.8;1;376;-2.14748e+09;-1.19923e+06;0;0;0;0;0;0;905551354;931220131;82211659
1948;5.52529e-15;-615;1644;13979;12017.8;1;376;-2.14748e+09;-1.19706e+06;0;0;0;0;0;0;905644715;931334357;82251469
1949;5.52529e-15;-616;1644;13979;12017.8;1;376;-2.14748e+09;-1.1947e+06;0;0;0;0;0;0;905737895;931448378;82291216
1950;5.52529e-15;-616;1644;13979;12017.8;1;376;-2.14748e+09;-1.19244e+06;-1;0;0;0;-1;0;905830894;931562193;82330900
1951;5.52529e-15;-616;1644;13979;12017.8;1;376;-2.14748e+09;-1.19028e+06;-1;0;0;0;-1;0;905923712;931675802;82370522
1952;5.52529e-15;-617;1644;13979;12017.8;1;376;-2.14748e+09;-1.18793e+06;0;0;0;0;0;0;906016351;931789207;82410080
1953;5.52529e-15;-618;1644;13979;12017.8;1;376;-2.14748e+09;-1.18569e+06;0;0;0;0;0;0;906108810;931902408;82449576
1954;5.52529e-15;-619;1644;13979;12017.8;1;376;-2.14748e+09;-1.18355e+06;0;0;0;0;0;0;906201091;932015404;82489009
1955;5.52529e-15;-619;1644;13979;12017.8;1;376;-2.14748e+09;-1.18121e+06;-1;0;0;0;-1;0;906293192;932128197;82528380
1956;5.52529e-15;-620;1644;13979;12017.8;1;376;-2.14748e+09;-1.17898e+06;0;0;0;0;0;0;906385115;932240786;82567688
1957;5.52529e-15;-620;1644;13979;12017.8;1;376;-2.14748e+09;-1.17675e+06;-1;0;0;0;-1;0;906476860;932353173;82606934
1958;5.52529e-15;-621;1644;13979;12017.8;1;376;-2.14748e+09;-1.17453e+06;0;0;0;0;0;0;906568428;932465357;82646117
1959;5.52529e-15;-621;1644;13979;12017.8;1;376;-2.14748e+09;-1.17241e+06;-1;0;0;0;-1;0;906659818;932577338;82685239
1960;5.52529e-15;-621;1644;13979;12017.8;1;376;-2.14748e+09;-1.1701e+06;-1;0;0;0;-1;0;906751031;932689118;82724298
1961;5.52529e-15;-621;1644;13979;12017.8;1;376;-2.14748e+09;-1.16789e+06;-1;0;0;0;-1;0;906842067;932800697;82763295
1962;5.52529e-15;-622;1644;13979;12017.8;1;376;-2.14748e+09;-1.16568e+06;0;0;0;0;0;0;906932927;932912074;82802230
1963;5.52529e-15;-622;1644;13979;12017.8;1;376;-2.14748e+09;-1.16348e+06;-1;0;0;0;-1;0;907023612;933023251;82841104
1964;5.52529e-15;-623;1644;13979;12017.8;1;376;-2.14748e+09;-1.16139e+06;0;0;0;0;0;0;907114121;933134227;82879915
1965;5.52529e-15;-624;1644;13979;12017.8;1;376;-2.14748e+09;-1.1592e+06;0;0;0;0;0;0;907204455;933245004;82918665
1966;5.52529e-15;-624;1644;13979;12017.8;1;376;-2.14748e+09;-1.15691e+06;-1;0;0;0;-1;0;907294614;933355581;82957353
1967;5.52529e-15;-625;1644;13979;12017.8;1;376;-2.14748e+09;-1.15472e+06;0;0;0;0;0;0;907384598;933465958;82995980
1968;5.52529e-15;-626;1644;13979;12017.8;1;376;-2.14748e+09;-1.15255e+06;0;0;0;0;0;0;907474409;933576137;83034545
1969;5.52529e-15;-626;1644;13979;12017.8;1;376;-2.14748e+09;-1.15037e+06;-1;0;0;0;-1;0;907564046;933686117;83073048
1970;5.52529e-15;-626;1644;13979;12017.8;1;376;-2.14748e+09;-1.1482e+06;-1;0;0;0;-1;0;907653509;933795899;83111491
1971;5.52529e-15;-626;1644;13979;12017.8;1;376;-2.14748e+09;-1.14604e+06;-1;0;0;0;-1;0;907742800;933905484;83149872
1972;5.52529e-15;-627;1644;13979;12017.8;1;376;-2.14748e+09;-1.14387e+06;0;0;0;0;0;0;907831918;934014871;83188192
1973;5.52529e-15;-628;1644;13979;12017.8;1;376;-2.14748e+09;-1.14182e+06;0;0;0;0;0;0;907920863;934124060;83226451
1974;5.52529e-15;-629;1644;13979;12017.8;1;376;-2.14748e+09;-1.13956e+06;0;0;0;0;0;0;908009637;934233054;83264649
1975;5.52529e-15;-630;1644;13979;12017.8;1;376;-2.14748e+09;-1.13741e+06;0;0;0;0;0;0;908098239;934341850;83302786
1976;5.52529e-15;-630;1644;13979;12017.8;1;376;-2.14748e+09;-1.13527e+06;-1;0;0;0;-1;0;908186670;934450451;83340862
1977;5.52529e-15;-631;1644;13979;12017.8;1;376;-2.14748e+09;-1.13313e+06;0;0;0;0;0;0;908274930;934558856;83378878
1978;5.52529e-15;-631;1644;13979;12017.8;1;376;-2.14748e+09;-1.13109e+06;-1;0;0;0;-1;0;908363020;934667066;83416833
1979;5.52529e-15;-632;1644;13979;12017.8;1;376;-2.14748e+09;-1.12896e+06;0;0;0;0;0;0;908450939;934775081;83454727
1980;5.52529e-15;-632;1644;13979;12017.8;1;376;-2.14748e+09;-1.12673e+06;-1;0;0;0;-1;0;908538689;934882902;83492561
1981;5.52529e-15;-633;1644;13979;12017.8;1;376;-2.14748e+09;-1.12471e+06;0;0;0;0;0;0;908626269;934990528;83530334
1982;5.52529e-15;-633;1644;13979;12017.8;1;376;-2.14748e+09;-1.12259e+06;-1;0;0;0;-1;0;908713680;935097960;83568047
1983;5.52529e-15;-634;1644;13979;12017.8;1;376;-2.14748e+09;-1.12037e+06;0;0;0;0;0;0;908800922;935205199;83605699
1984;5.52529e-15;-635;1644;13979;12017.8;1;376;-2.14748e+09;-1.11826e+06;0;0;0;0;0;0;908887996;935312245;83643292
1985;5.52529e-15;-635;1644;13979;12017.8;1;376;-2.14748e+09;-1.11616e+06;-1;0;0;0;-1;0;908974902;935419098;83680824
1986;5.52529e-15;-635;1644;13979;12017.8;1;376;-2.14748e+09;-1.11405e+06;-1;0;0;0;-1;0;909061640;935525759;83718297
1987;5.52529e-15;-635;1644;13979;12017.8;1;376;-2.14748e+09;-1.11196e+06;-1;0;0;0;-1;0;909148211;935632227;83755709
1988;5.52529e-15;-635;1644;13979;12017.8;1;376;-2.14748e+09;-1.10986e+06;-1;0;0;0;-1;0;909234614;935738504;83793061
1989;5.52529e-15;-636;1644;13979;12017.8;1;376;-2.14748e+09;-1.10787e+06;0;0;0;0;0;0;909320851;935844590;83830354
1990;5.52529e-15;-636;1644;13979;12017.8;1;376;-2.14748e+09;-1.10568e+06;-1;0;0;0;-1;0;909406922;935950484;83867587
1991;5.52529e-15;-637;1644;13979;12017.8;1;376;-2.14748e+09;-1.1036e+06;0;0;0;0;0;0;909492826;936056188;83904761
1992;5.52529e-15;-637;1644;13979;12017.8;1;376;-2.14748e+09;-1.10152e+06;-1;0;0;0;-1;0;909578565;936161701;83941874
1993;5.52529e-15;-638;1644;13979;12017.8;1;376;-2.14748e+09;-1.09945e+06;0;0;0;0;0;0;909664138;936267025;83978929
1994;5.52529e-15;-638;1644;13979;12017.8;1;376;-2.14748e+09;-1.09738e+06;-1;0;0;0;-1;0;909749546;936372159;84015924
1995;5.52529e-15;-638;1644;13979;12017.8;1;376;-2.14748e+09;-1.09532e+06;-1;0;0;0;-1;0;909834790;936477103;84052859
1996;5.52529e-15;-638;1644;13979;12017.8;1;376;-2.14748e+09;-1.09325e+06;-1;0;0;0;-1;0;909919870;936581859;84089736
1997;5.52529e-15;-639;1644;13979;12017.8;1;376;-2.14748e+09;-1.0912e+06;0;0;0;0;0;0;910004785;936686426;84126553
1998;5.52529e-15;-640;1644;13979;12017.8;1;376;-2.14748e+09;-1.08914e+06;0;0;0;0;0;0;910089537;936790805;84163311
1999;5.52529e-15;-640;1644;13979;12017.8;1;376;-2.14748e+09;-1.08719e+06;-1;0;0;0;-1;0;910174125;936894995;84200011
