step;volume;A_0;B_0;C;L;p;Compl;Aext;Bext;A_ingresso;A_uscita;B_ingresso;B_uscita;A_netto;B_netto;Avicino;Amedio;Alontano
377;4.18816e-15;93;530;15751;10027;1;1;929;3488;499;150;465;149;349;316;103;96;2
378;4.20585e-15;209;1270;15601;10108;1;160;812;3388;488;85;1678;533;403;1145;104;95;2
379;4.25717e-15;222;1472;15495;10195;1;312;845;3489;423;110;1676;696;313;980;102;95;2
380;4.31253e-15;211;1608;15451;10277;1;431;844;3489;435;108;1718;793;327;925;102;96;2
381;4.36492e-15;235;1598;15450;10374;1;526;859;3490;438;115;1817;777;323;1040;102;96;2
382;4.42717e-15;239;1599;15451;10466;1;625;796;3490;462;117;1779;812;345;967;101;95;2
383;4.48649e-15;223;1574;15479;10534;1;707;736;3391;405;101;1744;766;304;978;102;95;2
384;4.5305e-15;186;1500;15559;10619;1;761;843;3491;350;109;1651;764;241;887;101;95;2
385;4.58571e-15;217;1587;15682;10700;1;794;802;3491;405;102;1780;766;303;1014;101;93;2
386;4.63854e-15;212;1612;15770;10778;1;833;780;3492;409;126;1749;805;283;944;101;94;3
387;4.6896e-15;228;1626;15910;10880;1;852;805;3492;392;97;1706;765;295;941;102;94;3
388;4.75665e-15;213;1576;15991;10968;1;907;767;3493;388;101;1739;840;287;899;102;94;3
389;4.81475e-15;216;1540;16109;11053;1;932;774;3493;386;93;1762;806;293;956;102;93;3
390;4.8711e-15;214;1635;16219;11140;1;967;761;3494;387;106;1753;742;281;1011;102;93;3
391;4.929e-15;214;1659;16369;11227;1;981;749;3494;374;100;1776;844;274;932;102;94;3
392;4.98713e-15;227;1650;16510;11316;1;993;679;3395;344;105;1784;850;239;934;103;95;3
393;5.04683e-15;193;1584;16666;11405;1;994;782;3495;336;99;1703;813;237;890;101;94;3
394;5.10677e-15;196;1565;16788;11479;1;1017;776;3496;379;104;1697;753;275;944;100;93;3
395;5.15679e-15;222;1502;16937;11555;1;1033;741;3496;444;86;1773;854;358;919;100;94;3
396;5.20833e-15;213;1544;17062;11634;1;1069;742;3496;384;105;1783;779;279;1004;100;94;3
397;5.26208e-15;209;1549;17249;11705;1;1058;739;3497;411;116;1748;779;295;969;99;95;3
398;5.31055e-15;220;1569;17355;11792;1;1095;780;3497;372;97;1697;754;275;943;99;95;3
399;5.37014e-15;232;1549;17501;11880;1;1110;734;3498;384;102;1755;802;282;953;98;94;3
400;5.43065e-15;218;1610;17612;11963;1;1148;780;3498;336;112;1756;791;224;965;99;93;3
401;5.48792e-15;222;1593;17780;12038;1;1151;763;3499;412;113;1767;845;299;922;98;93;3
402;5.53985e-15;216;1605;17964;12126;1;1141;691;3499;358;111;1767;763;247;1004;98;93;3
403;5.60098e-15;197;1576;18162;12193;1;1119;696;3499;329;89;1763;840;240;923;98;94;3
404;5.64768e-15;187;1604;18355;12285;1;1091;647;3500;371;115;1723;798;256;925;98;92;3
405;5.71201e-15;149;1644;18498;12360;1;1097;634;3500;344;89;1728;818;255;910;97;93;3
406;5.76464e-15;180;1631;18682;12439;1;1068;620;3501;290;82;1785;814;208;971;97;92;3
407;5.82024e-15;188;1555;18818;12509;1;1083;617;3501;295;82;1754;845;213;909;97;92;3
408;5.86966e-15;173;1570;18940;12566;1;1101;607;3502;294;95;1759;793;199;966;96;91;3
409;5.91001e-15;166;1593;19083;12645;1;1095;579;3502;306;91;1830;784;215;1046;96;91;3
410;5.96608e-15;170;1593;19207;12747;1;1099;563;3502;293;82;1733;813;211;920;96;92;3
411;6.03873e-15;164;1610;19387;12825;1;1070;546;3503;247;79;1727;797;168;930;95;91;3
412;6.09449e-15;174;1636;19581;12909;1;1031;516;3503;274;73;1752;822;201;930;95;91;3
413;6.15473e-15;155;1652;19724;12993;1;1020;536;3504;265;70;1781;814;195;967;95;90;3
414;6.21517e-15;159;1609;19891;13088;1;995;503;3504;263;78;1785;818;185;967;95;90;3
415;6.28376e-15;152;1637;20021;13168;1;991;534;3505;242;74;1818;814;168;1004;95;91;3
416;6.34171e-15;166;1622;20154;13247;1;985;518;3505;256;98;1788;837;158;951;94;90;3
417;6.39912e-15;139;1681;20291;13338;1;975;520;3505;249;68;1777;756;181;1021;94;89;3
418;6.46546e-15;148;1662;20415;13416;1;970;476;3506;251;69;1807;824;182;983;93;89;3
419;6.5225e-15;130;1687;20527;13493;1;975;509;3506;231;70;1743;829;161;914;93;90;3
420;6.57898e-15;162;1600;20689;13585;1;944;473;3507;267;60;1719;855;207;864;93;89;3
421;6.64667e-15;148;1657;20831;13663;1;928;489;3507;236;72;1774;819;164;955;93;88;3
422;6.70424e-15;141;1723;20951;13744;1;917;484;3507;245;63;1809;797;182;1012;94;89;3
423;6.76421e-15;145;1682;21073;13822;1;907;478;3508;256;72;1716;816;184;900;93;89;3
424;6.82212e-15;143;1714;21152;13906;1;922;477;3508;228;68;1820;845;160;975;94;89;3
425;6.88467e-15;180;1629;21266;13985;1;924;463;3509;244;62;1726;825;182;901;93;90;3
426;6.94367e-15;128;1578;21384;14057;1;927;473;3509;221;83;1661;832;138;829;93;89;3
427;6.99759e-15;117;1587;21462;14152;1;935;484;3509;244;72;1781;819;172;962;93;90;3
428;7.06895e-15;129;1640;21584;14233;1;925;473;3510;234;57;1774;767;177;1007;93;88;3
429;7.12998e-15;141;1616;21656;14310;1;948;509;3510;240;63;1770;822;177;948;92;88;3
430;7.18816e-15;149;1675;21755;14375;1;957;466;3511;234;67;1717;805;167;912;91;88;3
431;7.2374e-15;116;1681;21820;14466;1;979;503;3511;237;68;1799;849;169;950;91;87;3
432;7.30652e-15;127;1638;21953;14547;1;967;499;3511;262;71;1737;813;191;924;91;87;3
433;7.36823e-15;115;1717;22070;14615;1;954;492;3512;254;67;1706;824;187;882;91;87;3
434;7.42017e-15;144;1688;22207;14696;1;933;492;3512;226;64;1764;873;162;891;91;87;4
435;7.4822e-15;158;1660;22305;14772;1;929;479;3513;205;82;1818;877;123;941;91;86;4
436;7.54055e-15;157;1678;22419;14853;1;926;475;3513;252;76;1766;787;176;979;90;86;4
437;7.60291e-15;134;1633;22499;14923;1;943;475;3513;245;75;1770;874;170;896;91;86;4
438;7.65695e-15;153;1663;22611;14985;1;935;493;3514;258;76;1721;776;182;945;90;85;4
439;7.70491e-15;145;1619;22711;15064;1;941;486;3514;247;53;1750;871;194;879;90;85;4
440;7.76617e-15;128;1594;22798;15143;1;948;482;3514;252;64;1858;814;188;1044;90;84;4
441;7.82759e-15;124;1664;22879;15219;1;956;510;3515;244;62;1687;786;182;901;89;85;4
442;7.88683e-15;138;1684;22998;15290;1;948;472;3515;225;58;1805;866;167;939;90;84;4
443;7.94231e-15;144;1690;23134;15366;1;930;469;3516;245;68;1761;825;177;936;90;84;4
444;8.00184e-15;127;1694;23207;15449;1;952;495;3516;232;68;1765;826;164;939;90;84;4
445;8.06703e-15;158;1702;23305;15519;1;948;479;3516;243;62;1792;844;181;948;90;83;4
446;8.12214e-15;149;1657;23417;15594;1;936;503;3517;249;73;1735;808;176;927;89;83;4
447;8.18133e-15;145;1666;23513;15663;1;938;479;3517;256;72;1782;863;184;919;89;83;4
448;8.23591e-15;135;1705;23599;15750;1;947;480;3517;232;63;1812;896;169;916;89;82;4
449;8.3049e-15;160;1668;23682;15818;1;953;524;3518;261;84;1702;858;177;844;88;81;4
450;8.35895e-15;153;1674;23808;15894;1;943;489;3518;267;84;1760;824;183;936;88;81;4
451;8.41951e-15;151;1764;23849;15962;1;977;484;3519;239;63;1773;812;176;961;88;81;4
452;8.47381e-15;151;1693;23969;16044;1;968;466;3519;263;74;1730;856;189;874;87;80;4
453;8.53945e-15;139;1658;24064;16100;1;970;468;3519;265;83;1778;825;182;953;86;80;4
454;8.58438e-15;138;1675;24191;16183;1;954;506;3520;208;80;1666;789;128;877;86;80;4
455;8.65111e-15;159;1673;24285;16252;1;960;484;3520;248;64;1771;832;184;939;87;79;4
456;8.70672e-15;152;1714;24355;16305;1;980;487;3520;221;68;1846;828;153;1018;86;79;4
457;8.74951e-15;144;1754;24435;16378;1;991;508;3521;241;59;1757;830;182;927;85;80;4
458;8.80856e-15;123;1677;24524;16440;1;999;497;3521;295;67;1729;871;228;858;84;80;4
459;8.85883e-15;149;1600;24596;16517;1;1019;485;3521;235;69;1751;881;166;870;85;79;4
460;8.92138e-15;138;1670;24697;16587;1;1017;475;3522;251;65;1833;844;186;989;85;79;4
461;8.97838e-15;150;1681;24788;16653;1;1020;496;3522;249;70;1848;816;179;1032;85;78;4
462;9.03223e-15;164;1663;24879;16718;1;1020;472;3523;259;64;1771;862;195;909;85;78;4
463;9.08536e-15;171;1675;24923;16795;1;1048;497;3523;229;67;1688;850;162;838;84;78;4
464;9.14845e-15;142;1577;25038;16861;1;1035;478;3523;255;80;1735;837;175;898;84;79;4
465;9.20264e-15;143;1707;25083;16919;1;1061;471;3524;207;68;1811;830;139;981;84;78;4
466;9.25034e-15;140;1662;25178;16987;1;1062;472;3524;202;80;1827;822;122;1005;83;78;4
467;9.30638e-15;153;1759;25297;17052;1;1051;495;3524;248;68;1848;852;180;996;83;78;4
468;9.36006e-15;138;1690;25404;17116;1;1045;503;3525;211;83;1742;913;128;829;83;77;4
469;9.413e-15;152;1653;25519;17174;1;1028;516;3525;238;71;1747;800;167;947;83;78;4
470;9.46107e-15;137;1677;25593;17235;1;1039;500;3525;260;53;1775;800;207;975;82;77;4
471;9.51172e-15;148;1698;25665;17305;1;1051;475;3526;221;69;1875;816;152;1059;83;77;4
472;9.56995e-15;142;1709;25759;17370;1;1049;499;3526;245;71;1787;819;174;968;83;77;4
473;9.62412e-15;152;1714;25863;17447;1;1047;498;3526;262;75;1752;850;187;902;83;76;4
474;9.68843e-15;157;1667;25937;17512;1;1054;472;3527;260;67;1798;818;193;980;83;76;4
475;9.74283e-15;129;1591;26050;17580;1;1042;519;3527;219;89;1802;837;130;965;83;76;4
476;9.79985e-15;133;1645;26159;17657;1;1029;498;3527;231;80;1708;855;151;853;83;76;4
477;9.86454e-15;137;1649;26253;17727;1;1030;477;3528;239;60;1833;840;179;993;82;75;4
478;9.92349e-15;144;1709;26324;17798;1;1039;497;3528;250;60;1797;793;190;1004;82;75;4
479;9.98339e-15;158;1747;26439;17859;1;1026;482;3528;265;59;1686;821;206;865;81;75;4
480;1.00349e-14;143;1691;26515;17914;1;1037;508;3529;232;75;1734;865;157;869;81;76;4
481;1.00815e-14;161;1651;26609;17987;1;1038;463;3529;255;82;1805;819;173;986;80;74;4
482;1.01434e-14;121;1646;26701;18041;1;1042;458;3529;197;79;1756;817;118;939;80;74;4
483;1.01893e-14;147;1729;26795;18109;1;1031;472;3530;254;69;1762;859;185;903;80;74;4
484;1.02472e-14;126;1646;26853;18166;1;1049;480;3530;237;66;1758;836;171;922;80;75;5
485;1.02958e-14;136;1710;26946;18227;1;1051;438;3530;240;66;1718;785;174;933;79;74;5
486;1.03479e-14;135;1689;27020;18297;1;1057;468;3531;192;80;1684;840;112;844;80;73;5
487;1.04078e-14;148;1691;27128;18369;1;1039;375;3431;241;69;1808;816;172;992;81;73;5
488;1.04695e-14;119;1711;27220;18435;1;1032;449;3531;204;61;1717;865;143;852;80;72;5
489;1.05262e-14;155;1730;27325;18505;1;1022;377;3432;207;59;1801;771;148;1030;81;73;5
490;1.05864e-14;111;1694;27378;18575;1;1035;440;3532;209;65;1807;910;144;897;79;73;5
491;1.06468e-14;133;1702;27457;18646;1;1033;425;3532;229;76;1786;860;153;926;79;72;5
492;1.07081e-14;136;1747;27528;18717;1;1040;448;3533;182;56;1737;859;126;878;79;72;5
493;1.07695e-14;126;1766;27597;18777;1;1051;434;3533;244;58;1735;823;186;912;78;72;5
494;1.08215e-14;125;1689;27691;18849;1;1046;460;3533;235;58;1733;879;177;854;78;71;5
495;1.08841e-14;147;1676;27763;18916;1;1051;434;3534;219;64;1779;808;155;971;78;71;5
496;1.09424e-14;143;1774;27831;18974;1;1064;472;3534;211;58;1844;867;153;977;78;71;5
497;1.09929e-14;136;1749;27916;19038;1;1068;471;3534;196;69;1785;890;127;895;78;71;5
498;1.10488e-14;143;1751;27993;19114;1;1073;478;3535;237;61;1740;850;176;890;78;70;5
499;1.11153e-14;135;1687;28067;19164;1;1073;425;3535;217;80;1818;869;137;949;78;70;5
500;1.11591e-14;128;1693;28148;19240;1;1072;422;3535;209;63;1792;866;146;926;78;69;5
501;1.12257e-14;119;1679;28221;19299;1;1076;428;3536;210;68;1728;855;142;873;77;68;5
502;1.12776e-14;115;1653;28324;19350;1;1064;422;3536;223;57;1832;823;166;1009;77;68;5
503;1.13225e-14;121;1705;28381;19411;1;1087;436;3536;207;58;1791;846;149;945;77;69;5
504;1.13763e-14;119;1661;28450;19474;1;1101;443;3537;211;64;1820;894;147;926;77;68;5
505;1.14319e-14;139;1638;28521;19534;1;1107;450;3537;200;54;1750;846;146;904;77;69;5
506;1.1485e-14;143;1695;28582;19598;1;1119;475;3537;226;75;1768;837;151;931;77;68;5
507;1.15417e-14;135;1667;28657;19650;1;1129;413;3537;258;63;1753;832;195;921;77;68;5
508;1.15878e-14;134;1651;28728;19705;1;1140;397;3538;179;60;1768;828;119;940;76;68;5
509;1.16367e-14;111;1722;28818;19762;1;1133;381;3538;171;68;1706;802;103;904;75;68;5
510;1.16874e-14;127;1651;28932;19822;1;1107;411;3538;170;62;1780;873;108;907;74;67;5
511;1.17408e-14;120;1735;29035;19889;1;1090;400;3539;197;48;1756;804;149;952;74;67;5
512;1.18006e-14;134;1709;29125;19937;1;1078;377;3539;201;59;1722;816;142;906;74;68;5
513;1.18435e-14;112;1707;29149;19994;1;1112;379;3539;179;51;1715;850;128;865;74;68;5
514;1.18945e-14;123;1696;29255;20051;1;1094;405;3540;191;63;1767;913;128;854;74;69;5
515;4.20458e-15;115;1284;10483;10096.5;1;1053;326;3540;191;41;1780;498;150;1282;74;69;5
516;4.24956e-15;122;1483;10754;10173.5;1;944;319;3540;148;62;1825;728;86;1097;73;69;5
517;4.29851e-15;101;1591;10992;10252.5;1;858;386;3541;166;61;1721;763;105;958;73;70;5
518;4.34893e-15;118;1604;11198;10318.5;1;787;384;3541;183;61;1735;738;122;997;73;71;5
519;4.3912e-15;113;1570;11424;10381.5;1;717;375;3541;168;59;1786;834;109;952;73;70;5
520;4.43168e-15;124;1531;11608;10450.5;1;663;378;3541;183;55;1801;819;128;982;73;70;5
521;4.47615e-15;118;1675;11723;10513.5;1;642;370;3542;199;71;1766;745;128;1021;73;69;5
522;4.51689e-15;111;1717;11886;10567.5;1;601;332;3542;180;73;1717;844;107;873;73;69;5
523;4.55191e-15;115;1669;12051;10626.5;1;552;378;3542;143;55;1804;857;88;947;73;68;5
524;4.59027e-15;121;1666;12168;10683.5;1;532;363;3543;197;50;1758;846;147;912;73;68;5
525;4.62743e-15;117;1668;12292;10741.5;1;501;360;3543;186;65;1750;826;121;924;73;69;5
526;4.66535e-15;125;1726;12409;10801.5;1;481;334;3543;157;58;1747;825;99;922;72;69;5
527;4.70469e-15;107;1687;12490;10864.5;1;483;273;3444;196;59;1833;861;137;972;73;69;5
528;4.74611e-15;82;1605;12613;10927.5;1;451;373;3544;147;37;1664;846;110;818;72;68;5
529;4.78765e-15;121;1672;12678;10994.5;1;448;342;3544;185;37;1708;825;148;883;72;68;5
530;4.83197e-15;104;1713;12764;11058.5;1;443;341;3544;165;48;1749;870;117;879;72;67;5
531;4.87442e-15;111;1677;12827;11135.5;1;445;381;3545;195;44;1737;827;151;910;70;67;5
532;4.92567e-15;114;1641;12923;11216.5;1;426;381;3545;183;59;1780;859;124;921;71;66;5
533;4.97977e-15;114;1661;12978;11291.5;1;440;289;3545;175;40;1748;858;135;890;70;67;5
534;5.03004e-15;100;1705;13076;11356.5;1;420;341;3546;135;59;1730;849;76;881;70;67;5
535;5.07374e-15;128;1697;13150;11406.5;1;414;320;3546;170;50;1808;847;120;961;70;66;5
536;5.10745e-15;119;1709;13213;11461.5;1;415;269;3546;165;48;1801;802;117;999;70;67;5
537;5.14461e-15;81;1684;13283;11523.5;1;409;302;3546;119;47;1728;878;72;850;69;67;5
538;5.1866e-15;77;1645;13368;11597.5;1;394;323;3547;142;38;1703;879;104;824;69;68;6
539;5.23688e-15;87;1674;13439;11653.5;1;384;335;3547;158;36;1766;870;122;896;69;68;6
540;5.27504e-15;101;1645;13508;11720.5;1;377;328;3547;201;41;1724;867;160;857;69;68;6
541;5.32081e-15;96;1687;13541;11793.5;1;390;326;3548;174;67;1753;833;107;920;69;68;6
542;5.37083e-15;111;1625;13581;11854.5;1;402;281;3548;176;38;1773;874;138;899;70;68;6
543;5.41275e-15;83;1685;13635;11915.5;1;414;328;3548;166;41;1755;848;125;907;69;68;6
544;5.45477e-15;97;1724;13681;11974.5;1;421;321;3548;170;41;1738;845;129;893;69;68;6
545;5.49553e-15;113;1643;13759;12038.5;1;414;271;3549;161;59;1788;919;102;869;69;67;6
546;5.53985e-15;83;1681;13827;12104.5;1;412;266;3549;132;68;1733;854;64;879;68;67;6
547;5.58568e-15;84;1714;13867;12162.5;1;422;245;3549;130;25;1756;849;105;907;68;67;6
548;5.62606e-15;78;1726;13994;12223.5;1;377;240;3550;127;39;1781;784;88;997;69;67;6
549;5.66863e-15;71;1746;14078;12292.5;1;354;239;3550;118;41;1849;844;77;1005;68;68;6
550;5.71692e-15;62;1731;14152;12348.5;1;338;257;3550;106;33;1836;874;73;962;68;66;6
551;5.7562e-15;81;1651;14213;12405.5;1;326;293;3550;127;32;1735;869;95;866;68;67;6
552;5.79629e-15;84;1669;14272;12479.5;1;321;304;3551;139;43;1793;825;96;968;67;66;6
553;5.84846e-15;94;1663;14342;12536.5;1;307;240;3551;140;36;1759;835;104;924;67;66;6
554;5.88876e-15;70;1696;14393;12594.5;1;305;300;3551;126;38;1791;804;88;987;67;66;6
555;5.92986e-15;70;1705;14418;12656.5;1;322;273;3551;140;46;1748;902;94;846;67;65;6
556;5.9739e-15;84;1668;14464;12716.5;1;319;264;3552;152;38;1799;820;114;979;67;65;6
557;6.01662e-15;102;1705;14521;12768.5;1;312;276;3552;151;48;1786;850;103;936;67;64;6
558;6.05373e-15;104;1650;14580;12834.5;1;306;242;3552;142;41;1817;902;101;915;66;64;6
559;6.10094e-15;82;1746;14600;12886.5;1;322;257;3553;108;47;1768;842;61;926;66;64;6
560;6.13822e-15;95;1758;14640;12934.5;1;324;240;3553;121;36;1744;829;85;915;66;64;6
561;6.1727e-15;77;1715;14688;13006.5;1;323;2.14749e+08;-2.14748e+09;113;41;1765;829;72;936;66;63;6
562;6.22454e-15;77;1714;14688;13006.5;1;323;3.13773e+08;-2.06399e+09;0;0;-1;0;0;-1;65;63;6
563;6.22454e-15;77;1712;14688;13006.5;1;323;6.19576e+08;-1.98428e+09;0;0;-1;0;0;-1;65;63;6
564;6.22454e-15;77;1712;14688;13006.5;1;323;8.10393e+08;-1.90817e+09;0;0;-1;0;0;-1;416;414;6
565;6.22454e-15;78;1711;14688;13006.5;1;323;7.79193e+08;-1.83548e+09;2;0;-1;0;2;-1;1764;1761;6
566;6.22454e-15;78;1711;14688;13006.5;1;323;9.55798e+08;-1.76604e+09;0;0;-1;0;0;-1;5004;5001;6
567;6.22454e-15;78;1710;14688;13006.5;1;323;1.34052e+09;-1.69969e+09;1;0;-1;0;1;-1;11232;11230;6
568;6.22454e-15;78;1709;14688;13006.5;1;323;1.28939e+09;-1.63627e+09;0;0;-1;0;0;-1;21712;21710;6
569;6.22454e-15;78;1709;14688;13006.5;1;323;1.66171e+09;-1.57565e+09;0;0;-1;0;0;-1;37837;37834;6
570;6.22454e-15;79;1708;14688;13006.5;1;323;1.7061e+09;-1.51768e+09;1;0;-1;0;1;-1;61099;61096;6
571;6.22454e-15;80;1707;14688;13006.5;1;323;1.9597e+09;-1.46224e+09;2;0;-1;0;2;-1;93064;93061;6
572;6.22454e-15;80;1707;14688;13006.5;1;323;1.88587e+09;-1.40921e+09;1;0;-1;0;1;-1;135348;135345;6
573;6.22454e-15;80;1707;14688;13006.5;1;323;2.02172e+09;-1.35846e+09;0;0;-1;0;0;-1;189593;189590;6
574;6.22454e-15;80;1706;14688;13006.5;1;323;-2.14748e+09;-1.30989e+09;0;0;-1;0;0;-1;257453;257450;6
575;6.22454e-15;80;1706;14688;13006.5;1;323;-2.14748e+09;-1.2634e+09;0;0;-1;0;0;-1;340574;340572;6
576;6.22454e-15;80;1706;14688;13006.5;1;323;-2.14748e+09;-1.21888e+09;-1;0;0;0;-1;0;440587;440584;6
577;6.22454e-15;78;1705;14688;13006.5;1;323;-2.14748e+09;-1.17625e+09;-1;0;0;0;-1;0;559086;559083;6
578;6.22454e-15;78;1703;14688;13006.5;1;323;-2.14748e+09;-1.13541e+09;-1;0;0;0;-1;0;697627;697624;6
579;6.22454e-15;76;1701;14688;13006.5;1;323;-2.14748e+09;-1.09627e+09;0;0;-1;0;0;-1;857717;857715;6
580;6.22454e-15;75;1701;14688;13006.5;1;323;-2.14748e+09;-1.05877e+09;-1;0;0;0;-1;0;1040806;1040803;6
581;6.22454e-15;75;1700;14688;13006.5;1;323;-2.14748e+09;-1.02281e+09;0;0;-1;0;0;-1;1248279;1248276;6
582;6.22454e-15;75;1700;14688;13006.5;1;323;-2.14748e+09;-9.88342e+08;-1;0;0;0;-1;0;1481457;1481455;6
583;6.22454e-15;75;1700;14688;13006.5;1;323;-2.14748e+09;-9.5528e+08;-1;0;0;0;-1;0;1741590;1741587;6
584;6.22454e-15;75;1699;14688;13006.5;1;323;-2.14748e+09;-9.23566e+08;0;0;-1;0;0;-1;2029853;2029850;6
585;6.22454e-15;75;1699;14688;13006.5;1;323;-2.14748e+09;-8.93136e+08;-1;0;0;0;-1;0;2347347;2347344;6
586;6.22454e-15;75;1699;14688;13006.5;1;323;-2.14748e+09;-8.63933e+08;-1;0;0;0;-1;0;2695095;2695092;6
587;6.22454e-15;74;1699;14688;13006.5;1;323;-2.14748e+09;-8.359e+08;-1;0;0;0;-1;0;3074045;3074042;6
588;6.22454e-15;74;1698;14688;13006.5;1;323;-2.14748e+09;-8.08984e+08;-1;0;0;0;-1;0;3485064;3485062;6
589;6.22454e-15;74;1698;14688;13006.5;1;323;-2.14748e+09;-7.83135e+08;-1;0;0;0;-1;0;3928947;3928944;6
590;6.22454e-15;74;1698;14688;13006.5;1;323;-2.14748e+09;-7.58305e+08;-1;0;0;0;-1;0;4406407;4406404;6
591;6.22454e-15;74;1698;14688;13006.5;1;323;-2.14748e+09;-7.34449e+08;-1;0;0;0;-1;0;4918086;4918083;6
592;6.22454e-15;74;1698;14688;13006.5;1;323;-2.14748e+09;-7.11523e+08;-1;0;0;0;-1;0;5464550;5464547;7
593;6.22454e-15;74;1698;14688;13006.5;1;323;-2.14748e+09;-6.89486e+08;-1;0;0;0;-1;0;6046293;6046291;7
594;6.22454e-15;73;1696;14688;13006.5;1;323;-2.14748e+09;-6.68298e+08;-1;0;0;0;-1;0;6663741;6663738;7
595;6.22454e-15;72;1695;14688;13006.5;1;323;-2.14748e+09;-6.47923e+08;-1;0;0;0;-1;0;7317248;7317245;7
596;6.22454e-15;72;1695;14688;13006.5;1;323;-2.14748e+09;-6.28325e+08;-1;0;0;0;-1;0;8007105;8007102;7
597;6.22454e-15;70;1695;14688;13006.5;1;323;-2.14748e+09;-6.0947e+08;-1;0;0;0;-1;0;8733537;8733534;7
598;6.22454e-15;70;1695;14688;13006.5;1;323;-2.14748e+09;-5.91326e+08;-1;0;0;0;-1;0;9496710;9496707;8
599;6.22454e-15;69;1695;14688;13006.5;1;323;-2.14748e+09;-5.73862e+08;0;0;-1;0;0;-1;10296729;10296727;8
600;6.22454e-15;68;1693;14688;13006.5;1;323;-2.14748e+09;-5.57049e+08;0;0;-1;0;0;-1;11133645;11133642;9
601;6.22454e-15;67;1693;14688;13006.5;1;323;-2.14748e+09;-5.40859e+08;-1;0;0;0;-1;0;12007452;12007450;9
602;6.22454e-15;67;1693;14688;13006.5;1;323;-2.14748e+09;-5.25265e+08;0;0;-1;0;0;-1;12918097;12918094;10
603;6.22454e-15;66;1693;14688;13006.5;1;323;-2.14748e+09;-5.10244e+08;0;0;-1;0;0;-1;13865473;13865471;11
604;6.22454e-15;66;1692;14688;13006.5;1;323;-2.14748e+09;-4.95769e+08;-1;0;0;0;-1;0;14849432;14849430;12
605;6.22454e-15;66;1692;14688;13006.5;1;323;-2.14748e+09;-4.81819e+08;0;0;-1;0;0;-1;15869779;15869777;13
606;6.22454e-15;65;1692;14688;13006.5;1;323;-2.14748e+09;-4.68371e+08;-1;0;0;0;-1;0;16926279;16926277;15
607;6.22454e-15;64;1692;14688;13006.5;1;323;-2.14748e+09;-4.55404e+08;-1;0;0;0;-1;0;18018659;18018657;17
608;6.22454e-15;63;1692;14688;13006.5;1;323;-2.14748e+09;-4.429e+08;-1;0;0;0;-1;0;19146609;19146607;19
609;6.22454e-15;62;1692;14688;13006.5;1;323;-2.14748e+09;-4.30837e+08;-1;0;0;0;-1;0;20309784;20309782;22
610;6.22454e-15;61;1692;14688;13006.5;1;323;-2.14748e+09;-4.192e+08;-1;0;0;0;-1;0;21507808;21507806;25
611;6.22454e-15;61;1692;14688;13006.5;1;323;-2.14748e+09;-4.07969e+08;-1;0;0;0;-1;0;22740277;22740275;29
612;6.22454e-15;61;1692;14688;13006.5;1;323;-2.14748e+09;-3.97129e+08;-1;0;0;0;-1;0;24006757;24006756;33
613;6.22454e-15;61;1692;14688;13006.5;1;323;-2.14748e+09;-3.86664e+08;-1;0;0;0;-1;0;25306792;25306791;39
614;6.22454e-15;61;1692;14688;13006.5;1;323;-2.14748e+09;-3.76558e+08;-1;0;0;0;-1;0;26639899;26639898;45
615;6.22454e-15;57;1692;14688;13006.5;1;323;-2.14748e+09;-3.66798e+08;0;0;-1;0;0;-1;28005576;28005576;52
616;6.22454e-15;57;1692;14688;13006.5;1;323;-2.14748e+09;-3.57369e+08;-1;0;0;0;-1;0;29403302;29403302;60
617;6.22454e-15;57;1692;14688;13006.5;1;323;-2.14748e+09;-3.48258e+08;-1;0;0;0;-1;0;30832536;30832537;69
618;6.22454e-15;57;1692;14688;13006.5;1;323;-2.14748e+09;-3.39454e+08;0;0;-1;0;0;-1;32292724;32292725;79
619;6.22454e-15;54;1692;14688;13006.5;1;323;-2.14748e+09;-3.30943e+08;-1;0;0;0;-1;0;33783295;33783296;91
620;6.22454e-15;52;1692;14688;13006.5;1;323;-2.14748e+09;-3.22714e+08;0;0;-1;0;0;-1;35303666;35303668;105
621;6.22454e-15;50;1692;14688;13006.5;1;323;-2.14748e+09;-3.14757e+08;0;0;-1;0;0;-1;36853245;36853247;121
622;6.22454e-15;48;1692;14688;13006.5;1;323;-2.14748e+09;-3.07061e+08;-1;0;0;0;-1;0;38431426;38431429;138
623;6.22454e-15;48;1691;14688;13006.5;1;323;-2.14748e+09;-2.99615e+08;-1;0;0;0;-1;0;40037598;40037603;158
624;6.22454e-15;48;1691;14688;13006.5;1;323;-2.14748e+09;-2.92411e+08;-1;0;0;0;-1;0;41671142;41671148;180
625;6.22454e-15;47;1691;14688;13006.5;1;323;-2.14748e+09;-2.85438e+08;0;0;-1;0;0;-1;43331432;43331439;205
626;6.22454e-15;44;1691;14688;13006.5;1;323;-2.14748e+09;-2.78689e+08;-1;0;0;0;-1;0;45017839;45017848;233
627;6.22454e-15;44;1691;14688;13006.5;1;323;-2.14748e+09;-2.72154e+08;-1;0;0;0;-1;0;46729729;46729739;264
628;6.22454e-15;43;1691;14688;13006.5;1;323;-2.14748e+09;-2.65826e+08;-1;0;0;0;-1;0;48466466;48466476;299
629;6.22454e-15;43;1691;14688;13006.5;1;323;-2.14748e+09;-2.59697e+08;-1;0;0;0;-1;0;50227410;50227423;338
630;6.22454e-15;43;1691;14688;13006.5;1;323;-2.14748e+09;-2.53759e+08;-1;0;0;0;-1;0;52011925;52011940;381
631;6.22454e-15;41;1691;14688;13006.5;1;323;-2.14748e+09;-2.48005e+08;-1;0;0;0;-1;0;53819371;53819388;429
632;6.22454e-15;41;1691;14688;13006.5;1;323;-2.14748e+09;-2.42429e+08;-1;0;0;0;-1;0;55649111;55649130;481
633;6.22454e-15;37;1691;14688;13006.5;1;323;-2.14748e+09;-2.37024e+08;-1;0;0;0;-1;0;57500510;57500531;539
634;6.22454e-15;33;1691;14688;13006.5;1;323;-2.14748e+09;-2.31784e+08;-1;0;0;0;-1;0;59372932;59372957;603
635;6.22454e-15;29;1691;14688;13006.5;1;323;-2.14748e+09;-2.26703e+08;-1;0;0;0;-1;0;61265750;61265777;674
636;6.22454e-15;28;1691;14688;13006.5;1;323;-2.14748e+09;-2.21775e+08;-1;0;0;0;-1;0;63178335;63178365;751
637;6.22454e-15;26;1691;14688;13006.5;1;323;-2.14748e+09;-2.16994e+08;-1;0;0;0;-1;0;65110065;65110100;835
638;6.22454e-15;25;1691;14688;13006.5;1;323;-2.14748e+09;-2.12356e+08;-1;0;0;0;-1;0;67060324;67060363;927
639;6.22454e-15;25;1691;14688;13006.5;1;323;-2.14748e+09;-2.07855e+08;-1;0;0;0;-1;0;69028499;69028543;1028
640;6.22454e-15;25;1691;14688;13006.5;1;323;-2.14748e+09;-2.03486e+08;-1;0;0;0;-1;0;71013983;71014033;1137
641;6.22454e-15;25;1691;14688;13006.5;1;323;-2.14748e+09;-1.99245e+08;-1;0;0;0;-1;0;73016177;73016233;1257
642;6.22454e-15;23;1691;14688;13006.5;1;323;-2.14748e+09;-1.95127e+08;-1;0;0;0;-1;0;75034487;75034549;1386
643;6.22454e-15;23;1691;14688;13006.5;1;323;-2.14748e+09;-1.91128e+08;-1;0;0;0;-1;0;77068327;77068396;1527
644;6.22454e-15;19;1691;14688;13006.5;1;323;-2.14748e+09;-1.87243e+08;-1;0;0;0;-1;0;79117118;79117193;1680
645;6.22454e-15;19;1691;14688;13006.5;1;323;-2.14748e+09;-1.8347e+08;-1;0;0;0;-1;0;81180287;81180369;1844
646;6.22454e-15;19;1691;14688;13006.5;1;323;-2.14748e+09;-1.79803e+08;-1;0;0;0;-1;0;83257270;83257361;2022
647;6.22454e-15;18;1691;14688;13006.5;1;323;-2.14748e+09;-1.76239e+08;-1;0;0;0;-1;0;85347512;85347613;2215
648;6.22454e-15;18;1691;14688;13006.5;1;323;-2.14748e+09;-1.72776e+08;-1;0;0;0;-1;0;87450466;87450575;2422
649;6.22454e-15;18;1691;14688;13006.5;1;323;-2.14748e+09;-1.69408e+08;-1;0;0;0;-1;0;89565591;89565711;2644
650;6.22454e-15;18;1691;14688;13006.5;1;323;-2.14748e+09;-1.66134e+08;-1;0;0;0;-1;0;91692358;91692490;2884
651;6.22454e-15;18;1691;14688;13006.5;1;323;-2.14748e+09;-1.6295e+08;-1;0;0;0;-1;0;93830245;93830389;3141
652;6.22454e-15;18;1691;14688;13006.5;1;323;-2.14748e+09;-1.59852e+08;-1;0;0;0;-1;0;95978738;95978895;3417
653;6.22454e-15;18;1691;14688;13006.5;1;323;-2.14748e+09;-1.56839e+08;-1;0;0;0;-1;0;98137335;98137505;3712
654;6.22454e-15;17;1691;14688;13006.5;1;323;-2.14748e+09;-1.53907e+08;-1;0;0;0;-1;0;100305538;100305725;4028
655;6.22454e-15;16;1691;14688;13006.5;1;323;-2.14748e+09;-1.51054e+08;-1;0;0;0;-1;0;102482865;102483067;4366
656;6.22454e-15;16;1691;14688;13006.5;1;323;-2.14748e+09;-1.48277e+08;-1;0;0;0;-1;0;104668836;104669055;4726
657;6.22454e-15;16;1691;14688;13006.5;1;323;-2.14748e+09;-1.45573e+08;-1;0;0;0;-1;0;106862986;106863224;5111
658;6.22454e-15;16;1691;14688;13006.5;1;323;-2.14748e+09;-1.42941e+08;-1;0;0;0;-1;0;109064855;109065113;5521
659;6.22454e-15;15;1691;14688;13006.5;1;323;-2.14748e+09;-1.40378e+08;-1;0;0;0;-1;0;111273995;111274274;5957
660;6.22454e-15;15;1691;14688;13006.5;1;323;-2.14748e+09;-1.37881e+08;-1;0;0;0;-1;0;113489966;113490268;6421
661;6.22454e-15;11;1691;14688;13006.5;1;323;-2.14748e+09;-1.35448e+08;-1;0;0;0;-1;0;115712338;115712663;6914
662;6.22454e-15;10;1691;14688;13006.5;1;323;-2.14748e+09;-1.33079e+08;-1;0;0;0;-1;0;117940689;117941040;7438
663;6.22454e-15;8;1691;14688;13006.5;1;323;-2.14748e+09;-1.30769e+08;-1;0;0;0;-1;0;120174606;120174985;7993
664;6.22454e-15;4;1690;14688;13006.5;1;323;-2.14748e+09;-1.28518e+08;-1;0;0;0;-1;0;122413688;122414095;8581
665;6.22454e-15;4;1690;14688;13006.5;1;323;-2.14748e+09;-1.26325e+08;-1;0;0;0;-1;0;124657539;124657977;9204
666;6.22454e-15;4;1690;14688;13006.5;1;323;-2.14748e+09;-1.24186e+08;0;0;-1;0;0;-1;126905774;126906246;9862
667;6.22454e-15;3;1690;14688;13006.5;1;323;-2.14748e+09;-1.221e+08;-1;0;0;0;-1;0;129158017;129158524;10559
668;6.22454e-15;2;1690;14688;13006.5;1;323;-2.14748e+09;-1.20066e+08;-1;0;0;0;-1;0;131413903;131414446;11294
669;6.22454e-15;2;1690;14688;13006.5;1;323;-2.14748e+09;-1.18082e+08;-1;0;0;0;-1;0;133673070;133673651;12070
670;6.22454e-15;2;1690;14688;13006.5;1;323;-2.14748e+09;-1.16147e+08;-1;0;0;0;-1;0;135935168;135935791;12889
671;6.22454e-15;1;1690;14688;13006.5;1;323;-2.14748e+09;-1.14258e+08;-1;0;0;0;-1;0;138199859;138200525;13751
672;6.22454e-15;0;1690;14688;13006.5;1;323;-2.14748e+09;-1.12415e+08;-1;0;0;0;-1;0;140466807;140467519;14659
673;6.22454e-15;0;1689;14688;13006.5;1;323;-2.14748e+09;-1.10617e+08;-1;0;0;0;-1;0;142735689;142736449;15614
674;6.22454e-15;-1;1689;14688;13006.5;1;323;-2.14748e+09;-1.08861e+08;0;0;0;0;0;0;145006187;145006998;16619
675;6.22454e-15;-1;1689;14688;13006.5;1;323;-2.14748e+09;-1.07148e+08;-1;0;0;0;-1;0;147277994;147278859;17674
676;6.22454e-15;-1;1689;14688;13006.5;1;323;-2.14748e+09;-1.05474e+08;-1;0;0;0;-1;0;149550810;149551731;18782
677;6.22454e-15;-2;1689;14688;13006.5;1;323;-2.14748e+09;-1.0384e+08;0;0;0;0;0;0;151824342;151825322;19944
678;6.22454e-15;-3;1689;14688;13006.5;1;323;-2.14748e+09;-1.02244e+08;0;0;0;0;0;0;154098305;154099348;21163
679;6.22454e-15;-3;1689;14688;13006.5;1;323;-2.14748e+09;-1.00684e+08;-1;0;0;0;-1;0;156372424;156373533;22441
680;6.22454e-15;-4;1689;14688;13006.5;1;323;-2.14748e+09;-9.91611e+07;0;0;0;0;0;0;158646429;158647607;23779
681;6.22454e-15;-4;1689;14688;13006.5;1;323;-2.14748e+09;-9.76725e+07;-1;0;0;0;-1;0;160920057;160921308;25179
682;6.22454e-15;-5;1689;14688;13006.5;1;323;-2.14748e+09;-9.62178e+07;0;0;0;0;0;0;163193056;163194382;26643
683;6.22454e-15;-6;1689;14688;13006.5;1;323;-2.14748e+09;-9.4796e+07;0;0;0;0;0;0;165465176;165466582;28174
684;6.22454e-15;-6;1689;14688;13006.5;1;323;-2.14748e+09;-9.34062e+07;-1;0;0;0;-1;0;167736178;167737668;29773
685;6.22454e-15;-6;1689;14688;13006.5;1;323;-2.14748e+09;-9.20473e+07;-1;0;0;0;-1;0;170005829;170007406;31443
686;6.22454e-15;-7;1689;14688;13006.5;1;323;-2.14748e+09;-9.07186e+07;0;0;0;0;0;0;172273901;172275571;33185
687;6.22454e-15;-8;1689;14688;13006.5;1;323;-2.14748e+09;-8.94192e+07;0;0;0;0;0;0;174540177;174541941;35002
688;6.22454e-15;-9;1689;14688;13006.5;1;323;-2.14748e+09;-8.81484e+07;0;0;0;0;0;0;176804441;176806306;36896
689;6.22454e-15;-10;1689;14688;13006.5;1;323;-2.14748e+09;-8.69051e+07;0;0;0;0;0;0;179066487;179068456;38870
690;6.22454e-15;-10;1689;14688;13006.5;1;323;-2.14748e+09;-8.56888e+07;-1;0;0;0;-1;0;181326114;181328193;40924
691;6.22454e-15;-10;1689;14688;13006.5;1;323;-2.14748e+09;-8.44987e+07;-1;0;0;0;-1;0;183583128;183585322;43063
692;6.22454e-15;-10;1689;14688;13006.5;1;323;-2.14748e+09;-8.33341e+07;-1;0;0;0;-1;0;185837342;185839654;45287
693;6.22454e-15;-11;1689;14688;13006.5;1;323;-2.14748e+09;-8.21942e+07;0;0;0;0;0;0;188088571;188091007;47600
694;6.22454e-15;-12;1689;14688;13006.5;1;323;-2.14748e+09;-8.10785e+07;0;0;0;0;0;0;190336640;190339206;50003
695;6.22454e-15;-13;1689;14688;13006.5;1;323;-2.14748e+09;-7.99862e+07;0;0;0;0;0;0;192581378;192584079;52499
696;6.22454e-15;-13;1689;14688;13006.5;1;323;-2.14748e+09;-7.89167e+07;-1;0;0;0;-1;0;194822618;194825460;55091
697;6.22454e-15;-14;1689;14688;13006.5;1;323;-2.14748e+09;-7.78694e+07;0;0;0;0;0;0;197060202;197063191;57780
698;6.22454e-15;-15;1689;14688;13006.5;1;323;-2.14748e+09;-7.68437e+07;0;0;0;0;0;0;199293975;199297115;60569
699;6.22454e-15;-16;1689;14688;13006.5;1;323;-2.14748e+09;-7.58391e+07;0;0;0;0;0;0;201523786;201527085;63461
700;6.22454e-15;-16;1688;14688;13006.5;1;323;-2.14748e+09;-7.48551e+07;0;0;0;0;0;0;203749493;203752956;66458
701;6.22454e-15;-17;1688;14688;13006.5;1;323;-2.14748e+09;-7.38909e+07;0;0;0;0;0;0;205970953;205974588;69562
702;6.22454e-15;-17;1688;14688;13006.5;1;323;-2.14748e+09;-7.2946e+07;-1;0;0;0;-1;0;208188036;208191848;72776
703;6.22454e-15;-17;1688;14688;13006.5;1;323;-2.14748e+09;-7.20202e+07;-1;0;0;0;-1;0;210400609;210404606;76103
704;6.22454e-15;-18;1688;14688;13006.5;1;323;-2.14748e+09;-7.11128e+07;0;0;0;0;0;0;212608547;212612736;79544
705;6.22454e-15;-19;1688;14688;13006.5;1;323;-2.14748e+09;-7.02234e+07;0;0;0;0;0;0;214811731;214816119;83103
706;6.22454e-15;-19;1688;14688;13006.5;1;323;-2.14748e+09;-6.93515e+07;-1;0;0;0;-1;0;217010043;217014637;86781
707;6.22454e-15;-20;1688;14688;13006.5;1;323;-2.14748e+09;-6.84966e+07;0;0;0;0;0;0;219203372;219208180;90583
708;6.22454e-15;-21;1688;14688;13006.5;1;323;-2.14748e+09;-6.76584e+07;0;0;0;0;0;0;221391609;221396640;94509
709;6.22454e-15;-22;1688;14688;13006.5;1;323;-2.14748e+09;-6.68363e+07;0;0;0;0;0;0;223574652;223579912;98563
710;6.22454e-15;-23;1688;14688;13006.5;1;323;-2.14748e+09;-6.60302e+07;0;0;0;0;0;0;225752401;225757899;102747
711;6.22454e-15;-24;1688;14688;13006.5;1;323;-2.14748e+09;-6.52393e+07;0;0;0;0;0;0;227924759;227930504;107063
712;6.22454e-15;-25;1688;14688;13006.5;1;323;-2.14748e+09;-6.44635e+07;0;0;0;0;0;0;230091635;230097635;111516
713;6.22454e-15;-25;1688;14688;13006.5;1;323;-2.14748e+09;-6.37023e+07;-1;0;0;0;-1;0;232252940;232259205;116106
714;6.22454e-15;-25;1688;14688;13006.5;1;323;-2.14748e+09;-6.29556e+07;-1;0;0;0;-1;0;234408591;234415128;120836
715;6.22454e-15;-26;1688;14688;13006.5;1;323;-2.14748e+09;-6.22226e+07;0;0;0;0;0;0;236558502;236565325;125710
716;6.22454e-15;-27;1688;14688;13006.5;1;323;-2.14748e+09;-6.15032e+07;0;0;0;0;0;0;238702602;238709717;130730
717;6.22454e-15;-28;1688;14688;13006.5;1;323;-2.14748e+09;-6.07973e+07;0;0;0;0;0;0;240840814;240848231;135898
718;6.22454e-15;-28;1688;14688;13006.5;1;323;-2.14748e+09;-6.01041e+07;-1;0;0;0;-1;0;242973066;242980795;141217
719;6.22454e-15;-28;1688;14688;13006.5;1;323;-2.14748e+09;-5.94236e+07;-1;0;0;0;-1;0;245099291;245107340;146689
720;6.22454e-15;-28;1688;14688;13006.5;1;323;-2.14748e+09;-5.87555e+07;-1;0;0;0;-1;0;247219423;247227805;152318
721;6.22454e-15;-29;1688;14688;13006.5;1;323;-2.14748e+09;-5.80994e+07;0;0;0;0;0;0;249333401;249342125;158106
722;6.22454e-15;-29;1687;14688;13006.5;1;323;-2.14748e+09;-5.74551e+07;0;0;0;0;0;0;251441166;251450244;164055
723;6.22454e-15;-30;1687;14688;13006.5;1;323;-2.14748e+09;-5.68223e+07;0;0;0;0;0;0;253542662;253552105;170168
724;6.22454e-15;-31;1687;14688;13006.5;1;323;-2.14748e+09;-5.62006e+07;0;0;0;0;0;0;255637835;255647654;176448
725;6.22454e-15;-32;1687;14688;13006.5;1;323;-2.14748e+09;-5.559e+07;0;0;0;0;0;0;257726633;257736841;182897
726;6.22454e-15;-33;1687;14688;13006.5;1;323;-2.14748e+09;-5.499e+07;0;0;0;0;0;0;259809009;259819619;189519
727;6.22454e-15;-33;1687;14688;13006.5;1;323;-2.14748e+09;-5.44004e+07;-1;0;0;0;-1;0;261884921;261895941;196315
728;6.22454e-15;-33;1687;14688;13006.5;1;323;-2.14748e+09;-5.38211e+07;-1;0;0;0;-1;0;263954323;263965766;203288
729;6.22454e-15;-34;1687;14688;13006.5;1;323;-2.14748e+09;-5.32517e+07;0;0;0;0;0;0;266017174;266029052;210440
730;6.22454e-15;-34;1687;14688;13006.5;1;323;-2.14748e+09;-5.26922e+07;-1;0;0;0;-1;0;268073437;268085764;217776
731;6.22454e-15;-35;1687;14688;13006.5;1;323;-2.14748e+09;-5.2142e+07;0;0;0;0;0;0;270123074;270135864;225296
732;6.22454e-15;-36;1687;14688;13006.5;1;323;-2.14748e+09;-5.16013e+07;0;0;0;0;0;0;272166054;272179319;233003
733;6.22454e-15;-36;1687;14688;13006.5;1;323;-2.14748e+09;-5.10696e+07;-1;0;0;0;-1;0;274202342;274216097;240901
734;6.22454e-15;-36;1687;14688;13006.5;1;323;-2.14748e+09;-5.05468e+07;-1;0;0;0;-1;0;276231911;276246169;248991
735;6.22454e-15;-36;1687;14688;13006.5;1;323;-2.14748e+09;-5.00328e+07;-1;0;0;0;-1;0;278254734;278269508;257276
736;6.22454e-15;-37;1687;14688;13006.5;1;323;-2.14748e+09;-4.95272e+07;0;0;0;0;0;0;280270783;280286089;265760
737;6.22454e-15;-37;1687;14688;13006.5;1;323;-2.14748e+09;-4.90299e+07;-1;0;0;0;-1;0;282280034;282295885;274443
738;6.22454e-15;-37;1687;14688;13006.5;1;323;-2.14748e+09;-4.85408e+07;-1;0;0;0;-1;0;284282468;284298878;283329
739;6.22454e-15;-38;1687;14688;13006.5;1;323;-2.14748e+09;-4.80597e+07;0;0;0;0;0;0;286278063;286295049;292420
740;6.22454e-15;-39;1687;14688;13006.5;1;323;-2.14748e+09;-4.75863e+07;0;0;0;0;0;0;288266801;288284379;301719
741;6.22454e-15;-39;1686;14688;13006.5;1;323;-2.14748e+09;-4.71205e+07;0;0;0;0;0;0;290248665;290266850;311229
742;6.22454e-15;-40;1686;14688;13006.5;1;323;-2.14748e+09;-4.66622e+07;0;0;0;0;0;0;292223641;292242449;320950
743;6.22454e-15;-41;1686;14688;13006.5;1;323;-2.14748e+09;-4.62113e+07;0;0;0;0;0;0;294191715;294211162;330887
744;6.22454e-15;-42;1686;14688;13006.5;1;323;-2.14748e+09;-4.57674e+07;0;0;0;0;0;0;296152872;296172978;341042
745;6.22454e-15;-42;1686;14688;13006.5;1;323;-2.14748e+09;-4.53305e+07;-1;0;0;0;-1;0;298107108;298127886;351416
746;6.22454e-15;-42;1686;14688;13006.5;1;323;-2.14748e+09;-4.49004e+07;-1;0;0;0;-1;0;300054405;300075876;362013
747;6.22454e-15;-42;1686;14688;13006.5;1;323;-2.14748e+09;-4.44771e+07;-1;0;0;0;-1;0;301994764;302016944;372834
748;6.22454e-15;-43;1686;14688;13006.5;1;323;-2.14748e+09;-4.40603e+07;0;0;0;0;0;0;303928179;303951082;383883
749;6.22454e-15;-43;1686;14688;13006.5;1;323;-2.14748e+09;-4.36499e+07;-1;0;0;0;-1;0;305854640;305878286;395161
750;6.22454e-15;-43;1686;14688;13006.5;1;323;-2.14748e+09;-4.32458e+07;-1;0;0;0;-1;0;307774146;307798553;406670
751;6.22454e-15;-44;1686;14688;13006.5;1;323;-2.14748e+09;-4.28479e+07;0;0;0;0;0;0;309686695;309711880;418414
752;6.22454e-15;-44;1686;14688;13006.5;1;323;-2.14748e+09;-4.2456e+07;-1;0;0;0;-1;0;311592283;311618267;430393
753;6.22454e-15;-44;1686;14688;13006.5;1;323;-2.14748e+09;-4.207e+07;-1;0;0;0;-1;0;313490914;313517714;442612
754;6.22454e-15;-45;1686;14688;13006.5;1;323;-2.14748e+09;-4.16897e+07;0;0;0;0;0;0;315382586;315410217;455071
755;6.22454e-15;-46;1686;14688;13006.5;1;323;-2.14748e+09;-4.13152e+07;0;0;0;0;0;0;317267301;317295789;467773
756;6.22454e-15;-47;1686;14688;13006.5;1;323;-2.14748e+09;-4.09463e+07;0;0;0;0;0;0;319145064;319174428;480720
757;6.22454e-15;-47;1686;14688;13006.5;1;323;-2.14748e+09;-4.05827e+07;-1;0;0;0;-1;0;321015878;321046139;493915
758;6.22454e-15;-47;1686;14688;13006.5;1;323;-2.14748e+09;-4.02244e+07;-1;0;0;0;-1;0;322879747;322910924;507359
759;6.22454e-15;-47;1686;14688;13006.5;1;323;-2.14748e+09;-3.98714e+07;-1;0;0;0;-1;0;324736679;324768794;521055
760;6.22454e-15;-48;1686;14688;13006.5;1;323;-2.14748e+09;-3.95235e+07;0;0;0;0;0;0;326586680;326619755;535005
761;6.22454e-15;-48;1686;14688;13006.5;1;323;-2.14748e+09;-3.91807e+07;-1;0;0;0;-1;0;328429759;328463815;549210
762;6.22454e-15;-48;1686;14688;13006.5;1;323;-2.14748e+09;-3.88428e+07;-1;0;0;0;-1;0;330265925;330300982;563674
763;6.22454e-15;-48;1686;14688;13006.5;1;323;-2.14748e+09;-3.85097e+07;-1;0;0;0;-1;0;332095186;332131266;578397
764;6.22454e-15;-48;1686;14688;13006.5;1;323;-2.14748e+09;-3.81813e+07;-1;0;0;0;-1;0;333917553;333954680;593382
765;6.22454e-15;-49;1686;14688;13006.5;1;323;-2.14748e+09;-3.78576e+07;0;0;0;0;0;0;335733037;335771229;608631
766;6.22454e-15;-50;1686;14688;13006.5;1;323;-2.14748e+09;-3.75384e+07;0;0;0;0;0;0;337541650;337580934;624146
767;6.22454e-15;-50;1686;14688;13006.5;1;323;-2.14748e+09;-3.72238e+07;-1;0;0;0;-1;0;339343403;339383802;639929
768;6.22454e-15;-50;1686;14688;13006.5;1;323;-2.14748e+09;-3.69134e+07;-1;0;0;0;-1;0;341138311;341179849;655982
769;6.22454e-15;-50;1686;14688;13006.5;1;323;-2.14748e+09;-3.66073e+07;-1;0;0;0;-1;0;342926388;342969088;672306
770;6.22454e-15;-51;1686;14688;13006.5;1;323;-2.14748e+09;-3.63056e+07;0;0;0;0;0;0;344707647;344751533;688904
771;6.22454e-15;-52;1686;14688;13006.5;1;323;-2.14748e+09;-3.60078e+07;0;0;0;0;0;0;346482103;346527201;705776
772;6.22454e-15;-52;1686;14688;13006.5;1;323;-2.14748e+09;-3.57142e+07;-1;0;0;0;-1;0;348249773;348296107;722926
773;6.22454e-15;-53;1686;14688;13006.5;1;323;-2.14748e+09;-3.54246e+07;0;0;0;0;0;0;350010673;350058267;740355
774;6.22454e-15;-54;1686;14688;13006.5;1;323;-2.14748e+09;-3.51389e+07;0;0;0;0;0;0;351764818;351813699;758065
775;6.22454e-15;-54;1686;14688;13006.5;1;323;-2.14748e+09;-3.4857e+07;-1;0;0;0;-1;0;353512228;353562420;776057
776;6.22454e-15;-54;1686;14688;13006.5;1;323;-2.14748e+09;-3.45789e+07;-1;0;0;0;-1;0;355252919;355304449;794333
777;6.22454e-15;-55;1686;14688;13006.5;1;323;-2.14748e+09;-3.43044e+07;0;0;0;0;0;0;356986909;357039801;812894
778;6.22454e-15;-55;1686;14688;13006.5;1;323;-2.14748e+09;-3.40336e+07;-1;0;0;0;-1;0;358714217;358768499;831743
779;6.22454e-15;-55;1686;14688;13006.5;1;323;-2.14748e+09;-3.37664e+07;-1;0;0;0;-1;0;360434863;360490563;850881
780;6.22454e-15;-56;1686;14688;13006.5;1;323;-2.14748e+09;-3.35026e+07;0;0;0;0;0;0;362148866;362206008;870309
781;6.22454e-15;-57;1686;14688;13006.5;1;323;-2.14748e+09;-3.32423e+07;0;0;0;0;0;0;363856245;363914861;890030
782;6.22454e-15;-58;1686;14688;13006.5;1;323;-2.14748e+09;-3.29854e+07;0;0;0;0;0;0;365557022;365617139;910044
783;6.22454e-15;-58;1686;14688;13006.5;1;323;-2.14748e+09;-3.27317e+07;-1;0;0;0;-1;0;367251217;367312864;930353
784;6.22454e-15;-59;1686;14688;13006.5;1;323;-2.14748e+09;-3.24814e+07;0;0;0;0;0;0;368938851;369002055;950959
785;6.22454e-15;-59;1686;14688;13006.5;1;323;-2.14748e+09;-3.22342e+07;-1;0;0;0;-1;0;370619945;370684736;971863
786;6.22454e-15;-60;1686;14688;13006.5;1;323;-2.14748e+09;-3.19903e+07;0;0;0;0;0;0;372294521;372360929;993066
787;6.22454e-15;-61;1686;14688;13006.5;1;323;-2.14748e+09;-3.17492e+07;0;0;0;0;0;0;373962601;374030654;1014570
788;6.22454e-15;-61;1686;14688;13006.5;1;323;-2.14748e+09;-3.15114e+07;-1;0;0;0;-1;0;375624207;375693936;1036377
789;6.22454e-15;-61;1686;14688;13006.5;1;323;-2.14748e+09;-3.12765e+07;-1;0;0;0;-1;0;377279363;377350797;1058486
790;6.22454e-15;-61;1686;14688;13006.5;1;323;-2.14748e+09;-3.10444e+07;-1;0;0;0;-1;0;378928090;379001260;1080901
791;6.22454e-15;-61;1686;14688;13006.5;1;323;-2.14748e+09;-3.08153e+07;-1;0;0;0;-1;0;380570412;380645349;1103622
792;6.22454e-15;-61;1686;14688;13006.5;1;323;-2.14748e+09;-3.05891e+07;-1;0;0;0;-1;0;382206352;382283086;1126650
793;6.22454e-15;-61;1686;14688;13006.5;1;323;-2.14748e+09;-3.03654e+07;-1;0;0;0;-1;0;383835934;383914497;1149986
794;6.22454e-15;-61;1686;14688;13006.5;1;323;-2.14748e+09;-3.01446e+07;-1;0;0;0;-1;0;385459182;385539605;1173632
795;6.22454e-15;-62;1686;14688;13006.5;1;323;-2.14748e+09;-2.99265e+07;0;0;0;0;0;0;387076119;387158435;1197589
796;6.22454e-15;-63;1686;14688;13006.5;1;323;-2.14748e+09;-2.97112e+07;0;0;0;0;0;0;388686769;388771010;1221858
797;6.22454e-15;-63;1686;14688;13006.5;1;323;-2.14748e+09;-2.94982e+07;-1;0;0;0;-1;0;390291158;390377356;1246440
798;6.22454e-15;-63;1686;14688;13006.5;1;323;-2.14748e+09;-2.92879e+07;-1;0;0;0;-1;0;391889309;391977498;1271336
799;6.22454e-15;-64;1686;14688;13006.5;1;323;-2.14748e+09;-2.90801e+07;0;0;0;0;0;0;393481247;393571459;1296548
800;6.22454e-15;-64;1686;14688;13006.5;1;323;-2.14748e+09;-2.88747e+07;0;0;-1;0;0;-1;395066997;395159266;1322075
801;6.22454e-15;-65;1686;14688;13006.5;1;323;-2.14748e+09;-2.86719e+07;0;0;0;0;0;0;396646584;396740944;1347920
802;6.22454e-15;-66;1686;14688;13006.5;1;323;-2.14748e+09;-2.84713e+07;0;0;0;0;0;0;398220032;398316518;1374083
803;6.22454e-15;-66;1686;14688;13006.5;1;323;-2.14748e+09;-2.82731e+07;-1;0;0;0;-1;0;399787368;399886013;1400565
804;6.22454e-15;-67;1686;14688;13006.5;1;323;-2.14748e+09;-2.80773e+07;0;0;0;0;0;0;401348616;401449456;1427367
805;6.22454e-15;-68;1686;14688;13006.5;1;323;-2.14748e+09;-2.78837e+07;0;0;0;0;0;0;402903802;403006871;1454489
806;6.22454e-15;-68;1686;14688;13006.5;1;323;-2.14748e+09;-2.76923e+07;-1;0;0;0;-1;0;404452951;404558285;1481934
807;6.22454e-15;-68;1686;14688;13006.5;1;323;-2.14748e+09;-2.75032e+07;-1;0;0;0;-1;0;405996089;406103724;1509700
808;6.22454e-15;-68;1686;14688;13006.5;1;323;-2.14748e+09;-2.73162e+07;-1;0;0;0;-1;0;407533241;407643213;1537790
809;6.22454e-15;-69;1686;14688;13006.5;1;323;-2.14748e+09;-2.71313e+07;0;0;0;0;0;0;409064433;409176778;1566204
810;6.22454e-15;-70;1686;14688;13006.5;1;323;-2.14748e+09;-2.69485e+07;0;0;0;0;0;0;410589692;410704447;1594943
811;6.22454e-15;-70;1686;14688;13006.5;1;323;-2.14748e+09;-2.67678e+07;-1;0;0;0;-1;0;412109042;412226243;1624007
812;6.22454e-15;-70;1686;14688;13006.5;1;323;-2.14748e+09;-2.65892e+07;-1;0;0;0;-1;0;413622509;413742195;1653397
813;6.22454e-15;-71;1686;14688;13006.5;1;323;-2.14748e+09;-2.64125e+07;0;0;0;0;0;0;415130121;415252328;1683114
814;6.22454e-15;-72;1686;14688;13006.5;1;323;-2.14748e+09;-2.62378e+07;0;0;0;0;0;0;416631901;416756668;1713158
815;6.22454e-15;-72;1686;14688;13006.5;1;323;-2.14748e+09;-2.60651e+07;-1;0;0;0;-1;0;418127878;418255242;1743530
816;6.22454e-15;-72;1686;14688;13006.5;1;323;-2.14748e+09;-2.58941e+07;-1;0;0;0;-1;0;419618075;419748076;1774231
817;6.22454e-15;-73;1686;14688;13006.5;1;323;-2.14748e+09;-2.57251e+07;0;0;0;0;0;0;421102521;421235197;1805260
818;6.22454e-15;-73;1686;14688;13006.5;1;323;-2.14748e+09;-2.5558e+07;-1;0;0;0;-1;0;422581239;422716630;1836619
819;6.22454e-15;-74;1686;14688;13006.5;1;323;-2.14748e+09;-2.53927e+07;0;0;0;0;0;0;424054258;424192402;1868308
820;6.22454e-15;-74;1686;14688;13006.5;1;323;-2.14748e+09;-2.52292e+07;-1;0;0;0;-1;0;425521602;425662539;1900328
821;6.22454e-15;-75;1686;14688;13006.5;1;323;-2.14748e+09;-2.50674e+07;0;0;0;0;0;0;426983297;427127068;1932678
822;6.22454e-15;-76;1686;14688;13006.5;1;323;-2.14748e+09;-2.49074e+07;0;0;0;0;0;0;428439370;428586015;1965360
823;6.22454e-15;-77;1686;14688;13006.5;1;323;-2.14748e+09;-2.47491e+07;0;0;0;0;0;0;429889847;430039407;1998373
824;6.22454e-15;-78;1686;14688;13006.5;1;323;-2.14748e+09;-2.45925e+07;0;0;0;0;0;0;431334754;431487269;2031719
825;6.22454e-15;-79;1686;14688;13006.5;1;323;-2.14748e+09;-2.44375e+07;0;0;0;0;0;0;432774116;432929628;2065396
826;6.22454e-15;-79;1686;14688;13006.5;1;323;-2.14748e+09;-2.42841e+07;-1;0;0;0;-1;0;434207960;434366510;2099407
827;6.22454e-15;-80;1686;14688;13006.5;1;323;-2.14748e+09;-2.41324e+07;0;0;0;0;0;0;435636312;435797942;2133750
828;6.22454e-15;-80;1686;14688;13006.5;1;323;-2.14748e+09;-2.39824e+07;-1;0;0;0;-1;0;437059197;437223949;2168426
829;6.22454e-15;-81;1686;14688;13006.5;1;323;-2.14748e+09;-2.38337e+07;0;0;0;0;0;0;438476641;438644557;2203436
830;6.22454e-15;-82;1686;14688;13006.5;1;323;-2.14748e+09;-2.36867e+07;0;0;0;0;0;0;439888670;440059794;2238779
831;6.22454e-15;-83;1686;14688;13006.5;1;323;-2.14748e+09;-2.35413e+07;0;0;0;0;0;0;441295310;441469684;2274456
832;6.22454e-15;-83;1686;14688;13006.5;1;323;-2.14748e+09;-2.33972e+07;-1;0;0;0;-1;0;442696587;442874255;2310467
833;6.22454e-15;-83;1686;14688;13006.5;1;323;-2.14748e+09;-2.32547e+07;-1;0;0;0;-1;0;444092525;444273531;2346812
834;6.22454e-15;-83;1686;14688;13006.5;1;323;-2.14748e+09;-2.31136e+07;-1;0;0;0;-1;0;445483152;445667538;2383491
835;6.22454e-15;-83;1686;14688;13006.5;1;323;-2.14748e+09;-2.29739e+07;-1;0;0;0;-1;0;446868492;447056303;2420504
836;6.22454e-15;-84;1686;14688;13006.5;1;323;-2.14748e+09;-2.28357e+07;0;0;0;0;0;0;448248570;448439852;2457851
837;6.22454e-15;-84;1686;14688;13006.5;1;323;-2.14748e+09;-2.26989e+07;-1;0;0;0;-1;0;449623413;449818209;2495533
838;6.22454e-15;-84;1686;14688;13006.5;1;323;-2.14748e+09;-2.25634e+07;-1;0;0;0;-1;0;450993045;451191401;2533549
839;6.22454e-15;-84;1686;14688;13006.5;1;323;-2.14748e+09;-2.24293e+07;-1;0;0;0;-1;0;452357493;452559453;2571899
840;6.22454e-15;-84;1686;14688;13006.5;1;323;-2.14748e+09;-2.22965e+07;-1;0;0;0;-1;0;453716780;453922391;2610583
841;6.22454e-15;-84;1686;14688;13006.5;1;323;-2.14748e+09;-2.21651e+07;-1;0;0;0;-1;0;455070933;455280240;2649602
842;6.22454e-15;-84;1686;14688;13006.5;1;323;-2.14748e+09;-2.20349e+07;-1;0;0;0;-1;0;456419975;456633025;2688954
843;6.22454e-15;-84;1686;14688;13006.5;1;323;-2.14748e+09;-2.1906e+07;-1;0;0;0;-1;0;457763934;457980772;2728641
844;6.22454e-15;-84;1686;14688;13006.5;1;323;-2.14748e+09;-2.17784e+07;-1;0;0;0;-1;0;459102832;459323506;2768661
845;6.22454e-15;-84;1686;14688;13006.5;1;323;-2.14748e+09;-2.16521e+07;-1;0;0;0;-1;0;460436695;460661252;2809015
846;6.22454e-15;-84;1686;14688;13006.5;1;323;-2.14748e+09;-2.15269e+07;-1;0;0;0;-1;0;461765548;461994034;2849703
847;6.22454e-15;-84;1686;14688;13006.5;1;323;-2.14748e+09;-2.1403e+07;-1;0;0;0;-1;0;463089415;463321879;2890723
848;6.22454e-15;-84;1686;14688;13006.5;1;323;-2.14748e+09;-2.12802e+07;-1;0;0;0;-1;0;464408321;464644810;2932077
849;6.22454e-15;-85;1686;14688;13006.5;1;323;-2.14748e+09;-2.11587e+07;0;0;0;0;0;0;465722291;465962853;2973764
850;6.22454e-15;-85;1686;14688;13006.5;1;323;-2.14748e+09;-2.10383e+07;-1;0;0;0;-1;0;467031348;467276032;3015783
851;6.22454e-15;-85;1686;14688;13006.5;1;323;-2.14748e+09;-2.0919e+07;-1;0;0;0;-1;0;468335518;468584372;3058135
852;6.22454e-15;-86;1686;14688;13006.5;1;323;-2.14748e+09;-2.08009e+07;0;0;0;0;0;0;469634823;469887897;3100818
853;6.22454e-15;-87;1686;14688;13006.5;1;323;-2.14748e+09;-2.06839e+07;0;0;0;0;0;0;470929289;471186631;3143833
854;6.22454e-15;-87;1686;14688;13006.5;1;323;-2.14748e+09;-2.05679e+07;-1;0;0;0;-1;0;472218940;472480599;3187180
855;6.22454e-15;-87;1686;14688;13006.5;1;323;-2.14748e+09;-2.04531e+07;-1;0;0;0;-1;0;473503799;473769825;3230858
856;6.22454e-15;-87;1686;14688;13006.5;1;323;-2.14748e+09;-2.03394e+07;-1;0;0;0;-1;0;474783890;475054334;3274866
857;6.22454e-15;-87;1686;14688;13006.5;1;323;-2.14748e+09;-2.02267e+07;-1;0;0;0;-1;0;476059236;476334148;3319204
858;6.22454e-15;-88;1686;14688;13006.5;1;323;-2.14748e+09;-2.0115e+07;0;0;0;0;0;0;477329862;477609292;3363873
859;6.22454e-15;-88;1686;14688;13006.5;1;323;-2.14748e+09;-2.00044e+07;-1;0;0;0;-1;0;478595792;478879789;3408870
860;6.22454e-15;-88;1686;14688;13006.5;1;323;-2.14748e+09;-1.98948e+07;-1;0;0;0;-1;0;479857047;480145664;3454197
861;6.22454e-15;-89;1686;14688;13006.5;1;323;-2.14748e+09;-1.97862e+07;0;0;0;0;0;0;481113652;481406940;3499852
862;6.22454e-15;-89;1685;14688;13006.5;1;323;-2.14748e+09;-1.96786e+07;0;0;0;0;0;0;482365630;482663640;3545835
863;6.22454e-15;-89;1685;14688;13006.5;1;323;-2.14748e+09;-1.95719e+07;-1;0;0;0;-1;0;483613004;483915788;3592145
864;6.22454e-15;-89;1685;14688;13006.5;1;323;-2.14748e+09;-1.94663e+07;-1;0;0;0;-1;0;484855796;485163407;3638783
865;6.22454e-15;-89;1685;14688;13006.5;1;323;-2.14748e+09;-1.93615e+07;-1;0;0;0;-1;0;486094031;486406520;3685746
866;6.22454e-15;-89;1685;14688;13006.5;1;323;-2.14748e+09;-1.92578e+07;-1;0;0;0;-1;0;487327730;487645149;3733036
867;6.22454e-15;-90;1685;14688;13006.5;1;323;-2.14748e+09;-1.9155e+07;0;0;0;0;0;0;488556917;488879319;3780651
868;6.22454e-15;-90;1685;14688;13006.5;1;323;-2.14748e+09;-1.9053e+07;-1;0;0;0;-1;0;489781613;490109051;3828591
869;6.22454e-15;-91;1685;14688;13006.5;1;323;-2.14748e+09;-1.89519e+07;0;0;0;0;0;0;491001841;491334369;3876854
870;6.22454e-15;-91;1685;14688;13006.5;1;323;-2.14748e+09;-1.88518e+07;-1;0;0;0;-1;0;492217624;492555295;3925441
871;6.22454e-15;-92;1685;14688;13006.5;1;323;-2.14748e+09;-1.87527e+07;0;0;0;0;0;0;493428984;493771851;3974351
872;6.22454e-15;-93;1685;14688;13006.5;1;323;-2.14748e+09;-1.86542e+07;0;0;0;0;0;0;494635943;494984060;4023583
873;6.22454e-15;-93;1685;14688;13006.5;1;323;-2.14748e+09;-1.85566e+07;-1;0;0;0;-1;0;495838523;496191944;4073137
874;6.22454e-15;-94;1685;14688;13006.5;1;323;-2.14748e+09;-1.846e+07;0;0;0;0;0;0;497036746;497395526;4123011
875;6.22454e-15;-95;1685;14688;13006.5;1;323;-2.14748e+09;-1.83641e+07;0;0;0;0;0;0;498230633;498594826;4173206
876;6.22454e-15;-95;1685;14688;13006.5;1;323;-2.14748e+09;-1.82691e+07;-1;0;0;0;-1;0;499420207;499789868;4223720
877;6.22454e-15;-96;1685;14688;13006.5;1;323;-2.14748e+09;-1.8175e+07;0;0;0;0;0;0;500605489;500980672;4274552
878;6.22454e-15;-97;1685;14688;13006.5;1;323;-2.14748e+09;-1.80816e+07;0;0;0;0;0;0;501786500;502167262;4325703
879;6.22454e-15;-98;1685;14688;13006.5;1;323;-2.14748e+09;-1.7989e+07;0;0;0;0;0;0;502963261;503349657;4377170
880;6.22454e-15;-98;1685;14688;13006.5;1;323;-2.14748e+09;-1.78972e+07;-1;0;0;0;-1;0;504135795;504527880;4428954
881;6.22454e-15;-99;1685;14688;13006.5;1;323;-2.14748e+09;-1.78062e+07;0;0;0;0;0;0;505304121;505701952;4481054
882;6.22454e-15;-99;1685;14688;13006.5;1;323;-2.14748e+09;-1.77161e+07;-1;0;0;0;-1;0;506468262;506871894;4533468
883;6.22454e-15;-99;1685;14688;13006.5;1;323;-2.14748e+09;-1.76265e+07;-1;0;0;0;-1;0;507628238;508037727;4586197
884;6.22454e-15;-99;1685;14688;13006.5;1;323;-2.14748e+09;-1.75378e+07;-1;0;0;0;-1;0;508784069;509199473;4639238
885;6.22454e-15;-100;1685;14688;13006.5;1;323;-2.14748e+09;-1.74498e+07;0;0;0;0;0;0;509935777;510357152;4692592
886;6.22454e-15;-100;1685;14688;13006.5;1;323;-2.14748e+09;-1.73625e+07;-1;0;0;0;-1;0;511083382;511510785;4746258
887;6.22454e-15;-101;1685;14688;13006.5;1;323;-2.14748e+09;-1.7276e+07;0;0;0;0;0;0;512226905;512660392;4800234
888;6.22454e-15;-101;1685;14688;13006.5;1;323;-2.14748e+09;-1.71903e+07;-1;0;0;0;-1;0;513366365;513805994;4854519
889;6.22454e-15;-101;1685;14688;13006.5;1;323;-2.14748e+09;-1.71051e+07;-1;0;0;0;-1;0;514501783;514947612;4909114
890;6.22454e-15;-101;1685;14688;13006.5;1;323;-2.14748e+09;-1.70208e+07;-1;0;0;0;-1;0;515633179;516085266;4964016
891;6.22454e-15;-101;1685;14688;13006.5;1;323;-2.14748e+09;-1.6937e+07;-1;0;0;0;-1;0;516760573;517218976;5019226
892;6.22454e-15;-102;1685;14688;13006.5;1;323;-2.14748e+09;-1.68541e+07;0;0;0;0;0;0;517883986;518348763;5074741
893;6.22454e-15;-102;1685;14688;13006.5;1;323;-2.14748e+09;-1.67716e+07;-1;0;0;0;-1;0;519003436;519474645;5130562
894;6.22454e-15;-102;1685;14688;13006.5;1;323;-2.14748e+09;-1.66899e+07;-1;0;0;0;-1;0;520118944;520596644;5186687
895;6.22454e-15;-103;1685;14688;13006.5;1;323;-2.14748e+09;-1.66089e+07;0;0;0;0;0;0;521230528;521714778;5243115
896;6.22454e-15;-103;1685;14688;13006.5;1;323;-2.14748e+09;-1.65285e+07;-1;0;0;0;-1;0;522338210;522829068;5299846
897;6.22454e-15;-103;1685;14688;13006.5;1;323;-2.14748e+09;-1.64488e+07;-1;0;0;0;-1;0;523442007;523939532;5356878
898;6.22454e-15;-103;1685;14688;13006.5;1;323;-2.14748e+09;-1.63697e+07;-1;0;0;0;-1;0;524541939;525046191;5414210
899;6.22454e-15;-103;1685;14688;13006.5;1;323;-2.14748e+09;-1.62913e+07;-1;0;0;0;-1;0;525638025;526149064;5471842
900;6.22454e-15;-104;1685;14688;13006.5;1;323;-2.14748e+09;-1.62134e+07;0;0;0;0;0;0;526730284;527248169;5529772
901;6.22454e-15;-105;1685;14688;13006.5;1;323;-2.14748e+09;-1.61362e+07;0;0;0;0;0;0;527818736;528343527;5587999
902;6.22454e-15;-105;1685;14688;13006.5;1;323;-2.14748e+09;-1.60596e+07;-1;0;0;0;-1;0;528903398;529435155;5646523
903;6.22454e-15;-106;1685;14688;13006.5;1;323;-2.14748e+09;-1.59836e+07;0;0;0;0;0;0;529984291;530523073;5705342
904;6.22454e-15;-106;1685;14688;13006.5;1;323;-2.14748e+09;-1.59082e+07;-1;0;0;0;-1;0;531061431;531607300;5764455
905;6.22454e-15;-107;1685;14688;13006.5;1;323;-2.14748e+09;-1.58334e+07;0;0;0;0;0;0;532134838;532687854;5823861
906;6.22454e-15;-108;1685;14688;13006.5;1;323;-2.14748e+09;-1.57592e+07;0;0;0;0;0;0;533204529;533764753;5883559
907;6.22454e-15;-109;1685;14688;13006.5;1;323;-2.14748e+09;-1.56856e+07;0;0;0;0;0;0;534270524;534838017;5943548
908;6.22454e-15;-109;1685;14688;13006.5;1;323;-2.14748e+09;-1.56124e+07;-1;0;0;0;-1;0;535332841;535907663;6003828
909;6.22454e-15;-110;1685;14688;13006.5;1;323;-2.14748e+09;-1.55399e+07;0;0;0;0;0;0;536391497;536973710;6064396
910;6.22454e-15;-110;1685;14688;13006.5;1;323;-2.14748e+09;-1.54679e+07;-1;0;0;0;-1;0;537446510;538036176;6125252
911;6.22454e-15;-110;1685;14688;13006.5;1;323;-2.14748e+09;-1.53965e+07;-1;0;0;0;-1;0;538497899;539095078;6186394
912;6.22454e-15;-111;1685;14688;13006.5;1;323;-2.14748e+09;-1.53256e+07;0;0;0;0;0;0;539545680;540150435;6247822
913;6.22454e-15;-111;1685;14688;13006.5;1;323;-2.14748e+09;-1.52553e+07;-1;0;0;0;-1;0;540589872;541202265;6309535
914;6.22454e-15;-111;1685;14688;13006.5;1;323;-2.14748e+09;-1.51855e+07;-1;0;0;0;-1;0;541630493;542250584;6371531
915;6.22454e-15;-111;1685;14688;13006.5;1;323;-2.14748e+09;-1.51162e+07;-1;0;0;0;-1;0;542667558;543295411;6433809
916;6.22454e-15;-112;1685;14688;13006.5;1;323;-2.14748e+09;-1.50475e+07;0;0;0;0;0;0;543701087;544336764;6496368
917;6.22454e-15;-112;1685;14688;13006.5;1;323;-2.14748e+09;-1.49792e+07;-1;0;0;0;-1;0;544731095;545374658;6559206
918;6.22454e-15;-113;1685;14688;13006.5;1;323;-2.14748e+09;-1.49115e+07;0;0;0;0;0;0;545757601;546409113;6622324
919;6.22454e-15;-114;1685;14688;13006.5;1;323;-2.14748e+09;-1.48443e+07;0;0;0;0;0;0;546780621;547440144;6685719
920;6.22454e-15;-114;1685;14688;13006.5;1;323;-2.14748e+09;-1.47776e+07;-1;0;0;0;-1;0;547800172;548467770;6749391
921;6.22454e-15;-114;1685;14688;13006.5;1;323;-2.14748e+09;-1.47113e+07;-1;0;0;0;-1;0;548816270;549492006;6813337
922;6.22454e-15;-115;1685;14688;13006.5;1;323;-2.14748e+09;-1.46456e+07;0;0;0;0;0;0;549828934;550512870;6877558
923;6.22454e-15;-116;1685;14688;13006.5;1;323;-2.14748e+09;-1.45803e+07;0;0;0;0;0;0;550838178;551530379;6942052
924;6.22454e-15;-117;1685;14688;13006.5;1;323;-2.14748e+09;-1.45157e+07;0;0;0;0;0;0;551844020;552544548;7006817
925;6.22454e-15;-117;1685;14688;13006.5;1;323;-2.14748e+09;-1.44513e+07;-1;0;0;0;-1;0;552846477;553555395;7071853
926;6.22454e-15;-117;1685;14688;13006.5;1;323;-2.14748e+09;-1.43874e+07;-1;0;0;0;-1;0;553845563;554562937;7137158
927;6.22454e-15;-118;1685;14688;13006.5;1;323;-2.14748e+09;-1.43241e+07;0;0;0;0;0;0;554841296;555567188;7202731
928;6.22454e-15;-119;1685;14688;13006.5;1;323;-2.14748e+09;-1.42612e+07;0;0;0;0;0;0;555833692;556568167;7268571
929;6.22454e-15;-120;1685;14688;13006.5;1;323;-2.14748e+09;-1.41987e+07;0;0;0;0;0;0;556822767;557565888;7334676
930;6.22454e-15;-120;1685;14688;13006.5;1;323;-2.14748e+09;-1.41367e+07;-1;0;0;0;-1;0;557808536;558560368;7401046
931;6.22454e-15;-120;1685;14688;13006.5;1;323;-2.14748e+09;-1.40752e+07;-1;0;0;0;-1;0;558791016;559551622;7467679
932;6.22454e-15;-120;1685;14688;13006.5;1;323;-2.14748e+09;-1.4014e+07;-1;0;0;0;-1;0;559770222;560539668;7534574
933;6.22454e-15;-120;1685;14688;13006.5;1;323;-2.14748e+09;-1.39534e+07;0;0;-1;0;0;-1;560746169;561524519;7601730
934;6.22454e-15;-120;1685;14688;13006.5;1;323;-2.14748e+09;-1.38931e+07;-1;0;0;0;-1;0;561718874;562506193;7669145
935;6.22454e-15;-120;1685;14688;13006.5;1;323;-2.14748e+09;-1.38333e+07;-1;0;0;0;-1;0;562688352;563484704;7736819
936;6.22454e-15;-120;1685;14688;13006.5;1;323;-2.14748e+09;-1.37739e+07;-1;0;0;0;-1;0;563654618;564460069;7804749
937;6.22454e-15;-121;1685;14688;13006.5;1;323;-2.14748e+09;-1.3715e+07;0;0;0;0;0;0;564617688;565432301;7872935
938;6.22454e-15;-122;1685;14688;13006.5;1;323;-2.14748e+09;-1.36565e+07;0;0;0;0;0;0;565577576;566401418;7941376
939;6.22454e-15;-122;1685;14688;13006.5;1;323;-2.14748e+09;-1.35983e+07;-1;0;0;0;-1;0;566534297;567367433;8010070
940;6.22454e-15;-123;1685;14688;13006.5;1;323;-2.14748e+09;-1.35405e+07;0;0;0;0;0;0;567487868;568330362;8079015
941;6.22454e-15;-123;1685;14688;13006.5;1;323;-2.14748e+09;-1.34831e+07;-1;0;0;0;-1;0;568438301;569290220;8148212
942;6.22454e-15;-123;1685;14688;13006.5;1;323;-2.14748e+09;-1.34262e+07;-1;0;0;0;-1;0;569385614;570247022;8217657
943;6.22454e-15;-123;1685;14688;13006.5;1;323;-2.14748e+09;-1.33696e+07;-1;0;0;0;-1;0;570329819;571200782;8287351
944;6.22454e-15;-124;1685;14688;13006.5;1;323;-2.14748e+09;-1.33134e+07;0;0;0;0;0;0;571270932;572151516;8357292
945;6.22454e-15;-124;1685;14688;13006.5;1;323;-2.14748e+09;-1.32577e+07;-1;0;0;0;-1;0;572208966;573099238;8427478
946;6.22454e-15;-125;1685;14688;13006.5;1;323;-2.14748e+09;-1.32023e+07;0;0;0;0;0;0;573143938;574043962;8497909
947;6.22454e-15;-125;1685;14688;13006.5;1;323;-2.14748e+09;-1.31474e+07;-1;0;0;0;-1;0;574075861;574985703;8568583
948;6.22454e-15;-126;1685;14688;13006.5;1;323;-2.14748e+09;-1.30926e+07;0;0;0;0;0;0;575004748;575924476;8639498
949;6.22454e-15;-126;1685;14688;13006.5;1;323;-2.14748e+09;-1.30384e+07;-1;0;0;0;-1;0;575930616;576860294;8710654
950;6.22454e-15;-126;1684;14688;13006.5;1;323;-2.14748e+09;-1.29845e+07;0;0;0;0;0;0;576853477;577793172;8782049
951;6.22454e-15;-126;1684;14688;13006.5;1;323;-2.14748e+09;-1.29309e+07;-1;0;0;0;-1;0;577773345;578723123;8853681
952;6.22454e-15;-126;1684;14688;13006.5;1;323;-2.14748e+09;-1.28777e+07;-1;0;0;0;-1;0;578690235;579650163;8925551
953;6.22454e-15;-127;1684;14688;13006.5;1;323;-2.14748e+09;-1.2825e+07;0;0;0;0;0;0;579604160;580574304;8997655
954;6.22454e-15;-128;1684;14688;13006.5;1;323;-2.14748e+09;-1.27725e+07;0;0;0;0;0;0;580515134;581495561;9069994
955;6.22454e-15;-129;1684;14688;13006.5;1;323;-2.14748e+09;-1.27204e+07;0;0;0;0;0;0;581423171;582413947;9142565
956;6.22454e-15;-130;1684;14688;13006.5;1;323;-2.14748e+09;-1.26686e+07;0;0;0;0;0;0;582328285;583329476;9215367
957;6.22454e-15;-130;1684;14688;13006.5;1;323;-2.14748e+09;-1.26172e+07;-1;0;0;0;-1;0;583230488;584242162;9288400
958;6.22454e-15;-131;1684;14688;13006.5;1;323;-2.14748e+09;-1.25661e+07;0;0;0;0;0;0;584129794;585152017;9361661
959;6.22454e-15;-131;1684;14688;13006.5;1;323;-2.14748e+09;-1.25154e+07;-1;0;0;0;-1;0;585026218;586059057;9435149
960;6.22454e-15;-132;1684;14688;13006.5;1;323;-2.14748e+09;-1.2465e+07;0;0;0;0;0;0;585919771;586963293;9508864
961;6.22454e-15;-133;1684;14688;13006.5;1;323;-2.14748e+09;-1.24148e+07;0;0;0;0;0;0;586810467;587864739;9582804
962;6.22454e-15;-134;1684;14688;13006.5;1;323;-2.14748e+09;-1.23651e+07;0;0;0;0;0;0;587698319;588763408;9656967
963;6.22454e-15;-134;1684;14688;13006.5;1;323;-2.14748e+09;-1.23157e+07;-1;0;0;0;-1;0;588583340;589659314;9731352
964;6.22454e-15;-135;1684;14688;13006.5;1;323;-2.14748e+09;-1.22665e+07;0;0;0;0;0;0;589465544;590552469;9805958
965;6.22454e-15;-135;1684;14688;13006.5;1;323;-2.14748e+09;-1.22178e+07;-1;0;0;0;-1;0;590344943;591442886;9880784
966;6.22454e-15;-135;1684;14688;13006.5;1;323;-2.14748e+09;-1.21693e+07;-1;0;0;0;-1;0;591221549;592330578;9955828
967;6.22454e-15;-136;1684;14688;13006.5;1;323;-2.14748e+09;-1.21211e+07;0;0;0;0;0;0;592095376;593215558;10031088
968;6.22454e-15;-136;1684;14688;13006.5;1;323;-2.14748e+09;-1.20733e+07;-1;0;0;0;-1;0;592966436;594097838;10106565
969;6.22454e-15;-136;1684;14688;13006.5;1;323;-2.14748e+09;-1.20257e+07;-1;0;0;0;-1;0;593834742;594977432;10182256
970;6.22454e-15;-136;1684;14688;13006.5;1;323;-2.14748e+09;-1.19785e+07;-1;0;0;0;-1;0;594700306;595854351;10258159
971;6.22454e-15;-137;1684;14688;13006.5;1;323;-2.14748e+09;-1.19316e+07;0;0;0;0;0;0;595563141;596728608;10334275
972;6.22454e-15;-137;1684;14688;13006.5;1;323;-2.14748e+09;-1.18849e+07;-1;0;0;0;-1;0;596423258;597600216;10410600
973;6.22454e-15;-137;1684;14688;13006.5;1;323;-2.14748e+09;-1.18386e+07;-1;0;0;0;-1;0;597280671;598469187;10487135
974;6.22454e-15;-138;1684;14688;13006.5;1;323;-2.14748e+09;-1.17925e+07;0;0;0;0;0;0;598135391;599335532;10563878
975;6.22454e-15;-139;1684;14688;13006.5;1;323;-2.14748e+09;-1.17468e+07;0;0;0;0;0;0;598987431;600199265;10640827
976;6.22454e-15;-140;1684;14688;13006.5;1;323;-2.14748e+09;-1.17013e+07;0;0;0;0;0;0;599836802;601060396;10717981
977;6.22454e-15;-140;1684;14688;13006.5;1;323;-2.14748e+09;-1.16561e+07;-1;0;0;0;-1;0;600683517;601918939;10795338
978;6.22454e-15;-140;1684;14688;13006.5;1;323;-2.14748e+09;-1.16112e+07;-1;0;0;0;-1;0;601527587;602774905;10872898
979;6.22454e-15;-140;1684;14688;13006.5;1;323;-2.14748e+09;-1.15666e+07;-1;0;0;0;-1;0;602369025;603628306;10950660
980;6.22454e-15;-140;1684;14688;13006.5;1;323;-2.14748e+09;-1.15224e+07;-1;0;0;0;-1;0;603207841;604479154;11028621
981;6.22454e-15;-141;1684;14688;13006.5;1;323;-2.14748e+09;-1.14782e+07;0;0;0;0;0;0;604044048;605327460;11106781
982;6.22454e-15;-141;1684;14688;13006.5;1;323;-2.14748e+09;-1.14344e+07;-1;0;0;0;-1;0;604877658;606173237;11185138
983;6.22454e-15;-142;1684;14688;13006.5;1;323;-2.14748e+09;-1.13909e+07;0;0;0;0;0;0;605708681;607016495;11263690
984;6.22454e-15;-142;1684;14688;13006.5;1;323;-2.14748e+09;-1.13476e+07;-1;0;0;0;-1;0;606537129;607857246;11342438
985;6.22454e-15;-143;1684;14688;13006.5;1;323;-2.14748e+09;-1.13046e+07;0;0;0;0;0;0;607363015;608695501;11421378
986;6.22454e-15;-143;1684;14688;13006.5;1;323;-2.14748e+09;-1.12619e+07;-1;0;0;0;-1;0;608186348;609531273;11500511
987;6.22454e-15;-143;1684;14688;13006.5;1;323;-2.14748e+09;-1.12194e+07;-1;0;0;0;-1;0;609007140;610364571;11579834
988;6.22454e-15;-143;1684;14688;13006.5;1;323;-2.14748e+09;-1.11773e+07;-1;0;0;0;-1;0;609825403;611195408;11659347
989;6.22454e-15;-143;1684;14688;13006.5;1;323;-2.14748e+09;-1.11352e+07;-1;0;0;0;-1;0;610641148;612023795;11739047
990;6.22454e-15;-144;1684;14688;13006.5;1;323;-2.14748e+09;-1.10935e+07;0;0;0;0;0;0;611454385;612849742;11818935
991;6.22454e-15;-144;1684;14688;13006.5;1;323;-2.14748e+09;-1.10521e+07;-1;0;0;0;-1;0;612265126;613673261;11899008
992;6.22454e-15;-145;1684;14688;13006.5;1;323;-2.14748e+09;-1.10109e+07;0;0;0;0;0;0;613073382;614494362;11979265
993;6.22454e-15;-146;1684;14688;13006.5;1;323;-2.14748e+09;-1.09699e+07;0;0;0;0;0;0;613879163;615313057;12059704
994;6.22454e-15;-146;1684;14688;13006.5;1;323;-2.14748e+09;-1.09292e+07;-1;0;0;0;-1;0;614682481;616129356;12140326
995;6.22454e-15;-147;1684;14688;13006.5;1;323;-2.14748e+09;-1.08888e+07;0;0;0;0;0;0;615483345;616943270;12221127
996;6.22454e-15;-148;1684;14688;13006.5;1;323;-2.14748e+09;-1.08486e+07;0;0;0;0;0;0;616281768;617754809;12302108
997;6.22454e-15;-149;1684;14688;13006.5;1;323;-2.14748e+09;-1.08086e+07;0;0;0;0;0;0;617077758;618563985;12383266
998;6.22454e-15;-149;1684;14688;13006.5;1;323;-2.14748e+09;-1.07688e+07;-1;0;0;0;-1;0;617871328;619370807;12464600
999;6.22454e-15;-150;1684;14688;13006.5;1;323;-2.14748e+09;-1.07293e+07;0;0;0;0;0;0;618662487;620175287;12546110
1000;6.22454e-15;-151;1684;14688;13006.5;1;323;-2.14748e+09;-1.069e+07;0;0;0;0;0;0;619451246;620977435;12627793
1001;6.22454e-15;-152;1684;14688;13006.5;1;323;-2.14748e+09;-1.0651e+07;0;0;0;0;0;0;620237615;621777261;12709649
1002;6.22454e-15;-152;1684;14688;13006.5;1;323;-2.14748e+09;-1.06123e+07;-1;0;0;0;-1;0;621021604;622574775;12791676
1003;6.22454e-15;-153;1684;14688;13006.5;1;323;-2.14748e+09;-1.05736e+07;0;0;0;0;0;0;621803225;623369987;12873873
1004;6.22454e-15;-154;1684;14688;13006.5;1;323;-2.14748e+09;-1.05353e+07;0;0;0;0;0;0;622582486;624162908;12956239
1005;6.22454e-15;-155;1684;14688;13006.5;1;323;-2.14748e+09;-1.04971e+07;0;0;0;0;0;0;623359398;624953549;13038772
1006;6.22454e-15;-155;1684;14688;13006.5;1;323;-2.14748e+09;-1.04592e+07;-1;0;0;0;-1;0;624133972;625741918;13121471
1007;6.22454e-15;-156;1684;14688;13006.5;1;323;-2.14748e+09;-1.04215e+07;0;0;0;0;0;0;624906216;626528025;13204334
1008;6.22454e-15;-157;1684;14688;13006.5;1;323;-2.14748e+09;-1.0384e+07;0;0;0;0;0;0;625676142;627311882;13287362
1009;6.22454e-15;-158;1684;14688;13006.5;1;323;-2.14748e+09;-1.03467e+07;0;0;0;0;0;0;626443759;628093498;13370552
1010;6.22454e-15;-159;1684;14688;13006.5;1;323;-2.14748e+09;-1.03097e+07;0;0;0;0;0;0;627209076;628872882;13453902
1011;6.22454e-15;-160;1684;14688;13006.5;1;323;-2.14748e+09;-1.02729e+07;0;0;0;0;0;0;627972104;629650044;13537413
1012;6.22454e-15;-161;1684;14688;13006.5;1;323;-2.14748e+09;-1.02362e+07;0;0;0;0;0;0;628732853;630424994;13621081
1013;6.22454e-15;-161;1684;14688;13006.5;1;323;-2.14748e+09;-1.01998e+07;-1;0;0;0;-1;0;629491331;631197741;13704908
1014;6.22454e-15;-161;1684;14688;13006.5;1;323;-2.14748e+09;-1.01635e+07;-1;0;0;0;-1;0;630247549;631968296;13788890
1015;6.22454e-15;-161;1684;14688;13006.5;1;323;-2.14748e+09;-1.01275e+07;-1;0;0;0;-1;0;631001516;632736667;13873026
1016;6.22454e-15;-162;1684;14688;13006.5;1;323;-2.14748e+09;-1.00918e+07;0;0;0;0;0;0;631753242;633502865;13957316
1017;6.22454e-15;-163;1684;14688;13006.5;1;323;-2.14748e+09;-1.00561e+07;0;0;0;0;0;0;632502735;634266897;14041759
1018;6.22454e-15;-163;1684;14688;13006.5;1;323;-2.14748e+09;-1.00208e+07;-1;0;0;0;-1;0;633250006;635028775;14126352
1019;6.22454e-15;-164;1684;14688;13006.5;1;323;-2.14748e+09;-9.98552e+06;0;0;0;0;0;0;633995064;635788507;14211095
1020;6.22454e-15;-165;1684;14688;13006.5;1;323;-2.14748e+09;-9.95051e+06;0;0;0;0;0;0;634737918;636546102;14295987
1021;6.22454e-15;-165;1684;14688;13006.5;1;323;-2.14748e+09;-9.9158e+06;-1;0;0;0;-1;0;635478577;637301570;14381025
1022;6.22454e-15;-165;1684;14688;13006.5;1;323;-2.14748e+09;-9.88108e+06;-1;0;0;0;-1;0;636217051;638054919;14466210
1023;6.22454e-15;-165;1684;14688;13006.5;1;323;-2.14748e+09;-9.84666e+06;-1;0;0;0;-1;0;636953348;638806159;14551539
1024;6.22454e-15;-166;1684;14688;13006.5;1;323;-2.14748e+09;-9.81242e+06;0;0;0;0;0;0;637687478;639555299;14637012
1025;6.22454e-15;-167;1684;14688;13006.5;1;323;-2.14748e+09;-9.77848e+06;0;0;0;0;0;0;638419449;640302347;14722628
1026;6.22454e-15;-168;1684;14688;13006.5;1;323;-2.14748e+09;-9.74452e+06;0;0;0;0;0;0;639149271;641047313;14808384
1027;6.22454e-15;-168;1684;14688;13006.5;1;323;-2.14748e+09;-9.71085e+06;-1;0;0;0;-1;0;639876953;641790205;14894280
1028;6.22454e-15;-169;1684;14688;13006.5;1;323;-2.14748e+09;-9.67746e+06;0;0;0;0;0;0;640602503;642531033;14980315
1029;6.22454e-15;-169;1684;14688;13006.5;1;323;-2.14748e+09;-9.64416e+06;-1;0;0;0;-1;0;641325930;643269805;15066487
1030;6.22454e-15;-170;1684;14688;13006.5;1;323;-2.14748e+09;-9.61094e+06;0;0;0;0;0;0;642047243;644006529;15152796
1031;6.22454e-15;-170;1684;14688;13006.5;1;323;-2.14748e+09;-9.578e+06;-1;0;0;0;-1;0;642766450;644741215;15239239
1032;6.22454e-15;-170;1684;14688;13006.5;1;323;-2.14748e+09;-9.54524e+06;-1;0;0;0;-1;0;643483561;645473871;15325816
1033;6.22454e-15;-171;1684;14688;13006.5;1;323;-2.14748e+09;-9.51266e+06;0;0;0;0;0;0;644198584;646204505;15412526
1034;6.22454e-15;-171;1684;14688;13006.5;1;323;-2.14748e+09;-9.48025e+06;-1;0;0;0;-1;0;644911527;646933126;15499367
1035;6.22454e-15;-171;1684;14688;13006.5;1;323;-2.14748e+09;-9.44802e+06;-1;0;0;0;-1;0;645622399;647659743;15586339
1036;6.22454e-15;-172;1684;14688;13006.5;1;323;-2.14748e+09;-9.41596e+06;0;0;0;0;0;0;646331209;648384363;15673439
1037;6.22454e-15;-173;1684;14688;13006.5;1;323;-2.14748e+09;-9.38407e+06;0;0;0;0;0;0;647037964;649106996;15760667
1038;6.22454e-15;-173;1684;14688;13006.5;1;323;-2.14748e+09;-9.35236e+06;-1;0;0;0;-1;0;647742674;649827649;15848022
1039;6.22454e-15;-173;1684;14688;13006.5;1;323;-2.14748e+09;-9.32081e+06;-1;0;0;0;-1;0;648445346;650546331;15935502
1040;6.22454e-15;-174;1684;14688;13006.5;1;323;-2.14748e+09;-9.28943e+06;0;0;0;0;0;0;649145989;651263049;16023107
1041;6.22454e-15;-175;1684;14688;13006.5;1;323;-2.14748e+09;-9.25832e+06;0;0;0;0;0;0;649844611;651977813;16110834
1042;6.22454e-15;-176;1684;14688;13006.5;1;323;-2.14748e+09;-9.22718e+06;0;0;0;0;0;0;650541220;652690630;16198683
1043;6.22454e-15;-177;1684;14688;13006.5;1;323;-2.14748e+09;-9.1963e+06;0;0;0;0;0;0;651235824;653401508;16286654
1044;6.22454e-15;-178;1684;14688;13006.5;1;323;-2.14748e+09;-9.16558e+06;0;0;0;0;0;0;651928432;654110456;16374743
1045;6.22454e-15;-178;1684;14688;13006.5;1;323;-2.14748e+09;-9.13502e+06;-1;0;0;0;-1;0;652619051;654817480;16462951
1046;6.22454e-15;-178;1684;14688;13006.5;1;323;-2.14748e+09;-9.10463e+06;-1;0;0;0;-1;0;653307690;655522590;16551277
1047;6.22454e-15;-179;1684;14688;13006.5;1;323;-2.14748e+09;-9.07439e+06;0;0;0;0;0;0;653994356;656225793;16639718
1048;6.22454e-15;-180;1684;14688;13006.5;1;323;-2.14748e+09;-9.04431e+06;0;0;0;0;0;0;654679058;656927096;16728275
1049;6.22454e-15;-180;1684;14688;13006.5;1;323;-2.14748e+09;-9.01439e+06;-1;0;0;0;-1;0;655361803;657626508;16816945
1050;6.22454e-15;-180;1684;14688;13006.5;1;323;-2.14748e+09;-8.98462e+06;-1;0;0;0;-1;0;656042598;658324037;16905728
1051;6.22454e-15;-181;1684;14688;13006.5;1;323;-2.14748e+09;-8.95501e+06;0;0;0;0;0;0;656721453;659019689;16994622
1052;6.22454e-15;-181;1684;14688;13006.5;1;323;-2.14748e+09;-8.92556e+06;-1;0;0;0;-1;0;657398374;659713473;17083627
1053;6.22454e-15;-181;1684;14688;13006.5;1;323;-2.14748e+09;-8.89625e+06;-1;0;0;0;-1;0;658073369;660405397;17172740
1054;6.22454e-15;-182;1684;14688;13006.5;1;323;-2.14748e+09;-8.8671e+06;0;0;0;0;0;0;658746446;661095467;17261962
1055;6.22454e-15;-183;1684;14688;13006.5;1;323;-2.14748e+09;-8.83809e+06;0;0;0;0;0;0;659417613;661783692;17351291
1056;6.22454e-15;-183;1684;14688;13006.5;1;323;-2.14748e+09;-8.80924e+06;-1;0;0;0;-1;0;660086876;662470078;17440726
1057;6.22454e-15;-184;1684;14688;13006.5;1;323;-2.14748e+09;-8.78053e+06;0;0;0;0;0;0;660754244;663154634;17530266
1058;6.22454e-15;-184;1684;14688;13006.5;1;323;-2.14748e+09;-8.75197e+06;-1;0;0;0;-1;0;661419724;663837366;17619909
1059;6.22454e-15;-184;1684;14688;13006.5;1;323;-2.14748e+09;-8.72355e+06;-1;0;0;0;-1;0;662083324;664518282;17709654
1060;6.22454e-15;-185;1684;14688;13006.5;1;323;-2.14748e+09;-8.69538e+06;0;0;0;0;0;0;662745050;665197389;17799501
1061;6.22454e-15;-186;1684;14688;13006.5;1;323;-2.14748e+09;-8.66715e+06;0;0;0;0;0;0;663404911;665874696;17889449
1062;6.22454e-15;-187;1684;14688;13006.5;1;323;-2.14748e+09;-8.63917e+06;0;0;0;0;0;0;664062913;666550207;17979495
1063;6.22454e-15;-188;1684;14688;13006.5;1;323;-2.14748e+09;-8.61132e+06;0;0;0;0;0;0;664719064;667223932;18069640
1064;6.22454e-15;-189;1684;14688;13006.5;1;323;-2.14748e+09;-8.58362e+06;0;0;0;0;0;0;665373371;667895877;18159881
1065;6.22454e-15;-189;1684;14688;13006.5;1;323;-2.14748e+09;-8.55606e+06;-1;0;0;0;-1;0;666025842;668566049;18250218
1066;6.22454e-15;-190;1684;14688;13006.5;1;323;-2.14748e+09;-8.52863e+06;0;0;0;0;0;0;666676483;669234455;18340651
1067;6.22454e-15;-191;1684;14688;13006.5;1;323;-2.14748e+09;-8.50134e+06;0;0;0;0;0;0;667325301;669901102;18431177
1068;6.22454e-15;-192;1684;14688;13006.5;1;323;-2.14748e+09;-8.47419e+06;0;0;0;0;0;0;667972304;670565997;18521795
1069;6.22454e-15;-193;1684;14688;13006.5;1;323;-2.14748e+09;-8.44717e+06;0;0;0;0;0;0;668617498;671229148;18612505
1070;6.22454e-15;-193;1684;14688;13006.5;1;323;-2.14748e+09;-8.42028e+06;-1;0;0;0;-1;0;669260892;671890561;18703306
1071;6.22454e-15;-194;1684;14688;13006.5;1;323;-2.14748e+09;-8.39354e+06;0;0;0;0;0;0;669902490;672550242;18794196
1072;6.22454e-15;-194;1684;14688;13006.5;1;323;-2.14748e+09;-8.36692e+06;-1;0;0;0;-1;0;670542302;673208199;18885175
1073;6.22454e-15;-194;1684;14688;13006.5;1;323;-2.14748e+09;-8.34043e+06;-1;0;0;0;-1;0;671180333;673864439;18976240
1074;6.22454e-15;-194;1684;14688;13006.5;1;323;-2.14748e+09;-8.31407e+06;-1;0;0;0;-1;0;671816590;674518968;19067392
1075;6.22454e-15;-194;1684;14688;13006.5;1;323;-2.14748e+09;-8.28785e+06;-1;0;0;0;-1;0;672451080;675171793;19158630
1076;6.22454e-15;-195;1684;14688;13006.5;1;323;-2.14748e+09;-8.26175e+06;0;0;0;0;0;0;673083811;675822920;19249951
1077;6.22454e-15;-196;1684;14688;13006.5;1;323;-2.14748e+09;-8.23588e+06;0;0;0;0;0;0;673714788;676472357;19341356
1078;6.22454e-15;-197;1684;14688;13006.5;1;323;-2.14748e+09;-8.20994e+06;0;0;0;0;0;0;674344018;677120109;19432842
1079;6.22454e-15;-197;1684;14688;13006.5;1;323;-2.14748e+09;-8.18422e+06;-1;0;0;0;-1;0;674971508;677766184;19524410
1080;6.22454e-15;-198;1684;14688;13006.5;1;323;-2.14748e+09;-8.15862e+06;0;0;0;0;0;0;675597265;678410588;19616058
1081;6.22454e-15;-198;1684;14688;13006.5;1;323;-2.14748e+09;-8.13316e+06;-1;0;0;0;-1;0;676221296;679053327;19707784
1082;6.22454e-15;-199;1684;14688;13006.5;1;323;-2.14748e+09;-8.10781e+06;0;0;0;0;0;0;676843606;679694408;19799589
1083;6.22454e-15;-199;1684;14688;13006.5;1;323;-2.14748e+09;-8.08259e+06;-1;0;0;0;-1;0;677464202;680333837;19891470
1084;6.22454e-15;-200;1684;14688;13006.5;1;323;-2.14748e+09;-8.05748e+06;0;0;0;0;0;0;678083092;680971621;19983428
1085;6.22454e-15;-201;1684;14688;13006.5;1;323;-2.14748e+09;-8.0325e+06;0;0;0;0;0;0;678700281;681607765;20075460
1086;6.22454e-15;-201;1684;14688;13006.5;1;323;-2.14748e+09;-8.00764e+06;-1;0;0;0;-1;0;679315775;682242277;20167566
1087;6.22454e-15;-202;1684;14688;13006.5;1;323;-2.14748e+09;-7.9829e+06;0;0;0;0;0;0;679929582;682875162;20259745
1088;6.22454e-15;-202;1684;14688;13006.5;1;323;-2.14748e+09;-7.95827e+06;-1;0;0;0;-1;0;680541707;683506427;20351996
1089;6.22454e-15;-203;1684;14688;13006.5;1;323;-2.14748e+09;-7.93376e+06;0;0;0;0;0;0;681152157;684136078;20444318
1090;6.22454e-15;-203;1684;14688;13006.5;1;323;-2.14748e+09;-7.90937e+06;-1;0;0;0;-1;0;681760939;684764121;20536710
1091;6.22454e-15;-204;1684;14688;13006.5;1;323;-2.14748e+09;-7.8851e+06;0;0;0;0;0;0;682368057;685390563;20629171
1092;6.22454e-15;-204;1684;14688;13006.5;1;323;-2.14748e+09;-7.86094e+06;-1;0;0;0;-1;0;682973520;686015408;20721700
1093;6.22454e-15;-205;1684;14688;13006.5;1;323;-2.14748e+09;-7.83689e+06;0;0;0;0;0;0;683577332;686638664;20814295
1094;6.22454e-15;-205;1684;14688;13006.5;1;323;-2.14748e+09;-7.81296e+06;-1;0;0;0;-1;0;684179500;687260337;20906957
1095;6.22454e-15;-206;1684;14688;13006.5;1;323;-2.14748e+09;-7.78914e+06;0;0;0;0;0;0;684780030;687880432;20999684
1096;6.22454e-15;-206;1684;14688;13006.5;1;323;-2.14748e+09;-7.76543e+06;-1;0;0;0;-1;0;685378929;688498955;21092474
1097;6.22454e-15;-207;1684;14688;13006.5;1;323;-2.14748e+09;-7.74193e+06;0;0;0;0;0;0;685976202;689115912;21185328
1098;6.22454e-15;-207;1684;14688;13006.5;1;323;-2.14748e+09;-7.71834e+06;-1;0;0;0;-1;0;686571855;689731310;21278244
1099;6.22454e-15;-207;1684;14688;13006.5;1;323;-2.14748e+09;-7.69496e+06;-1;0;0;0;-1;0;687165894;690345154;21371221
1100;6.22454e-15;-207;1684;14688;13006.5;1;323;-2.14748e+09;-7.67169e+06;-1;0;0;0;-1;0;687758326;690957449;21464258
1101;6.22454e-15;-208;1684;14688;13006.5;1;323;-2.14748e+09;-7.64863e+06;0;0;0;0;0;0;688349156;691568203;21557354
1102;6.22454e-15;-208;1684;14688;13006.5;1;323;-2.14748e+09;-7.62547e+06;-1;0;0;0;-1;0;688938391;692177420;21650509
1103;6.22454e-15;-208;1684;14688;13006.5;1;323;-2.14748e+09;-7.60253e+06;-1;0;0;0;-1;0;689526035;692785106;21743721
1104;6.22454e-15;-208;1684;14688;13006.5;1;323;-2.14748e+09;-7.57968e+06;-1;0;0;0;-1;0;690112095;693391267;21836990
1105;6.22454e-15;-208;1684;14688;13006.5;1;323;-2.14748e+09;-7.55704e+06;-1;0;0;0;-1;0;690696577;693995908;21930314
1106;6.22454e-15;-209;1684;14688;13006.5;1;323;-2.14748e+09;-7.53431e+06;0;0;0;0;0;0;691279486;694599036;22023692
1107;6.22454e-15;-210;1684;14688;13006.5;1;323;-2.14748e+09;-7.51178e+06;0;0;0;0;0;0;691860829;695200656;22117124
1108;6.22454e-15;-211;1684;14688;13006.5;1;323;-2.14748e+09;-7.48936e+06;0;0;0;0;0;0;692440611;695800773;22210609
1109;6.22454e-15;-211;1684;14688;13006.5;1;323;-2.14748e+09;-7.46703e+06;-1;0;0;0;-1;0;693018837;696399393;22304146
1110;6.22454e-15;-211;1684;14688;13006.5;1;323;-2.14748e+09;-7.44481e+06;-1;0;0;0;-1;0;693595514;696996522;22397734
1111;6.22454e-15;-211;1684;14688;13006.5;1;323;-2.14748e+09;-7.42269e+06;-1;0;0;0;-1;0;694170647;697592165;22491371
1112;6.22454e-15;-211;1684;14688;13006.5;1;323;-2.14748e+09;-7.40066e+06;-1;0;0;0;-1;0;694744242;698186327;22585058
1113;6.22454e-15;-211;1684;14688;13006.5;1;323;-2.14748e+09;-7.37874e+06;-1;0;0;0;-1;0;695316303;698779014;22678793
1114;6.22454e-15;-211;1684;14688;13006.5;1;323;-2.14748e+09;-7.35692e+06;-1;0;0;0;-1;0;695886838;699370232;22772575
1115;6.22454e-15;-212;1684;14688;13006.5;1;323;-2.14748e+09;-7.33519e+06;0;0;0;0;0;0;696455851;699959985;22866404
1116;6.22454e-15;-213;1684;14688;13006.5;1;323;-2.14748e+09;-7.31357e+06;0;0;0;0;0;0;697023348;700548279;22960278
1117;6.22454e-15;-214;1684;14688;13006.5;1;323;-2.14748e+09;-7.29204e+06;0;0;0;0;0;0;697589334;701135120;23054196
1118;6.22454e-15;-214;1684;14688;13006.5;1;323;-2.14748e+09;-7.2706e+06;-1;0;0;0;-1;0;698153814;701720512;23148159
1119;6.22454e-15;-214;1684;14688;13006.5;1;323;-2.14748e+09;-7.24926e+06;-1;0;0;0;-1;0;698716795;702304462;23242164
1120;6.22454e-15;-215;1684;14688;13006.5;1;323;-2.14748e+09;-7.22802e+06;0;0;0;0;0;0;699278282;702886973;23336211
1121;6.22454e-15;-215;1684;14688;13006.5;1;323;-2.14748e+09;-7.20687e+06;-1;0;0;0;-1;0;699838279;703468052;23430300
1122;6.22454e-15;-216;1684;14688;13006.5;1;323;-2.14748e+09;-7.18582e+06;0;0;0;0;0;0;700396793;704047704;23524428
1123;6.22454e-15;-216;1684;14688;13006.5;1;323;-2.14748e+09;-7.16485e+06;-1;0;0;0;-1;0;700953828;704625933;23618596
1124;6.22454e-15;-217;1684;14688;13006.5;1;323;-2.14748e+09;-7.14398e+06;0;0;0;0;0;0;701509390;705202745;23712803
1125;6.22454e-15;-217;1684;14688;13006.5;1;323;-2.14748e+09;-7.12321e+06;0;0;-1;0;0;-1;702063484;705778145;23807047
1126;6.22454e-15;-218;1684;14688;13006.5;1;323;-2.14748e+09;-7.10252e+06;0;0;0;0;0;0;702616116;706352139;23901328
1127;6.22454e-15;-218;1684;14688;13006.5;1;323;-2.14748e+09;-7.08193e+06;0;0;-1;0;0;-1;703167290;706924730;23995645
1128;6.22454e-15;-219;1684;14688;13006.5;1;323;-2.14748e+09;-7.06142e+06;0;0;0;0;0;0;703717012;707495924;24089997
1129;6.22454e-15;-219;1684;14688;13006.5;1;323;-2.14748e+09;-7.04101e+06;-1;0;0;0;-1;0;704265286;708065727;24184383
1130;6.22454e-15;-219;1684;14688;13006.5;1;323;-2.14748e+09;-7.02068e+06;-1;0;0;0;-1;0;704812119;708634142;24278803
1131;6.22454e-15;-220;1684;14688;13006.5;1;323;-2.14748e+09;-7.00044e+06;0;0;0;0;0;0;705357515;709201176;24373256
1132;6.22454e-15;-221;1684;14688;13006.5;1;323;-2.14748e+09;-6.98029e+06;0;0;0;0;0;0;705901479;709766832;24467740
1133;6.22454e-15;-221;1684;14688;13006.5;1;323;-2.14748e+09;-6.96023e+06;-1;0;0;0;-1;0;706444016;710331117;24562255
1134;6.22454e-15;-221;1684;14688;13006.5;1;323;-2.14748e+09;-6.94036e+06;-1;0;0;0;-1;0;706985132;710894033;24656801
1135;6.22454e-15;-222;1684;14688;13006.5;1;323;-2.14748e+09;-6.92037e+06;0;0;0;0;0;0;707524831;711455588;24751375
1136;6.22454e-15;-222;1684;14688;13006.5;1;323;-2.14748e+09;-6.90056e+06;-1;0;0;0;-1;0;708063118;712015785;24845979
1137;6.22454e-15;-223;1684;14688;13006.5;1;323;-2.14748e+09;-6.88095e+06;0;0;0;0;0;0;708599998;712574629;24940610
1138;6.22454e-15;-224;1684;14688;13006.5;1;323;-2.14748e+09;-6.86121e+06;0;0;0;0;0;0;709135477;713132124;25035268
1139;6.22454e-15;-224;1684;14688;13006.5;1;323;-2.14748e+09;-6.84166e+06;-1;0;0;0;-1;0;709669559;713688277;25129952
1140;6.22454e-15;-225;1684;14688;13006.5;1;323;-2.14748e+09;-6.8222e+06;0;0;0;0;0;0;710202248;714243091;25224661
1141;6.22454e-15;-225;1684;14688;13006.5;1;323;-2.14748e+09;-6.80282e+06;-1;0;0;0;-1;0;710733550;714796570;25319395
1142;6.22454e-15;-226;1684;14688;13006.5;1;323;-2.14748e+09;-6.78362e+06;0;0;0;0;0;0;711263470;715348721;25414153
1143;6.22454e-15;-227;1684;14688;13006.5;1;323;-2.14748e+09;-6.7643e+06;0;0;0;0;0;0;711792013;715899547;25508934
1144;6.22454e-15;-228;1684;14688;13006.5;1;323;-2.14748e+09;-6.74516e+06;0;0;0;0;0;0;712319182;716449053;25603737
1145;6.22454e-15;-228;1684;14688;13006.5;1;323;-2.14748e+09;-6.72611e+06;-1;0;0;0;-1;0;712844984;716997243;25698561
1146;6.22454e-15;-228;1684;14688;13006.5;1;323;-2.14748e+09;-6.70713e+06;-1;0;0;0;-1;0;713369423;717544123;25793406
1147;6.22454e-15;-229;1684;14688;13006.5;1;323;-2.14748e+09;-6.68824e+06;0;0;0;0;0;0;713892502;718089696;25888271
1148;6.22454e-15;-230;1684;14688;13006.5;1;323;-2.14748e+09;-6.66942e+06;0;0;0;0;0;0;714414229;718633967;25983155
1149;6.22454e-15;-230;1684;14688;13006.5;1;323;-2.14748e+09;-6.65069e+06;-1;0;0;0;-1;0;714934605;719176941;26078057
1150;6.22454e-15;-230;1684;14688;13006.5;1;323;-2.14748e+09;-6.63213e+06;-1;0;0;0;-1;0;715453638;719718623;26172977
1151;6.22454e-15;-231;1684;14688;13006.5;1;323;-2.14748e+09;-6.61345e+06;0;0;0;0;0;0;715971330;720259016;26267914
1152;6.22454e-15;-231;1684;14688;13006.5;1;323;-2.14748e+09;-6.59495e+06;-1;0;0;0;-1;0;716487687;720798125;26362867
1153;6.22454e-15;-232;1684;14688;13006.5;1;323;-2.14748e+09;-6.57652e+06;0;0;0;0;0;0;717002714;721335954;26457835
1154;6.22454e-15;-232;1684;14688;13006.5;1;323;-2.14748e+09;-6.55818e+06;-1;0;0;0;-1;0;717516414;721872508;26552818
1155;6.22454e-15;-233;1684;14688;13006.5;1;323;-2.14748e+09;-6.5399e+06;0;0;0;0;0;0;718028793;722407792;26647814
1156;6.22454e-15;-234;1684;14688;13006.5;1;323;-2.14748e+09;-6.52171e+06;0;0;0;0;0;0;718539855;722941809;26742824
1157;6.22454e-15;-234;1684;14688;13006.5;1;323;-2.14748e+09;-6.50359e+06;-1;0;0;0;-1;0;719049604;723474564;26837846
1158;6.22454e-15;-234;1684;14688;13006.5;1;323;-2.14748e+09;-6.48554e+06;-1;0;0;0;-1;0;719558045;724006061;26932880
1159;6.22454e-15;-235;1684;14688;13006.5;1;323;-2.14748e+09;-6.46757e+06;0;0;0;0;0;0;720065182;724536305;27027924
1160;6.22454e-15;-235;1684;14688;13006.5;1;323;-2.14748e+09;-6.44967e+06;-1;0;0;0;-1;0;720571020;725065300;27122979
1161;6.22454e-15;-236;1684;14688;13006.5;1;323;-2.14748e+09;-6.43184e+06;0;0;0;0;0;0;721075563;725593049;27218044
1162;6.22454e-15;-236;1684;14688;13006.5;1;323;-2.14748e+09;-6.41409e+06;-1;0;0;0;-1;0;721578816;726119558;27313117
1163;6.22454e-15;-236;1684;14688;13006.5;1;323;-2.14748e+09;-6.39642e+06;-1;0;0;0;-1;0;722080783;726644830;27408198
1164;6.22454e-15;-237;1684;14688;13006.5;1;323;-2.14748e+09;-6.37881e+06;0;0;0;0;0;0;722581468;727168869;27503287
1165;6.22454e-15;-237;1684;14688;13006.5;1;323;-2.14748e+09;-6.36127e+06;-1;0;0;0;-1;0;723080876;727691680;27598382
1166;6.22454e-15;-237;1684;14688;13006.5;1;323;-2.14748e+09;-6.34391e+06;-1;0;0;0;-1;0;723579010;728213267;27693484
1167;6.22454e-15;-238;1684;14688;13006.5;1;323;-2.14748e+09;-6.32642e+06;0;0;0;0;0;0;724075876;728733634;27788590
1168;6.22454e-15;-239;1684;14688;13006.5;1;323;-2.14748e+09;-6.30909e+06;0;0;0;0;0;0;724571478;729252786;27883701
1169;6.22454e-15;-240;1684;14688;13006.5;1;323;-2.14748e+09;-6.29184e+06;0;0;0;0;0;0;725065819;729770725;27978817
1170;6.22454e-15;-241;1684;14688;13006.5;1;323;-2.14748e+09;-6.27466e+06;0;0;0;0;0;0;725558904;730287456;28073935
1171;6.22454e-15;-242;1684;14688;13006.5;1;323;-2.14748e+09;-6.25754e+06;0;0;0;0;0;0;726050738;730802984;28169056
1172;6.22454e-15;-242;1684;14688;13006.5;1;323;-2.14748e+09;-6.2405e+06;-1;0;0;0;-1;0;726541324;731317311;28264178
1173;6.22454e-15;-243;1684;14688;13006.5;1;323;-2.14748e+09;-6.22352e+06;0;0;0;0;0;0;727030666;731830443;28359302
1174;6.22454e-15;-243;1684;14688;13006.5;1;323;-2.14748e+09;-6.20661e+06;-1;0;0;0;-1;0;727518769;732342383;28454426
1175;6.22454e-15;-244;1684;14688;13006.5;1;323;-2.14748e+09;-6.18977e+06;0;0;0;0;0;0;728005637;732853135;28549551
1176;6.22454e-15;-244;1684;14688;13006.5;1;323;-2.14748e+09;-6.1731e+06;-1;0;0;0;-1;0;728491274;733362703;28644674
1177;6.22454e-15;-244;1684;14688;13006.5;1;323;-2.14748e+09;-6.15629e+06;-1;0;0;0;-1;0;728975684;733871091;28739796
1178;6.22454e-15;-245;1684;14688;13006.5;1;323;-2.14748e+09;-6.13965e+06;0;0;0;0;0;0;729458871;734378303;28834916
1179;6.22454e-15;-245;1684;14688;13006.5;1;323;-2.14748e+09;-6.12307e+06;-1;0;0;0;-1;0;729940839;734884343;28930033
1180;6.22454e-15;-245;1684;14688;13006.5;1;323;-2.14748e+09;-6.10656e+06;-1;0;0;0;-1;0;730421593;735389214;29025146
1181;6.22454e-15;-245;1684;14688;13006.5;1;323;-2.14748e+09;-6.09012e+06;-1;0;0;0;-1;0;730901136;735892921;29120256
1182;6.22454e-15;-245;1684;14688;13006.5;1;323;-2.14748e+09;-6.07374e+06;-1;0;0;0;-1;0;731379471;736395466;29215360
1183;6.22454e-15;-246;1684;14688;13006.5;1;323;-2.14748e+09;-6.05743e+06;0;0;0;0;0;0;731856605;736896855;29310460
1184;6.22454e-15;-246;1684;14688;13006.5;1;323;-2.14748e+09;-6.04118e+06;-1;0;0;0;-1;0;732332539;737397091;29405553
1185;6.22454e-15;-246;1684;14688;13006.5;1;323;-2.14748e+09;-6.02499e+06;-1;0;0;0;-1;0;732807279;737896177;29500640
1186;6.22454e-15;-246;1684;14688;13006.5;1;323;-2.14748e+09;-6.00886e+06;-1;0;0;0;-1;0;733280827;738394117;29595719
1187;6.22454e-15;-246;1684;14688;13006.5;1;323;-2.14748e+09;-5.9928e+06;-1;0;0;0;-1;0;733753189;738890916;29690791
1188;6.22454e-15;-247;1684;14688;13006.5;1;323;-2.14748e+09;-5.97681e+06;0;0;0;0;0;0;734224367;739386576;29785854
1189;6.22454e-15;-248;1684;14688;13006.5;1;323;-2.14748e+09;-5.96087e+06;0;0;0;0;0;0;734694366;739881101;29880908
1190;6.22454e-15;-249;1684;14688;13006.5;1;323;-2.14748e+09;-5.945e+06;0;0;0;0;0;0;735163190;740374496;29975952
1191;6.22454e-15;-250;1684;14688;13006.5;1;323;-2.14748e+09;-5.92918e+06;0;0;0;0;0;0;735630842;740866764;30070986
1192;6.22454e-15;-250;1684;14688;13006.5;1;323;-2.14748e+09;-5.91343e+06;-1;0;0;0;-1;0;736097327;741357907;30166009
1193;6.22454e-15;-250;1684;14688;13006.5;1;323;-2.14748e+09;-5.89774e+06;-1;0;0;0;-1;0;736562647;741847931;30261021
1194;6.22454e-15;-250;1684;14688;13006.5;1;323;-2.14748e+09;-5.88211e+06;-1;0;0;0;-1;0;737026808;742336838;30356020
1195;6.22454e-15;-250;1684;14688;13006.5;1;323;-2.14748e+09;-5.86654e+06;-1;0;0;0;-1;0;737489812;742824633;30451006
1196;6.22454e-15;-250;1684;14688;13006.5;1;323;-2.14748e+09;-5.85103e+06;-1;0;0;0;-1;0;737951663;743311318;30545979
1197;6.22454e-15;-250;1684;14688;13006.5;1;323;-2.14748e+09;-5.83558e+06;-1;0;0;0;-1;0;738412366;743796898;30640939
1198;6.22454e-15;-251;1684;14688;13006.5;1;323;-2.14748e+09;-5.82019e+06;0;0;0;0;0;0;738871923;744281375;30735883
1199;6.22454e-15;-252;1684;14688;13006.5;1;323;-2.14748e+09;-5.80486e+06;0;0;0;0;0;0;739330339;744764754;30830813
1200;6.22454e-15;-252;1684;14688;13006.5;1;323;-2.14748e+09;-5.78959e+06;-1;0;0;0;-1;0;739787617;745247037;30925726
1201;6.22454e-15;-253;1684;14688;13006.5;1;323;-2.14748e+09;-5.77437e+06;0;0;0;0;0;0;740243761;745728229;31020624
1202;6.22454e-15;-253;1684;14688;13006.5;1;323;-2.14748e+09;-5.75921e+06;-1;0;0;0;-1;0;740698775;746208333;31115505
1203;6.22454e-15;-253;1684;14688;13006.5;1;323;-2.14748e+09;-5.74411e+06;-1;0;0;0;-1;0;741152661;746687352;31210368
1204;6.22454e-15;-253;1684;14688;13006.5;1;323;-2.14748e+09;-5.72907e+06;-1;0;0;0;-1;0;741605425;747165289;31305213
1205;6.22454e-15;-253;1684;14688;13006.5;1;323;-2.14748e+09;-5.71408e+06;-1;0;0;0;-1;0;742057069;747642149;31400040
1206;6.22454e-15;-253;1684;14688;13006.5;1;323;-2.14748e+09;-5.69915e+06;-1;0;0;0;-1;0;742507597;748117934;31494847
1207;6.22454e-15;-253;1684;14688;13006.5;1;323;-2.14748e+09;-5.68428e+06;-1;0;0;0;-1;0;742957013;748592648;31589635
1208;6.22454e-15;-253;1684;14688;13006.5;1;323;-2.14748e+09;-5.66946e+06;-1;0;0;0;-1;0;743405319;749066294;31684403
1209;6.22454e-15;-254;1684;14688;13006.5;1;323;-2.14748e+09;-5.6548e+06;0;0;0;0;0;0;743852521;749538876;31779150
1210;6.22454e-15;-254;1684;14688;13006.5;1;323;-2.14748e+09;-5.64009e+06;-1;0;0;0;-1;0;744298620;750010397;31873875
1211;6.22454e-15;-254;1684;14688;13006.5;1;323;-2.14748e+09;-5.62534e+06;-1;0;0;0;-1;0;744743622;750480860;31968579
1212;6.22454e-15;-254;1684;14688;13006.5;1;323;-2.14748e+09;-5.61074e+06;-1;0;0;0;-1;0;745187528;750950268;32063260
1213;6.22454e-15;-254;1684;14688;13006.5;1;323;-2.14748e+09;-5.5962e+06;-1;0;0;0;-1;0;745630344;751418626;32157918
1214;6.22454e-15;-254;1684;14688;13006.5;1;323;-2.14748e+09;-5.58171e+06;-1;0;0;0;-1;0;746072071;751885935;32252553
1215;6.22454e-15;-254;1684;14688;13006.5;1;323;-2.14748e+09;-5.56728e+06;-1;0;0;0;-1;0;746512714;752352200;32347164
1216;6.22454e-15;-255;1684;14688;13006.5;1;323;-2.14748e+09;-5.5529e+06;0;0;0;0;0;0;746952276;752817424;32441750
1217;6.22454e-15;-256;1684;14688;13006.5;1;323;-2.14748e+09;-5.53857e+06;0;0;0;0;0;0;747390761;753281609;32536311
1218;6.22454e-15;-257;1684;14688;13006.5;1;323;-2.14748e+09;-5.5243e+06;0;0;0;0;0;0;747828172;753744760;32630846
1219;6.22454e-15;-258;1684;14688;13006.5;1;323;-2.14748e+09;-5.51007e+06;0;0;0;0;0;0;748264511;754206878;32725356
1220;6.22454e-15;-259;1684;14688;13006.5;1;323;-2.14748e+09;-5.4959e+06;0;0;0;0;0;0;748699784;754667969;32819838
1221;6.22454e-15;-259;1684;14688;13006.5;1;323;-2.14748e+09;-5.48179e+06;-1;0;0;0;-1;0;749133992;755128034;32914294
1222;6.22454e-15;-260;1684;14688;13006.5;1;323;-2.14748e+09;-5.46772e+06;0;0;0;0;0;0;749567140;755587076;33008721
1223;6.22454e-15;-261;1684;14688;13006.5;1;323;-2.14748e+09;-5.45371e+06;0;0;0;0;0;0;749999230;756045100;33103121
1224;6.22454e-15;-262;1684;14688;13006.5;1;323;-2.14748e+09;-5.43974e+06;0;0;0;0;0;0;750430267;756502107;33197492
1225;6.22454e-15;-262;1684;14688;13006.5;1;323;-2.14748e+09;-5.42583e+06;-1;0;0;0;-1;0;750860253;756958102;33291833
1226;6.22454e-15;-262;1684;14688;13006.5;1;323;-2.14748e+09;-5.41197e+06;-1;0;0;0;-1;0;751289191;757413087;33386145
1227;6.22454e-15;-263;1684;14688;13006.5;1;323;-2.14748e+09;-5.39826e+06;0;0;0;0;0;0;751717085;757867066;33480427
1228;6.22454e-15;-264;1684;14688;13006.5;1;323;-2.14748e+09;-5.3844e+06;0;0;0;0;0;0;752143939;758320041;33574678
1229;6.22454e-15;-264;1684;14688;13006.5;1;323;-2.14748e+09;-5.37069e+06;-1;0;0;0;-1;0;752569755;758772015;33668898
1230;6.22454e-15;-265;1684;14688;13006.5;1;323;-2.14748e+09;-5.35702e+06;0;0;0;0;0;0;752994536;759222992;33763086
1231;6.22454e-15;-266;1684;14688;13006.5;1;323;-2.14748e+09;-5.34351e+06;0;0;0;0;0;0;753418286;759672975;33857242
1232;6.22454e-15;-266;1684;14688;13006.5;1;323;-2.14748e+09;-5.32985e+06;-1;0;0;0;-1;0;753841008;760121966;33951365
1233;6.22454e-15;-266;1684;14688;13006.5;1;323;-2.14748e+09;-5.31634e+06;-1;0;0;0;-1;0;754262706;760569968;34045455
1234;6.22454e-15;-266;1684;14688;13006.5;1;323;-2.14748e+09;-5.30287e+06;-1;0;0;0;-1;0;754683382;761016985;34139512
1235;6.22454e-15;-266;1684;14688;13006.5;1;323;-2.14748e+09;-5.28945e+06;-1;0;0;0;-1;0;755103039;761463020;34233534
1236;6.22454e-15;-266;1684;14688;13006.5;1;323;-2.14748e+09;-5.27608e+06;-1;0;0;0;-1;0;755521682;761908075;34327522
1237;6.22454e-15;-267;1684;14688;13006.5;1;323;-2.14748e+09;-5.26276e+06;0;0;0;0;0;0;755939312;762352154;34421475
1238;6.22454e-15;-268;1684;14688;13006.5;1;323;-2.14748e+09;-5.24949e+06;0;0;0;0;0;0;756355933;762795259;34515393
1239;6.22454e-15;-269;1684;14688;13006.5;1;323;-2.14748e+09;-5.23626e+06;0;0;0;0;0;0;756771548;763237393;34609274
1240;6.22454e-15;-269;1684;14688;13006.5;1;323;-2.14748e+09;-5.22318e+06;-1;0;0;0;-1;0;757186161;763678560;34703119
1241;6.22454e-15;-269;1684;14688;13006.5;1;323;-2.14748e+09;-5.20995e+06;-1;0;0;0;-1;0;757599773;764118761;34796927
1242;6.22454e-15;-270;1684;14688;13006.5;1;323;-2.14748e+09;-5.19696e+06;0;0;0;0;0;0;758012390;764558001;34890698
1243;6.22454e-15;-271;1684;14688;13006.5;1;323;-2.14748e+09;-5.18382e+06;0;0;0;0;0;0;758424012;764996281;34984431
1244;6.22454e-15;-272;1684;14688;13006.5;1;323;-2.14748e+09;-5.17083e+06;0;0;0;0;0;0;758834644;765433605;35078126
1245;6.22454e-15;-272;1684;14688;13006.5;1;323;-2.14748e+09;-5.15788e+06;-1;0;0;0;-1;0;759244289;765869976;35171783
1246;6.22454e-15;-272;1684;14688;13006.5;1;323;-2.14748e+09;-5.14498e+06;-1;0;0;0;-1;0;759652949;766305396;35265400
1247;6.22454e-15;-272;1684;14688;13006.5;1;323;-2.14748e+09;-5.13222e+06;-1;0;0;0;-1;0;760060627;766739868;35358977
1248;6.22454e-15;-272;1684;14688;13006.5;1;323;-2.14748e+09;-5.11931e+06;-1;0;0;0;-1;0;760467328;767173396;35452515
1249;6.22454e-15;-273;1684;14688;13006.5;1;323;-2.14748e+09;-5.10655e+06;0;0;0;0;0;0;760873052;767605981;35546012
1250;6.22454e-15;-273;1684;14688;13006.5;1;323;-2.14748e+09;-5.09382e+06;-1;0;0;0;-1;0;761277804;768037626;35639468
1251;6.22454e-15;-273;1684;14688;13006.5;1;323;-2.14748e+09;-5.08115e+06;-1;0;0;0;-1;0;761681587;768468335;35732884
1252;6.22454e-15;-274;1684;14688;13006.5;1;323;-2.14748e+09;-5.06852e+06;0;0;0;0;0;0;762084403;768898111;35826257
1253;6.22454e-15;-274;1684;14688;13006.5;1;323;-2.14748e+09;-5.05592e+06;-1;0;0;0;-1;0;762486256;769326955;35919588
1254;6.22454e-15;-274;1684;14688;13006.5;1;323;-2.14748e+09;-5.04348e+06;-1;0;0;0;-1;0;762887147;769754870;36012877
1255;6.22454e-15;-275;1684;14688;13006.5;1;323;-2.14748e+09;-5.03088e+06;0;0;0;0;0;0;763287081;770181860;36106123
1256;6.22454e-15;-276;1684;14688;13006.5;1;323;-2.14748e+09;-5.01842e+06;0;0;0;0;0;0;763686060;770607927;36199325
1257;6.22454e-15;-276;1684;14688;13006.5;1;323;-2.14748e+09;-5.006e+06;-1;0;0;0;-1;0;764084087;771033073;36292484
1258;6.22454e-15;-276;1684;14688;13006.5;1;323;-2.14748e+09;-4.99363e+06;-1;0;0;0;-1;0;764481165;771457302;36385598
1259;6.22454e-15;-277;1684;14688;13006.5;1;323;-2.14748e+09;-4.9813e+06;0;0;0;0;0;0;764877296;771880616;36478668
1260;6.22454e-15;-278;1684;14688;13006.5;1;323;-2.14748e+09;-4.96901e+06;0;0;0;0;0;0;765272484;772303018;36571692
1261;6.22454e-15;-279;1684;14688;13006.5;1;323;-2.14748e+09;-4.95687e+06;0;0;0;0;0;0;765666731;772724510;36664672
1262;6.22454e-15;-279;1684;14688;13006.5;1;323;-2.14748e+09;-4.94456e+06;-1;0;0;0;-1;0;766060041;773145096;36757605
1263;6.22454e-15;-279;1684;14688;13006.5;1;323;-2.14748e+09;-4.9325e+06;-1;0;0;0;-1;0;766452415;773564777;36850492
1264;6.22454e-15;-279;1684;14688;13006.5;1;323;-2.14748e+09;-4.92028e+06;-1;0;0;0;-1;0;766843858;773983556;36943333
1265;6.22454e-15;-279;1684;14688;13006.5;1;323;-2.14748e+09;-4.90821e+06;-1;0;0;0;-1;0;767234371;774401436;37036127
1266;6.22454e-15;-280;1684;14688;13006.5;1;323;-2.14748e+09;-4.89617e+06;0;0;0;0;0;0;767623957;774818419;37128873
1267;6.22454e-15;-280;1684;14688;13006.5;1;323;-2.14748e+09;-4.88417e+06;-1;0;0;0;-1;0;768012620;775234509;37221571
1268;6.22454e-15;-280;1684;14688;13006.5;1;323;-2.14748e+09;-4.87232e+06;-1;0;0;0;-1;0;768400361;775649707;37314221
1269;6.22454e-15;-281;1684;14688;13006.5;1;323;-2.14748e+09;-4.8603e+06;0;0;0;0;0;0;768787185;776064016;37406823
1270;6.22454e-15;-281;1684;14688;13006.5;1;323;-2.14748e+09;-4.84843e+06;-1;0;0;0;-1;0;769173092;776477439;37499376
1271;6.22454e-15;-281;1684;14688;13006.5;1;323;-2.14748e+09;-4.83659e+06;-1;0;0;0;-1;0;769558087;776889978;37591879
1272;6.22454e-15;-282;1684;14688;13006.5;1;323;-2.14748e+09;-4.8248e+06;0;0;0;0;0;0;769942172;777301636;37684333
1273;6.22454e-15;-283;1684;14688;13006.5;1;323;-2.14748e+09;-4.81304e+06;0;0;0;0;0;0;770325349;777712415;37776737
1274;6.22454e-15;-283;1684;14688;13006.5;1;323;-2.14748e+09;-4.80133e+06;-1;0;0;0;-1;0;770707622;778122319;37869090
1275;6.22454e-15;-283;1684;14688;13006.5;1;323;-2.14748e+09;-4.78965e+06;-1;0;0;0;-1;0;771088992;778531348;37961393
1276;6.22454e-15;-283;1684;14688;13006.5;1;323;-2.14748e+09;-4.77802e+06;-1;0;0;0;-1;0;771469464;778939506;38053644
1277;6.22454e-15;-283;1684;14688;13006.5;1;323;-2.14748e+09;-4.76642e+06;-1;0;0;0;-1;0;771849038;779346796;38145844
1278;6.22454e-15;-283;1684;14688;13006.5;1;323;-2.14748e+09;-4.75486e+06;-1;0;0;0;-1;0;772227718;779753219;38237992
1279;6.22454e-15;-283;1684;14688;13006.5;1;323;-2.14748e+09;-4.74334e+06;-1;0;0;0;-1;0;772605507;780158778;38330088
1280;6.22454e-15;-283;1684;14688;13006.5;1;323;-2.14748e+09;-4.73186e+06;-1;0;0;0;-1;0;772982407;780563476;38422131
1281;6.22454e-15;-284;1684;14688;13006.5;1;323;-2.14748e+09;-4.72042e+06;0;0;0;0;0;0;773358422;780967315;38514121
1282;6.22454e-15;-284;1684;14688;13006.5;1;323;-2.14748e+09;-4.70901e+06;-1;0;0;0;-1;0;773733552;781370298;38606058
1283;6.22454e-15;-284;1684;14688;13006.5;1;323;-2.14748e+09;-4.69764e+06;-1;0;0;0;-1;0;774107802;781772426;38697941
1284;6.22454e-15;-285;1684;14688;13006.5;1;323;-2.14748e+09;-4.68632e+06;0;0;0;0;0;0;774481173;782173703;38789771
1285;6.22454e-15;-285;1684;14688;13006.5;1;323;-2.14748e+09;-4.67502e+06;-1;0;0;0;-1;0;774853668;782574131;38881545
1286;6.22454e-15;-285;1684;14688;13006.5;1;323;-2.14748e+09;-4.66377e+06;-1;0;0;0;-1;0;775225290;782973711;38973266
1287;6.22454e-15;-286;1684;14688;13006.5;1;323;-2.14748e+09;-4.65255e+06;0;0;0;0;0;0;775596042;783372447;39064931
1288;6.22454e-15;-287;1684;14688;13006.5;1;323;-2.14748e+09;-4.64137e+06;0;0;0;0;0;0;775965925;783770341;39156541
1289;6.22454e-15;-287;1684;14688;13006.5;1;323;-2.14748e+09;-4.63022e+06;-1;0;0;0;-1;0;776334942;784167395;39248095
1290;6.22454e-15;-288;1684;14688;13006.5;1;323;-2.14748e+09;-4.61912e+06;0;0;0;0;0;0;776703097;784563611;39339593
1291;6.22454e-15;-288;1684;14688;13006.5;1;323;-2.14748e+09;-4.60805e+06;-1;0;0;0;-1;0;777070391;784958992;39431035
1292;6.22454e-15;-288;1684;14688;13006.5;1;323;-2.14748e+09;-4.59701e+06;-1;0;0;0;-1;0;777436827;785353541;39522420
1293;6.22454e-15;-288;1684;14688;13006.5;1;323;-2.14748e+09;-4.58601e+06;-1;0;0;0;-1;0;777802408;785747258;39613749
1294;6.22454e-15;-289;1684;14688;13006.5;1;323;-2.14748e+09;-4.57515e+06;0;0;0;0;0;0;778167135;786140148;39705019
1295;6.22454e-15;-290;1684;14688;13006.5;1;323;-2.14748e+09;-4.56422e+06;0;0;0;0;0;0;778531012;786532212;39796233
1296;6.22454e-15;-291;1684;14688;13006.5;1;323;-2.14748e+09;-4.55323e+06;0;0;0;0;0;0;778894041;786923452;39887388
1297;6.22454e-15;-291;1684;14688;13006.5;1;323;-2.14748e+09;-4.54248e+06;-1;0;0;0;-1;0;779256224;787313870;39978485
1298;6.22454e-15;-292;1684;14688;13006.5;1;323;-2.14748e+09;-4.53156e+06;0;0;0;0;0;0;779617564;787703470;40069523
1299;6.22454e-15;-292;1684;14688;13006.5;1;323;-2.14748e+09;-4.52077e+06;-1;0;0;0;-1;0;779978064;788092252;40160503
1300;6.22454e-15;-293;1684;14688;13006.5;1;323;-2.14748e+09;-4.51002e+06;0;0;0;0;0;0;780337724;788480220;40251423
1301;6.22454e-15;-293;1684;14688;13006.5;1;323;-2.14748e+09;-4.4993e+06;-1;0;0;0;-1;0;780696550;788867376;40342284
1302;6.22454e-15;-294;1684;14688;13006.5;1;323;-2.14748e+09;-4.48862e+06;0;0;0;0;0;0;781054541;789253721;40433085
1303;6.22454e-15;-295;1684;14688;13006.5;1;323;-2.14748e+09;-4.47798e+06;0;0;0;0;0;0;781411702;789639259;40523826
1304;6.22454e-15;-296;1684;14688;13006.5;1;323;-2.14748e+09;-4.46746e+06;0;0;0;0;0;0;781768033;790023991;40614507
1305;6.22454e-15;-297;1684;14688;13006.5;1;323;-2.14748e+09;-4.45678e+06;0;0;0;0;0;0;782123539;790407919;40705126
1306;6.22454e-15;-298;1684;14688;13006.5;1;323;-2.14748e+09;-4.44624e+06;0;0;0;0;0;0;782478220;790791046;40795685
1307;6.22454e-15;-298;1684;14688;13006.5;1;323;-2.14748e+09;-4.43573e+06;-1;0;0;0;-1;0;782832080;791173374;40886183
1308;6.22454e-15;-298;1684;14688;13006.5;1;323;-2.14748e+09;-4.42525e+06;-1;0;0;0;-1;0;783185121;791554905;40976618
1309;6.22454e-15;-299;1684;14688;13006.5;1;323;-2.14748e+09;-4.41481e+06;0;0;0;0;0;0;783537345;791935641;41066992
1310;6.22454e-15;-299;1684;14688;13006.5;1;323;-2.14748e+09;-4.4044e+06;-1;0;0;0;-1;0;783888754;792315585;41157304
1311;6.22454e-15;-300;1684;14688;13006.5;1;323;-2.14748e+09;-4.39402e+06;0;0;0;0;0;0;784239351;792694738;41247553
1312;6.22454e-15;-301;1684;14688;13006.5;1;323;-2.14748e+09;-4.38368e+06;0;0;0;0;0;0;784589139;793073102;41337740
1313;6.22454e-15;-301;1684;14688;13006.5;1;323;-2.14748e+09;-4.37346e+06;-1;0;0;0;-1;0;784938119;793450681;41427864
1314;6.22454e-15;-302;1684;14688;13006.5;1;323;-2.14748e+09;-4.36308e+06;0;0;0;0;0;0;785286293;793827475;41517924
1315;6.22454e-15;-302;1684;14688;13006.5;1;323;-2.14748e+09;-4.35294e+06;-1;0;0;0;-1;0;785633665;794203487;41607920
1316;6.22454e-15;-303;1684;14688;13006.5;1;323;-2.14748e+09;-4.34262e+06;0;0;0;0;0;0;785980235;794578720;41697853
1317;6.22454e-15;-303;1684;14688;13006.5;1;323;-2.14748e+09;-4.33244e+06;-1;0;0;0;-1;0;786326008;794953175;41787722
1318;6.22454e-15;-303;1684;14688;13006.5;1;323;-2.14748e+09;-4.32229e+06;-1;0;0;0;-1;0;786670984;795326854;41877526
1319;6.22454e-15;-304;1684;14688;13006.5;1;323;-2.14748e+09;-4.31218e+06;0;0;0;0;0;0;787015166;795699759;41967266
1320;6.22454e-15;-305;1684;14688;13006.5;1;323;-2.14748e+09;-4.30219e+06;0;0;0;0;0;0;787358557;796071893;42056940
1321;6.22454e-15;-305;1684;14688;13006.5;1;323;-2.14748e+09;-4.29204e+06;-1;0;0;0;-1;0;787701158;796443257;42146550
1322;6.22454e-15;-306;1684;14688;13006.5;1;323;-2.14748e+09;-4.28211e+06;0;0;0;0;0;0;788042973;796813854;42236094
1323;6.22454e-15;-306;1684;14688;13006.5;1;323;-2.14748e+09;-4.27202e+06;-1;0;0;0;-1;0;788384002;797183686;42325572
1324;6.22454e-15;-306;1684;14688;13006.5;1;323;-2.14748e+09;-4.26206e+06;-1;0;0;0;-1;0;788724249;797552754;42414984
1325;6.22454e-15;-307;1684;14688;13006.5;1;323;-2.14748e+09;-4.25213e+06;0;0;0;0;0;0;789063715;797921061;42504330
1326;6.22454e-15;-308;1684;14688;13006.5;1;323;-2.14748e+09;-4.24224e+06;0;0;0;0;0;0;789402403;798288609;42593610
1327;6.22454e-15;-309;1684;14688;13006.5;1;323;-2.14748e+09;-4.23237e+06;0;0;0;0;0;0;789740314;798655400;42682823
1328;6.22454e-15;-310;1684;14688;13006.5;1;323;-2.14748e+09;-4.22253e+06;0;0;0;0;0;0;790077452;799021435;42771969
1329;6.22454e-15;-311;1684;14688;13006.5;1;323;-2.14748e+09;-4.21272e+06;0;0;0;0;0;0;790413818;799386717;42861047
1330;6.22454e-15;-311;1684;14688;13006.5;1;323;-2.14748e+09;-4.20295e+06;-1;0;0;0;-1;0;790749415;799751248;42950058
1331;6.22454e-15;-312;1684;14688;13006.5;1;323;-2.14748e+09;-4.1933e+06;0;0;0;0;0;0;791084244;800115029;43039001
1332;6.22454e-15;-313;1684;14688;13006.5;1;323;-2.14748e+09;-4.18359e+06;0;0;0;0;0;0;791418307;800478064;43127877
1333;6.22454e-15;-314;1684;14688;13006.5;1;323;-2.14748e+09;-4.1738e+06;0;0;0;0;0;0;791751608;800840353;43216684
1334;6.22454e-15;-314;1684;14688;13006.5;1;323;-2.14748e+09;-4.16425e+06;-1;0;0;0;-1;0;792084148;801201898;43305422
1335;6.22454e-15;-315;1684;14688;13006.5;1;323;-2.14748e+09;-4.15452e+06;0;0;0;0;0;0;792415928;801562702;43394092
1336;6.22454e-15;-316;1684;14688;13006.5;1;323;-2.14748e+09;-4.14493e+06;0;0;0;0;0;0;792746952;801922767;43482693
1337;6.22454e-15;-316;1684;14688;13006.5;1;323;-2.14748e+09;-4.13536e+06;-1;0;0;0;-1;0;793077222;802282094;43571225
1338;6.22454e-15;-317;1684;14688;13006.5;1;323;-2.14748e+09;-4.12582e+06;0;0;0;0;0;0;793406739;802640686;43659687
1339;6.22454e-15;-318;1684;14688;13006.5;1;323;-2.14748e+09;-4.11631e+06;0;0;0;0;0;0;793735505;802998544;43748080
1340;6.22454e-15;-318;1684;14688;13006.5;1;323;-2.14748e+09;-4.10683e+06;-1;0;0;0;-1;0;794063524;803355670;43836403
1341;6.22454e-15;-319;1684;14688;13006.5;1;323;-2.14748e+09;-4.09748e+06;0;0;0;0;0;0;794390795;803712066;43924656
1342;6.22454e-15;-320;1684;14688;13006.5;1;323;-2.14748e+09;-4.08806e+06;0;0;0;0;0;0;794717323;804067735;44012838
1343;6.22454e-15;-320;1684;14688;13006.5;1;323;-2.14748e+09;-4.07857e+06;-1;0;0;0;-1;0;795043109;804422677;44100950
1344;6.22454e-15;-320;1684;14688;13006.5;1;323;-2.14748e+09;-4.06921e+06;-1;0;0;0;-1;0;795368154;804776895;44188991
1345;6.22454e-15;-321;1684;14688;13006.5;1;323;-2.14748e+09;-4.05987e+06;0;0;0;0;0;0;795692462;805130391;44276961
1346;6.22454e-15;-322;1684;14688;13006.5;1;323;-2.14748e+09;-4.05056e+06;0;0;0;0;0;0;796016033;805483167;44364860
1347;6.22454e-15;-322;1684;14688;13006.5;1;323;-2.14748e+09;-4.04128e+06;-1;0;0;0;-1;0;796338871;805835224;44452688
1348;6.22454e-15;-322;1684;14688;13006.5;1;323;-2.14748e+09;-4.03203e+06;-1;0;0;0;-1;0;796660977;806186564;44540444
1349;6.22454e-15;-322;1684;14688;13006.5;1;323;-2.14748e+09;-4.02281e+06;-1;0;0;0;-1;0;796982353;806537190;44628128
1350;6.22454e-15;-323;1684;14688;13006.5;1;323;-2.14748e+09;-4.01361e+06;0;0;0;0;0;0;797303001;806887102;44715740
1351;6.22454e-15;-324;1684;14688;13006.5;1;323;-2.14748e+09;-4.00444e+06;0;0;0;0;0;0;797622923;807236304;44803279
1352;6.22454e-15;-325;1684;14688;13006.5;1;323;-2.14748e+09;-3.9953e+06;0;0;0;0;0;0;797942121;807584796;44890746
1353;6.22454e-15;-325;1684;14688;13006.5;1;323;-2.14748e+09;-3.98619e+06;-1;0;0;0;-1;0;798260598;807932580;44978141
1354;6.22454e-15;-326;1684;14688;13006.5;1;323;-2.14748e+09;-3.9771e+06;0;0;0;0;0;0;798578354;808279659;45065463
1355;6.22454e-15;-327;1684;14688;13006.5;1;323;-2.14748e+09;-3.96805e+06;0;0;0;0;0;0;798895393;808626034;45152711
1356;6.22454e-15;-327;1684;14688;13006.5;1;323;-2.14748e+09;-3.95902e+06;-1;0;0;0;-1;0;799211715;808971707;45239887
1357;6.22454e-15;-328;1684;14688;13006.5;1;323;-2.14748e+09;-3.95001e+06;0;0;0;0;0;0;799527324;809316680;45326988
1358;6.22454e-15;-329;1684;14688;13006.5;1;323;-2.14748e+09;-3.94113e+06;0;0;0;0;0;0;799842221;809660954;45414017
1359;6.22454e-15;-329;1684;14688;13006.5;1;323;-2.14748e+09;-3.93208e+06;-1;0;0;0;-1;0;800156407;810004532;45500971
1360;6.22454e-15;-329;1684;14688;13006.5;1;323;-2.14748e+09;-3.92316e+06;-1;0;0;0;-1;0;800469886;810347415;45587851
1361;6.22454e-15;-330;1684;14688;13006.5;1;323;-2.14748e+09;-3.91426e+06;0;0;0;0;0;0;800782658;810689604;45674657
1362;6.22454e-15;-331;1684;14688;13006.5;1;323;-2.14748e+09;-3.90539e+06;0;0;0;0;0;0;801094726;811031102;45761388
1363;6.22454e-15;-331;1684;14688;13006.5;1;323;-2.14748e+09;-3.89665e+06;-1;0;0;0;-1;0;801406092;811371911;45848045
1364;6.22454e-15;-331;1684;14688;13006.5;1;323;-2.14748e+09;-3.88773e+06;-1;0;0;0;-1;0;801716757;811712031;45934627
1365;6.22454e-15;-331;1684;14688;13006.5;1;323;-2.14748e+09;-3.87894e+06;-1;0;0;0;-1;0;802026724;812051466;46021134
1366;6.22454e-15;-332;1684;14688;13006.5;1;323;-2.14748e+09;-3.87017e+06;0;0;0;0;0;0;802335994;812390216;46107566
1367;6.22454e-15;-333;1684;14688;13006.5;1;323;-2.14748e+09;-3.86143e+06;0;0;0;0;0;0;802644569;812728283;46193923
1368;6.22454e-15;-333;1684;14688;13006.5;1;323;-2.14748e+09;-3.85271e+06;-1;0;0;0;-1;0;802952452;813065670;46280203
1369;6.22454e-15;-333;1684;14688;13006.5;1;323;-2.14748e+09;-3.84402e+06;-1;0;0;0;-1;0;803259644;813402377;46366409
1370;6.22454e-15;-333;1684;14688;13006.5;1;323;-2.14748e+09;-3.83546e+06;-1;0;0;0;-1;0;803566146;813738407;46452538
1371;6.22454e-15;-334;1684;14688;13006.5;1;323;-2.14748e+09;-3.82672e+06;0;0;0;0;0;0;803871961;814073761;46538591
1372;6.22454e-15;-334;1684;14688;13006.5;1;323;-2.14748e+09;-3.81821e+06;-1;0;0;0;-1;0;804177091;814408441;46624568
1373;6.22454e-15;-334;1684;14688;13006.5;1;323;-2.14748e+09;-3.80952e+06;-1;0;0;0;-1;0;804481538;814742448;46710468
1374;6.22454e-15;-334;1684;14688;13006.5;1;323;-2.14748e+09;-3.80096e+06;-1;0;0;0;-1;0;804785302;815075785;46796292
1375;6.22454e-15;-335;1684;14688;13006.5;1;323;-2.14748e+09;-3.79242e+06;0;0;0;0;0;0;805088387;815408452;46882039
1376;6.22454e-15;-335;1684;14688;13006.5;1;323;-2.14748e+09;-3.784e+06;-1;0;0;0;-1;0;805390794;815740452;46967709
1377;6.22454e-15;-335;1684;14688;13006.5;1;323;-2.14748e+09;-3.77542e+06;-1;0;0;0;-1;0;805692525;816071787;47053302
1378;6.22454e-15;-335;1684;14688;13006.5;1;323;-2.14748e+09;-3.76695e+06;-1;0;0;0;-1;0;805993581;816402457;47138818
1379;6.22454e-15;-335;1684;14688;13006.5;1;323;-2.14748e+09;-3.75851e+06;-1;0;0;0;-1;0;806293965;816732465;47224256
1380;6.22454e-15;-335;1684;14688;13006.5;1;323;-2.14748e+09;-3.7501e+06;-1;0;0;0;-1;0;806593678;817061813;47309617
1381;6.22454e-15;-336;1684;14688;13006.5;1;323;-2.14748e+09;-3.74171e+06;0;0;0;0;0;0;806892723;817390501;47394900
1382;6.22454e-15;-336;1684;14688;13006.5;1;323;-2.14748e+09;-3.73334e+06;-1;0;0;0;-1;0;807191100;817718532;47480104
1383;6.22454e-15;-336;1683;14688;13006.5;1;323;-2.14748e+09;-3.725e+06;0;0;0;0;0;0;807488812;818045907;47565231
1384;6.22454e-15;-337;1683;14688;13006.5;1;323;-2.14748e+09;-3.71668e+06;0;0;0;0;0;0;807785860;818372627;47650280
1385;6.22454e-15;-337;1683;14688;13006.5;1;323;-2.14748e+09;-3.70839e+06;-1;0;0;0;-1;0;808082247;818698695;47735250
1386;6.22454e-15;-337;1683;14688;13006.5;1;323;-2.14748e+09;-3.70012e+06;-1;0;0;0;-1;0;808377973;819024112;47820142
1387;6.22454e-15;-337;1683;14688;13006.5;1;323;-2.14748e+09;-3.69187e+06;-1;0;0;0;-1;0;808673042;819348880;47904955
1388;6.22454e-15;-338;1683;14688;13006.5;1;323;-2.14748e+09;-3.68365e+06;0;0;0;0;0;0;808967453;819673000;47989689
1389;6.22454e-15;-339;1683;14688;13006.5;1;323;-2.14748e+09;-3.67545e+06;0;0;0;0;0;0;809261211;819996474;48074344
1390;6.22454e-15;-339;1683;14688;13006.5;1;323;-2.14748e+09;-3.66728e+06;-1;0;0;0;-1;0;809554315;820319303;48158920
1391;6.22454e-15;-339;1683;14688;13006.5;1;323;-2.14748e+09;-3.65912e+06;-1;0;0;0;-1;0;809846768;820641490;48243417
1392;6.22454e-15;-340;1683;14688;13006.5;1;323;-2.14748e+09;-3.651e+06;0;0;0;0;0;0;810138571;820963034;48327834
1393;6.22454e-15;-341;1683;14688;13006.5;1;323;-2.14748e+09;-3.64289e+06;0;0;0;0;0;0;810429727;821283940;48412172
1394;6.22454e-15;-341;1683;14688;13006.5;1;323;-2.14748e+09;-3.63481e+06;-1;0;0;0;-1;0;810720236;821604206;48496430
1395;6.22454e-15;-341;1683;14688;13006.5;1;323;-2.14748e+09;-3.62675e+06;-1;0;0;0;-1;0;811010102;821923836;48580608
1396;6.22454e-15;-341;1683;14688;13006.5;1;323;-2.14748e+09;-3.61871e+06;-1;0;0;0;-1;0;811299324;822242831;48664706
1397;6.22454e-15;-341;1683;14688;13006.5;1;323;-2.14748e+09;-3.6108e+06;-1;0;0;0;-1;0;811587906;822561193;48748724
1398;6.22454e-15;-342;1683;14688;13006.5;1;323;-2.14748e+09;-3.60271e+06;0;0;0;0;0;0;811875849;822878922;48832662
1399;6.22454e-15;-342;1683;14688;13006.5;1;323;-2.14748e+09;-3.59474e+06;-1;0;0;0;-1;0;812163154;823196021;48916519
1400;6.22454e-15;-342;1683;14688;13006.5;1;323;-2.14748e+09;-3.58679e+06;-1;0;0;0;-1;0;812449823;823512491;49000296
1401;6.22454e-15;-342;1683;14688;13006.5;1;323;-2.14748e+09;-3.57897e+06;-1;0;0;0;-1;0;812735858;823828333;49083992
1402;6.22454e-15;-342;1683;14688;13006.5;1;323;-2.14748e+09;-3.57097e+06;-1;0;0;0;-1;0;813021260;824143549;49167607
1403;6.22454e-15;-343;1683;14688;13006.5;1;323;-2.14748e+09;-3.56309e+06;0;0;0;0;0;0;813306032;824458141;49251142
1404;6.22454e-15;-343;1683;14688;13006.5;1;323;-2.14748e+09;-3.55523e+06;-1;0;0;0;-1;0;813590175;824772111;49334595
1405;6.22454e-15;-344;1683;14688;13006.5;1;323;-2.14748e+09;-3.5474e+06;0;0;0;0;0;0;813873690;825085459;49417967
1406;6.22454e-15;-345;1683;14688;13006.5;1;323;-2.14748e+09;-3.53959e+06;0;0;0;0;0;0;814156579;825398187;49501258
1407;6.22454e-15;-345;1683;14688;13006.5;1;323;-2.14748e+09;-3.5318e+06;-1;0;0;0;-1;0;814438844;825710296;49584467
1408;6.22454e-15;-345;1683;14688;13006.5;1;323;-2.14748e+09;-3.52403e+06;-1;0;0;0;-1;0;814720486;826021789;49667595
1409;6.22454e-15;-345;1683;14688;13006.5;1;323;-2.14748e+09;-3.51628e+06;-1;0;0;0;-1;0;815001508;826332666;49750641
1410;6.22454e-15;-346;1683;14688;13006.5;1;323;-2.14748e+09;-3.50856e+06;0;0;0;0;0;0;815281910;826642930;49833606
1411;6.22454e-15;-346;1683;14688;13006.5;1;323;-2.14748e+09;-3.50085e+06;-1;0;0;0;-1;0;815561695;826952581;49916488
1412;6.22454e-15;-347;1683;14688;13006.5;1;323;-2.14748e+09;-3.49327e+06;0;0;0;0;0;0;815840863;827261621;49999288
1413;6.22454e-15;-348;1683;14688;13006.5;1;323;-2.14748e+09;-3.48551e+06;0;0;0;0;0;0;816119418;827570051;50082007
1414;6.22454e-15;-349;1683;14688;13006.5;1;323;-2.14748e+09;-3.47787e+06;0;0;0;0;0;0;816397359;827877874;50164643
1415;6.22454e-15;-349;1683;14688;13006.5;1;323;-2.14748e+09;-3.47035e+06;-1;0;0;0;-1;0;816674689;828185090;50247196
1416;6.22454e-15;-350;1683;14688;13006.5;1;323;-2.14748e+09;-3.46275e+06;0;0;0;0;0;0;816951410;828491701;50329667
1417;6.22454e-15;-350;1683;14688;13006.5;1;323;-2.14748e+09;-3.45508e+06;-1;0;0;0;-1;0;817227522;828797708;50412056
1418;6.22454e-15;-350;1683;14688;13006.5;1;323;-2.14748e+09;-3.44762e+06;-1;0;0;0;-1;0;817503028;829103113;50494362
1419;6.22454e-15;-350;1683;14688;13006.5;1;323;-2.14748e+09;-3.43999e+06;-1;0;0;0;-1;0;817777929;829407917;50576585
1420;6.22454e-15;-350;1683;14688;13006.5;1;323;-2.14748e+09;-3.43248e+06;-1;0;0;0;-1;0;818052227;829712122;50658725
1421;6.22454e-15;-350;1683;14688;13006.5;1;323;-2.14748e+09;-3.42508e+06;-1;0;0;0;-1;0;818325923;830015729;50740782
1422;6.22454e-15;-351;1683;14688;13006.5;1;323;-2.14748e+09;-3.41751e+06;0;0;0;0;0;0;818599019;830318739;50822755
1423;6.22454e-15;-352;1683;14688;13006.5;1;323;-2.14748e+09;-3.41006e+06;0;0;0;0;0;0;818871517;830621154;50904646
1424;6.22454e-15;-353;1683;14688;13006.5;1;323;-2.14748e+09;-3.40263e+06;0;0;0;0;0;0;819143417;830922976;50986453
1425;6.22454e-15;-354;1683;14688;13006.5;1;323;-2.14748e+09;-3.39532e+06;0;0;0;0;0;0;819414722;831224205;51068177
1426;6.22454e-15;-355;1683;14688;13006.5;1;323;-2.14748e+09;-3.38783e+06;0;0;0;0;0;0;819685433;831524844;51149817
1427;6.22454e-15;-356;1683;14688;13006.5;1;323;-2.14748e+09;-3.38046e+06;0;0;0;0;0;0;819955552;831824893;51231374
1428;6.22454e-15;-356;1683;14688;13006.5;1;323;-2.14748e+09;-3.37311e+06;-1;0;0;0;-1;0;820225079;832124354;51312847
1429;6.22454e-15;-357;1683;14688;13006.5;1;323;-2.14748e+09;-3.36578e+06;0;0;0;0;0;0;820494018;832423228;51394236
1430;6.22454e-15;-358;1683;14688;13006.5;1;323;-2.14748e+09;-3.35847e+06;0;0;0;0;0;0;820762368;832721517;51475541
1431;6.22454e-15;-358;1683;14688;13006.5;1;323;-2.14748e+09;-3.35118e+06;-1;0;0;0;-1;0;821030133;833019222;51556762
1432;6.22454e-15;-359;1683;14688;13006.5;1;323;-2.14748e+09;-3.34391e+06;0;0;0;0;0;0;821297312;833316345;51637899
1433;6.22454e-15;-359;1683;14688;13006.5;1;323;-2.14748e+09;-3.33666e+06;-1;0;0;0;-1;0;821563909;833612886;51718952
1434;6.22454e-15;-359;1683;14688;13006.5;1;323;-2.14748e+09;-3.32953e+06;-1;0;0;0;-1;0;821829923;833908847;51799920
1435;6.22454e-15;-360;1683;14688;13006.5;1;323;-2.14748e+09;-3.32222e+06;0;0;0;0;0;0;822095357;834204231;51880804
1436;6.22454e-15;-360;1683;14688;13006.5;1;323;-2.14748e+09;-3.31503e+06;-1;0;0;0;-1;0;822360213;834499037;51961604
1437;6.22454e-15;-360;1683;14688;13006.5;1;323;-2.14748e+09;-3.30786e+06;-1;0;0;0;-1;0;822624491;834793267;52042319
1438;6.22454e-15;-361;1683;14688;13006.5;1;323;-2.14748e+09;-3.3007e+06;0;0;0;0;0;0;822888193;835086923;52122949
1439;6.22454e-15;-361;1683;14688;13006.5;1;323;-2.14748e+09;-3.29367e+06;-1;0;0;0;-1;0;823151322;835380006;52203495
1440;6.22454e-15;-362;1683;14688;13006.5;1;323;-2.14748e+09;-3.28646e+06;0;0;0;0;0;0;823413877;835672517;52283955
1441;6.22454e-15;-363;1683;14688;13006.5;1;323;-2.14748e+09;-3.27936e+06;0;0;0;0;0;0;823675861;835964458;52364331
1442;6.22454e-15;-363;1683;14688;13006.5;1;323;-2.14748e+09;-3.27229e+06;-1;0;0;0;-1;0;823937275;836255829;52444622
1443;6.22454e-15;-363;1683;14688;13006.5;1;323;-2.14748e+09;-3.26523e+06;-1;0;0;0;-1;0;824198120;836546634;52524828
1444;6.22454e-15;-363;1683;14688;13006.5;1;323;-2.14748e+09;-3.2582e+06;-1;0;0;0;-1;0;824458399;836836871;52604949
1445;6.22454e-15;-363;1683;14688;13006.5;1;323;-2.14748e+09;-3.25128e+06;-1;0;0;0;-1;0;824718112;837126544;52684984
1446;6.22454e-15;-364;1683;14688;13006.5;1;323;-2.14748e+09;-3.24418e+06;0;0;0;0;0;0;824977261;837415653;52764934
1447;6.22454e-15;-365;1683;14688;13006.5;1;323;-2.14748e+09;-3.2372e+06;0;0;0;0;0;0;825235847;837704199;52844799
1448;6.22454e-15;-366;1683;14688;13006.5;1;323;-2.14748e+09;-3.23024e+06;0;0;0;0;0;0;825493872;837992184;52924578
1449;6.22454e-15;-366;1683;14688;13006.5;1;323;-2.14748e+09;-3.22329e+06;-1;0;0;0;-1;0;825751337;838279610;53004272
1450;6.22454e-15;-366;1683;14688;13006.5;1;323;-2.14748e+09;-3.21637e+06;-1;0;0;0;-1;0;826008244;838566477;53083880
1451;6.22454e-15;-366;1683;14688;13006.5;1;323;-2.14748e+09;-3.20946e+06;-1;0;0;0;-1;0;826264594;838852786;53163402
1452;6.22454e-15;-367;1683;14688;13006.5;1;323;-2.14748e+09;-3.20257e+06;0;0;0;0;0;0;826520388;839138540;53242839
1453;6.22454e-15;-367;1683;14688;13006.5;1;323;-2.14748e+09;-3.1957e+06;-1;0;0;0;-1;0;826775629;839423739;53322190
1454;6.22454e-15;-367;1683;14688;13006.5;1;323;-2.14748e+09;-3.18885e+06;-1;0;0;0;-1;0;827030316;839708384;53401455
1455;6.22454e-15;-367;1683;14688;13006.5;1;323;-2.14748e+09;-3.18202e+06;-1;0;0;0;-1;0;827284453;839992478;53480634
1456;6.22454e-15;-367;1683;14688;13006.5;1;323;-2.14748e+09;-3.1753e+06;-1;0;0;0;-1;0;827538039;840276020;53559726
1457;6.22454e-15;-368;1683;14688;13006.5;1;323;-2.14748e+09;-3.16841e+06;0;0;0;0;0;0;827791077;840559013;53638733
1458;6.22454e-15;-369;1683;14688;13006.5;1;323;-2.14748e+09;-3.16163e+06;0;0;0;0;0;0;828043568;840841458;53717654
1459;6.22454e-15;-369;1683;14688;13006.5;1;323;-2.14748e+09;-3.15487e+06;-1;0;0;0;-1;0;828295513;841123356;53796489
1460;6.22454e-15;-369;1683;14688;13006.5;1;323;-2.14748e+09;-3.14812e+06;-1;0;0;0;-1;0;828546914;841404707;53875237
1461;6.22454e-15;-370;1683;14688;13006.5;1;323;-2.14748e+09;-3.1414e+06;0;0;0;0;0;0;828797772;841685515;53953899
1462;6.22454e-15;-371;1683;14688;13006.5;1;323;-2.14748e+09;-3.13469e+06;0;0;0;0;0;0;829048088;841965778;54032474
1463;6.22454e-15;-371;1683;14688;13006.5;1;323;-2.14748e+09;-3.128e+06;-1;0;0;0;-1;0;829297864;842245500;54110963
1464;6.22454e-15;-372;1683;14688;13006.5;1;323;-2.14748e+09;-3.12133e+06;0;0;0;0;0;0;829547101;842524681;54189366
1465;6.22454e-15;-372;1683;14688;13006.5;1;323;-2.14748e+09;-3.11478e+06;-1;0;0;0;-1;0;829795801;842803322;54267681
1466;6.22454e-15;-372;1683;14688;13006.5;1;323;-2.14748e+09;-3.10814e+06;-1;0;0;0;-1;0;830043965;843081425;54345911
1467;6.22454e-15;-373;1683;14688;13006.5;1;323;-2.14748e+09;-3.10142e+06;0;0;0;0;0;0;830291593;843358991;54424053
1468;6.22454e-15;-374;1683;14688;13006.5;1;323;-2.14748e+09;-3.09482e+06;0;0;0;0;0;0;830538689;843636021;54502109
1469;6.22454e-15;-374;1683;14688;13006.5;1;323;-2.14748e+09;-3.08823e+06;-1;0;0;0;-1;0;830785252;843912516;54580078
1470;6.22454e-15;-375;1683;14688;13006.5;1;323;-2.14748e+09;-3.08176e+06;0;0;0;0;0;0;831031284;844188478;54657960
1471;6.22454e-15;-376;1683;14688;13006.5;1;323;-2.14748e+09;-3.07511e+06;0;0;0;0;0;0;831276788;844463907;54735755
1472;6.22454e-15;-376;1683;14688;13006.5;1;323;-2.14748e+09;-3.06858e+06;-1;0;0;0;-1;0;831521763;844738805;54813463
1473;6.22454e-15;-376;1683;14688;13006.5;1;323;-2.14748e+09;-3.06206e+06;-1;0;0;0;-1;0;831766211;845013174;54891085
1474;6.22454e-15;-376;1683;14688;13006.5;1;323;-2.14748e+09;-3.05556e+06;-1;0;0;0;-1;0;832010133;845287013;54968619
1475;6.22454e-15;-376;1683;14688;13006.5;1;323;-2.14748e+09;-3.04908e+06;-1;0;0;0;-1;0;832253532;845560326;55046066
1476;6.22454e-15;-376;1683;14688;13006.5;1;323;-2.14748e+09;-3.04262e+06;-1;0;0;0;-1;0;832496408;845833111;55123426
1477;6.22454e-15;-377;1683;14688;13006.5;1;323;-2.14748e+09;-3.03617e+06;0;0;0;0;0;0;832738762;846105372;55200698
1478;6.22454e-15;-377;1683;14688;13006.5;1;323;-2.14748e+09;-3.02974e+06;-1;0;0;0;-1;0;832980596;846377109;55277884
1479;6.22454e-15;-377;1683;14688;13006.5;1;323;-2.14748e+09;-3.02332e+06;-1;0;0;0;-1;0;833221911;846648324;55354982
1480;6.22454e-15;-378;1683;14688;13006.5;1;323;-2.14748e+09;-3.01692e+06;0;0;0;0;0;0;833462709;846919016;55431993
1481;6.22454e-15;-379;1683;14688;13006.5;1;323;-2.14748e+09;-3.01054e+06;0;0;0;0;0;0;833702990;847189188;55508916
1482;6.22454e-15;-380;1683;14688;13006.5;1;323;-2.14748e+09;-3.00417e+06;0;0;0;0;0;0;833942756;847458841;55585752
1483;6.22454e-15;-381;1683;14688;13006.5;1;323;-2.14748e+09;-2.99782e+06;0;0;0;0;0;0;834182009;847727976;55662501
1484;6.22454e-15;-381;1683;14688;13006.5;1;323;-2.14748e+09;-2.99149e+06;-1;0;0;0;-1;0;834420749;847996595;55739161
1485;6.22454e-15;-381;1683;14688;13006.5;1;323;-2.14748e+09;-2.98518e+06;-1;0;0;0;-1;0;834658978;848264697;55815735
1486;6.22454e-15;-381;1683;14688;13006.5;1;323;-2.14748e+09;-2.97898e+06;-1;0;0;0;-1;0;834896696;848532285;55892221
1487;6.22454e-15;-382;1683;14688;13006.5;1;323;-2.14748e+09;-2.97259e+06;0;0;0;0;0;0;835133907;848799359;55968619
1488;6.22454e-15;-383;1683;14688;13006.5;1;323;-2.14748e+09;-2.96632e+06;0;0;0;0;0;0;835370610;849065921;56044929
1489;6.22454e-15;-383;1683;14688;13006.5;1;323;-2.14748e+09;-2.96007e+06;-1;0;0;0;-1;0;835606806;849331972;56121152
1490;6.22454e-15;-384;1683;14688;13006.5;1;323;-2.14748e+09;-2.95384e+06;0;0;0;0;0;0;835842498;849597513;56197287
1491;6.22454e-15;-384;1683;14688;13006.5;1;323;-2.14748e+09;-2.94762e+06;-1;0;0;0;-1;0;836077686;849862545;56273335
1492;6.22454e-15;-384;1683;14688;13006.5;1;323;-2.14748e+09;-2.94141e+06;-1;0;0;0;-1;0;836312372;850127070;56349294
1493;6.22454e-15;-385;1683;14688;13006.5;1;323;-2.14748e+09;-2.93522e+06;0;0;0;0;0;0;836546557;850391088;56425166
1494;6.22454e-15;-386;1683;14688;13006.5;1;323;-2.14748e+09;-2.92915e+06;0;0;0;0;0;0;836780242;850654600;56500950
1495;6.22454e-15;-387;1683;14688;13006.5;1;323;-2.14748e+09;-2.9229e+06;0;0;0;0;0;0;837013428;850917608;56576646
1496;6.22454e-15;-387;1683;14688;13006.5;1;323;-2.14748e+09;-2.91676e+06;-1;0;0;0;-1;0;837246117;851180113;56652254
1497;6.22454e-15;-387;1683;14688;13006.5;1;323;-2.14748e+09;-2.91063e+06;-1;0;0;0;-1;0;837478310;851442116;56727774
1498;6.22454e-15;-387;1683;14688;13006.5;1;323;-2.14748e+09;-2.90452e+06;-1;0;0;0;-1;0;837710007;851703617;56803206
1499;6.22454e-15;-387;1683;14688;13006.5;1;323;-2.14748e+09;-2.89843e+06;-1;0;0;0;-1;0;837941211;851964619;56878550
1500;6.22454e-15;-387;1683;14688;13006.5;1;323;-2.14748e+09;-2.89235e+06;-1;0;0;0;-1;0;838171923;852225122;56953806
1501;6.22454e-15;-387;1683;14688;13006.5;1;323;-2.14748e+09;-2.88629e+06;-1;0;0;0;-1;0;838402143;852485128;57028973
1502;6.22454e-15;-388;1683;14688;13006.5;1;323;-2.14748e+09;-2.88024e+06;0;0;0;0;0;0;838631873;852744637;57104053
1503;6.22454e-15;-389;1683;14688;13006.5;1;323;-2.14748e+09;-2.87421e+06;0;0;0;0;0;0;838861114;853003650;57179045
1504;6.22454e-15;-390;1683;14688;13006.5;1;323;-2.14748e+09;-2.86819e+06;0;0;0;0;0;0;839089868;853262169;57253948
1505;6.22454e-15;-390;1683;14688;13006.5;1;323;-2.14748e+09;-2.86219e+06;-1;0;0;0;-1;0;839318135;853520195;57328764
1506;6.22454e-15;-390;1683;14688;13006.5;1;323;-2.14748e+09;-2.8562e+06;-1;0;0;0;-1;0;839545916;853777729;57403491
1507;6.22454e-15;-391;1683;14688;13006.5;1;323;-2.14748e+09;-2.85023e+06;0;0;0;0;0;0;839773214;854034771;57478130
1508;6.22454e-15;-391;1683;14688;13006.5;1;323;-2.14748e+09;-2.84427e+06;-1;0;0;0;-1;0;840000028;854291323;57552681
1509;6.22454e-15;-392;1683;14688;13006.5;1;323;-2.14748e+09;-2.83833e+06;0;0;0;0;0;0;840226361;854547387;57627143
1510;6.22454e-15;-392;1683;14688;13006.5;1;323;-2.14748e+09;-2.8324e+06;-1;0;0;0;-1;0;840452214;854802963;57701517
1511;6.22454e-15;-392;1683;14688;13006.5;1;323;-2.14748e+09;-2.82649e+06;-1;0;0;0;-1;0;840677587;855058051;57775803
1512;6.22454e-15;-392;1683;14688;13006.5;1;323;-2.14748e+09;-2.8206e+06;-1;0;0;0;-1;0;840902482;855312654;57850000
1513;6.22454e-15;-393;1683;14688;13006.5;1;323;-2.14748e+09;-2.81472e+06;0;0;0;0;0;0;841126900;855566773;57924110
1514;6.22454e-15;-393;1683;14688;13006.5;1;323;-2.14748e+09;-2.80885e+06;-1;0;0;0;-1;0;841350842;855820407;57998131
1515;6.22454e-15;-393;1683;14688;13006.5;1;323;-2.14748e+09;-2.803e+06;-1;0;0;0;-1;0;841574309;856073560;58072063
1516;6.22454e-15;-393;1683;14688;13006.5;1;323;-2.14748e+09;-2.79716e+06;-1;0;0;0;-1;0;841797303;856326230;58145907
1517;6.22454e-15;-394;1683;14688;13006.5;1;323;-2.14748e+09;-2.79134e+06;0;0;0;0;0;0;842019824;856578420;58219663
1518;6.22454e-15;-395;1683;14688;13006.5;1;323;-2.14748e+09;-2.78553e+06;0;0;0;0;0;0;842241874;856830131;58293330
1519;6.22454e-15;-395;1683;14688;13006.5;1;323;-2.14748e+09;-2.77973e+06;-1;0;0;0;-1;0;842463454;857081363;58366909
1520;6.22454e-15;-395;1683;14688;13006.5;1;323;-2.14748e+09;-2.77395e+06;-1;0;0;0;-1;0;842684565;857332119;58440400
1521;6.22454e-15;-395;1683;14688;13006.5;1;323;-2.14748e+09;-2.76819e+06;-1;0;0;0;-1;0;842905209;857582397;58513802
1522;6.22454e-15;-396;1683;14688;13006.5;1;323;-2.14748e+09;-2.76244e+06;0;0;0;0;0;0;843125385;857832201;58587115
1523;6.22454e-15;-397;1683;14688;13006.5;1;323;-2.14748e+09;-2.7567e+06;0;0;0;0;0;0;843345096;858081530;58660340
1524;6.22454e-15;-397;1683;14688;13006.5;1;323;-2.14748e+09;-2.75108e+06;-1;0;0;0;-1;0;843564343;858330386;58733477
1525;6.22454e-15;-398;1683;14688;13006.5;1;323;-2.14748e+09;-2.74537e+06;0;0;0;0;0;0;843783127;858578770;58806525
1526;6.22454e-15;-398;1683;14688;13006.5;1;323;-2.14748e+09;-2.73958e+06;-1;0;0;0;-1;0;844001448;858826683;58879485
1527;6.22454e-15;-399;1683;14688;13006.5;1;323;-2.14748e+09;-2.734e+06;0;0;0;0;0;0;844219309;859074126;58952356
1528;6.22454e-15;-400;1683;14688;13006.5;1;323;-2.14748e+09;-2.72823e+06;0;0;0;0;0;0;844436709;859321100;59025138
1529;6.22454e-15;-400;1683;14688;13006.5;1;323;-2.14748e+09;-2.72258e+06;-1;0;0;0;-1;0;844653651;859567605;59097833
1530;6.22454e-15;-400;1683;14688;13006.5;1;323;-2.14748e+09;-2.71694e+06;-1;0;0;0;-1;0;844870135;859813644;59170438
1531;6.22454e-15;-400;1683;14688;13006.5;1;323;-2.14748e+09;-2.71132e+06;-1;0;0;0;-1;0;845086162;860059216;59242955
1532;6.22454e-15;-400;1683;14688;13006.5;1;323;-2.14748e+09;-2.70571e+06;-1;0;0;0;-1;0;845301734;860304324;59315384
1533;6.22454e-15;-400;1683;14688;13006.5;1;323;-2.14748e+09;-2.70011e+06;-1;0;0;0;-1;0;845516852;860548967;59387724
1534;6.22454e-15;-401;1683;14688;13006.5;1;323;-2.14748e+09;-2.69453e+06;0;0;0;0;0;0;845731517;860793147;59459975
1535;6.22454e-15;-401;1683;14688;13006.5;1;323;-2.14748e+09;-2.68906e+06;-1;0;0;0;-1;0;845945729;861036865;59532138
1536;6.22454e-15;-401;1683;14688;13006.5;1;323;-2.14748e+09;-2.68341e+06;-1;0;0;0;-1;0;846159490;861280123;59604213
1537;6.22454e-15;-402;1683;14688;13006.5;1;323;-2.14748e+09;-2.67786e+06;0;0;0;0;0;0;846372801;861522920;59676199
1538;6.22454e-15;-402;1683;14688;13006.5;1;323;-2.14748e+09;-2.67234e+06;-1;0;0;0;-1;0;846585664;861765258;59748096
1539;6.22454e-15;-403;1683;14688;13006.5;1;323;-2.14748e+09;-2.66682e+06;0;0;0;0;0;0;846798078;862007138;59819905
1540;6.22454e-15;-404;1683;14688;13006.5;1;323;-2.14748e+09;-2.66142e+06;0;0;0;0;0;0;847010046;862248560;59891625
1541;6.22454e-15;-404;1683;14688;13006.5;1;323;-2.14748e+09;-2.65584e+06;-1;0;0;0;-1;0;847221568;862489527;59963257
1542;6.22454e-15;-404;1683;14688;13006.5;1;323;-2.14748e+09;-2.65036e+06;-1;0;0;0;-1;0;847432646;862730039;60034800
1543;6.22454e-15;-405;1683;14688;13006.5;1;323;-2.14748e+09;-2.6449e+06;0;0;0;0;0;0;847643280;862970096;60106255
1544;6.22454e-15;-405;1683;14688;13006.5;1;323;-2.14748e+09;-2.63946e+06;-1;0;0;0;-1;0;847853471;863209700;60177621
1545;6.22454e-15;-406;1683;14688;13006.5;1;323;-2.14748e+09;-2.63402e+06;0;0;0;0;0;0;848063221;863448852;60248899
1546;6.22454e-15;-407;1683;14688;13006.5;1;323;-2.14748e+09;-2.6286e+06;0;0;0;0;0;0;848272531;863687553;60320088
1547;6.22454e-15;-407;1683;14688;13006.5;1;323;-2.14748e+09;-2.62319e+06;-1;0;0;0;-1;0;848481402;863925803;60391188
1548;6.22454e-15;-408;1683;14688;13006.5;1;323;-2.14748e+09;-2.6178e+06;0;0;0;0;0;0;848689834;864163604;60462201
1549;6.22454e-15;-409;1683;14688;13006.5;1;323;-2.14748e+09;-2.61242e+06;0;0;0;0;0;0;848897829;864400957;60533124
1550;6.22454e-15;-410;1683;14688;13006.5;1;323;-2.14748e+09;-2.60705e+06;0;0;0;0;0;0;849105388;864637862;60603959
1551;6.22454e-15;-410;1683;14688;13006.5;1;323;-2.14748e+09;-2.6017e+06;-1;0;0;0;-1;0;849312512;864874320;60674706
1552;6.22454e-15;-411;1683;14688;13006.5;1;323;-2.14748e+09;-2.59636e+06;0;0;0;0;0;0;849519202;865110334;60745364
1553;6.22454e-15;-411;1683;14688;13006.5;1;323;-2.14748e+09;-2.59103e+06;-1;0;0;0;-1;0;849725459;865345902;60815934
1554;6.22454e-15;-412;1683;14688;13006.5;1;323;-2.14748e+09;-2.58571e+06;0;0;0;0;0;0;849931284;865581027;60886415
1555;6.22454e-15;-412;1683;14688;13006.5;1;323;-2.14748e+09;-2.58041e+06;-1;0;0;0;-1;0;850136678;865815709;60956808
1556;6.22454e-15;-412;1683;14688;13006.5;1;323;-2.14748e+09;-2.57512e+06;-1;0;0;0;-1;0;850341642;866049950;61027112
1557;6.22454e-15;-413;1683;14688;13006.5;1;323;-2.14748e+09;-2.56984e+06;0;0;0;0;0;0;850546177;866283749;61097328
1558;6.22454e-15;-413;1683;14688;13006.5;1;323;-2.14748e+09;-2.56458e+06;-1;0;0;0;-1;0;850750285;866517109;61167456
1559;6.22454e-15;-413;1683;14688;13006.5;1;323;-2.14748e+09;-2.55942e+06;-1;0;0;0;-1;0;850953965;866750030;61237495
1560;6.22454e-15;-414;1683;14688;13006.5;1;323;-2.14748e+09;-2.55408e+06;0;0;0;0;0;0;851157220;866982513;61307446
1561;6.22454e-15;-415;1683;14688;13006.5;1;323;-2.14748e+09;-2.54886e+06;0;0;0;0;0;0;851360050;867214558;61377308
1562;6.22454e-15;-415;1683;14688;13006.5;1;323;-2.14748e+09;-2.54364e+06;-1;0;0;0;-1;0;851562456;867446168;61447082
1563;6.22454e-15;-416;1683;14688;13006.5;1;323;-2.14748e+09;-2.53844e+06;0;0;0;0;0;0;851764439;867677342;61516768
1564;6.22454e-15;-417;1683;14688;13006.5;1;323;-2.14748e+09;-2.53335e+06;0;0;0;0;0;0;851966001;867908082;61586365
1565;6.22454e-15;-418;1683;14688;13006.5;1;323;-2.14748e+09;-2.52808e+06;0;0;0;0;0;0;852167142;868138388;61655875
1566;6.22454e-15;-419;1683;14688;13006.5;1;323;-2.14748e+09;-2.52291e+06;0;0;0;0;0;0;852367863;868368262;61725295
1567;6.22454e-15;-419;1683;14688;13006.5;1;323;-2.14748e+09;-2.51776e+06;-1;0;0;0;-1;0;852568165;868597705;61794628
1568;6.22454e-15;-419;1683;14688;13006.5;1;323;-2.14748e+09;-2.51262e+06;-1;0;0;0;-1;0;852768049;868826716;61863872
1569;6.22454e-15;-420;1683;14688;13006.5;1;323;-2.14748e+09;-2.5075e+06;0;0;0;0;0;0;852967517;869055298;61933028
1570;6.22454e-15;-420;1683;14688;13006.5;1;323;-2.14748e+09;-2.50238e+06;-1;0;0;0;-1;0;853166569;869283451;62002096
1571;6.22454e-15;-421;1683;14688;13006.5;1;323;-2.14748e+09;-2.49738e+06;0;0;0;0;0;0;853365206;869511176;62071075
1572;6.22454e-15;-422;1683;14688;13006.5;1;323;-2.14748e+09;-2.49219e+06;0;0;0;0;0;0;853563429;869738474;62139967
1573;6.22454e-15;-422;1683;14688;13006.5;1;323;-2.14748e+09;-2.48711e+06;-1;0;0;0;-1;0;853761239;869965346;62208770
1574;6.22454e-15;-422;1683;14688;13006.5;1;323;-2.14748e+09;-2.48214e+06;-1;0;0;0;-1;0;853958637;870191792;62277485
1575;6.22454e-15;-423;1683;14688;13006.5;1;323;-2.14748e+09;-2.47709e+06;0;0;0;0;0;0;854155624;870417814;62346112
1576;6.22454e-15;-424;1683;14688;13006.5;1;323;-2.14748e+09;-2.47195e+06;0;0;0;0;0;0;854352202;870643413;62414651
1577;6.22454e-15;-424;1683;14688;13006.5;1;323;-2.14748e+09;-2.46692e+06;-1;0;0;0;-1;0;854548370;870868589;62483102
1578;6.22454e-15;-425;1683;14688;13006.5;1;323;-2.14748e+09;-2.4619e+06;0;0;0;0;0;0;854744131;871093343;62551465
1579;6.22454e-15;-425;1683;14688;13006.5;1;323;-2.14748e+09;-2.45689e+06;-1;0;0;0;-1;0;854939484;871317676;62619739
1580;6.22454e-15;-425;1683;14688;13006.5;1;323;-2.14748e+09;-2.4519e+06;-1;0;0;0;-1;0;855134431;871541589;62687926
1581;6.22454e-15;-426;1683;14688;13006.5;1;323;-2.14748e+09;-2.44692e+06;0;0;0;0;0;0;855328973;871765084;62756025
1582;6.22454e-15;-426;1683;14688;13006.5;1;323;-2.14748e+09;-2.44204e+06;-1;0;0;0;-1;0;855523111;871988159;62824035
1583;6.22454e-15;-427;1683;14688;13006.5;1;323;-2.14748e+09;-2.43699e+06;0;0;0;0;0;0;855716846;872210818;62891958
1584;6.22454e-15;-427;1683;14688;13006.5;1;323;-2.14748e+09;-2.43204e+06;-1;0;0;0;-1;0;855910178;872433060;62959793
1585;6.22454e-15;-427;1683;14688;13006.5;1;323;-2.14748e+09;-2.4271e+06;-1;0;0;0;-1;0;856103109;872654887;63027540
1586;6.22454e-15;-427;1683;14688;13006.5;1;323;-2.14748e+09;-2.42228e+06;-1;0;0;0;-1;0;856295640;872876298;63095199
1587;6.22454e-15;-428;1683;14688;13006.5;1;323;-2.14748e+09;-2.41727e+06;0;0;0;0;0;0;856487771;873097296;63162771
1588;6.22454e-15;-428;1683;14688;13006.5;1;323;-2.14748e+09;-2.41237e+06;-1;0;0;0;-1;0;856679504;873317881;63230254
1589;6.22454e-15;-429;1683;14688;13006.5;1;323;-2.14748e+09;-2.40758e+06;0;0;0;0;0;0;856870839;873538053;63297650
1590;6.22454e-15;-429;1683;14688;13006.5;1;323;-2.14748e+09;-2.4026e+06;-1;0;0;0;-1;0;857061777;873757814;63364958
1591;6.22454e-15;-429;1683;14688;13006.5;1;323;-2.14748e+09;-2.39774e+06;-1;0;0;0;-1;0;857252320;873977165;63432178
1592;6.22454e-15;-429;1683;14688;13006.5;1;323;-2.14748e+09;-2.39298e+06;-1;0;0;0;-1;0;857442468;874196106;63499311
1593;6.22454e-15;-430;1683;14688;13006.5;1;323;-2.14748e+09;-2.38804e+06;0;0;0;0;0;0;857632222;874414638;63566356
1594;6.22454e-15;-430;1683;14688;13006.5;1;323;-2.14748e+09;-2.38321e+06;-1;0;0;0;-1;0;857821582;874632763;63633313
1595;6.22454e-15;-430;1683;14688;13006.5;1;323;-2.14748e+09;-2.37839e+06;-1;0;0;0;-1;0;858010551;874850480;63700183
1596;6.22454e-15;-430;1683;14688;13006.5;1;323;-2.14748e+09;-2.37358e+06;-1;0;0;0;-1;0;858199129;875067791;63766965
1597;6.22454e-15;-431;1683;14688;13006.5;1;323;-2.14748e+09;-2.36878e+06;0;0;0;0;0;0;858387317;875284696;63833659
1598;6.22454e-15;-431;1683;14688;13006.5;1;323;-2.14748e+09;-2.36399e+06;-1;0;0;0;-1;0;858575115;875501197;63900266
1599;6.22454e-15;-432;1683;14688;13006.5;1;323;-2.14748e+09;-2.35922e+06;0;0;0;0;0;0;858762525;875717295;63966786
1600;6.22454e-15;-432;1683;14688;13006.5;1;323;-2.14748e+09;-2.35445e+06;-1;0;0;0;-1;0;858949548;875932989;64033218
1601;6.22454e-15;-432;1683;14688;13006.5;1;323;-2.14748e+09;-2.3497e+06;-1;0;0;0;-1;0;859136184;876148281;64099563
1602;6.22454e-15;-432;1683;14688;13006.5;1;323;-2.14748e+09;-2.34506e+06;-1;0;0;0;-1;0;859322434;876363172;64165820
1603;6.22454e-15;-433;1683;14688;13006.5;1;323;-2.14748e+09;-2.34023e+06;0;0;0;0;0;0;859508299;876577663;64231990
1604;6.22454e-15;-434;1683;14688;13006.5;1;323;-2.14748e+09;-2.33551e+06;0;0;0;0;0;0;859693781;876791754;64298073
1605;6.22454e-15;-434;1683;14688;13006.5;1;323;-2.14748e+09;-2.3308e+06;-1;0;0;0;-1;0;859878879;877005446;64364069
1606;6.22454e-15;-435;1683;14688;13006.5;1;323;-2.14748e+09;-2.3262e+06;0;0;0;0;0;0;860063596;877218741;64429977
1607;6.22454e-15;-435;1683;14688;13006.5;1;323;-2.14748e+09;-2.32141e+06;-1;0;0;0;-1;0;860247931;877431638;64495798
1608;6.22454e-15;-435;1683;14688;13006.5;1;323;-2.14748e+09;-2.31674e+06;-1;0;0;0;-1;0;860431886;877644139;64561532
1609;6.22454e-15;-435;1683;14688;13006.5;1;323;-2.14748e+09;-2.31207e+06;-1;0;0;0;-1;0;860615461;877856244;64627179
1610;6.22454e-15;-436;1683;14688;13006.5;1;323;-2.14748e+09;-2.30742e+06;0;0;0;0;0;0;860798658;878067955;64692738
1611;6.22454e-15;-437;1683;14688;13006.5;1;323;-2.14748e+09;-2.30287e+06;0;0;0;0;0;0;860981477;878279271;64758211
1612;6.22454e-15;-438;1683;14688;13006.5;1;323;-2.14748e+09;-2.29814e+06;0;0;0;0;0;0;861163920;878490195;64823597
1613;6.22454e-15;-439;1683;14688;13006.5;1;323;-2.14748e+09;-2.29352e+06;0;0;0;0;0;0;861345986;878700726;64888895
1614;6.22454e-15;-440;1683;14688;13006.5;1;323;-2.14748e+09;-2.28891e+06;0;0;0;0;0;0;861527678;878910866;64954107
1615;6.22454e-15;-441;1683;14688;13006.5;1;323;-2.14748e+09;-2.28431e+06;0;0;0;0;0;0;861708995;879120615;65019232
1616;6.22454e-15;-441;1683;14688;13006.5;1;323;-2.14748e+09;-2.27972e+06;-1;0;0;0;-1;0;861889939;879329974;65084270
1617;6.22454e-15;-441;1683;14688;13006.5;1;323;-2.14748e+09;-2.27514e+06;-1;0;0;0;-1;0;862070510;879538945;65149221
1618;6.22454e-15;-441;1683;14688;13006.5;1;323;-2.14748e+09;-2.27057e+06;-1;0;0;0;-1;0;862250710;879747527;65214086
1619;6.22454e-15;-442;1683;14688;13006.5;1;323;-2.14748e+09;-2.26601e+06;0;0;0;0;0;0;862430539;879955721;65278863
1620;6.22454e-15;-442;1683;14688;13006.5;1;323;-2.14748e+09;-2.26146e+06;-1;0;0;0;-1;0;862609998;880163529;65343554
1621;6.22454e-15;-443;1683;14688;13006.5;1;323;-2.14748e+09;-2.25692e+06;0;0;0;0;0;0;862789088;880370950;65408159
1622;6.22454e-15;-444;1683;14688;13006.5;1;323;-2.14748e+09;-2.2525e+06;0;0;0;0;0;0;862967810;880577987;65472676
1623;6.22454e-15;-444;1683;14688;13006.5;1;323;-2.14748e+09;-2.24798e+06;-1;0;0;0;-1;0;863146165;880784639;65537107
1624;6.22454e-15;-445;1683;14688;13006.5;1;323;-2.14748e+09;-2.24337e+06;0;0;0;0;0;0;863324153;880990908;65601452
1625;6.22454e-15;-446;1683;14688;13006.5;1;323;-2.14748e+09;-2.23888e+06;0;0;0;0;0;0;863501775;881196794;65665710
1626;6.22454e-15;-447;1683;14688;13006.5;1;323;-2.14748e+09;-2.23439e+06;0;0;0;0;0;0;863679033;881402298;65729882
1627;6.22454e-15;-448;1683;14688;13006.5;1;323;-2.14748e+09;-2.22992e+06;0;0;0;0;0;0;863855927;881607420;65793967
1628;6.22454e-15;-449;1683;14688;13006.5;1;323;-2.14748e+09;-2.22545e+06;0;0;0;0;0;0;864032457;881812163;65857966
1629;6.22454e-15;-449;1683;14688;13006.5;1;323;-2.14748e+09;-2.221e+06;-1;0;0;0;-1;0;864208625;882016525;65921879
1630;6.22454e-15;-449;1683;14688;13006.5;1;323;-2.14748e+09;-2.21655e+06;-1;0;0;0;-1;0;864384432;882220509;65985705
1631;6.22454e-15;-449;1683;14688;13006.5;1;323;-2.14748e+09;-2.21212e+06;-1;0;0;0;-1;0;864559878;882424114;66049445
1632;6.22454e-15;-450;1683;14688;13006.5;1;323;-2.14748e+09;-2.2077e+06;0;0;0;0;0;0;864734965;882627342;66113099
1633;6.22454e-15;-450;1683;14688;13006.5;1;323;-2.14748e+09;-2.20328e+06;-1;0;0;0;-1;0;864909692;882830193;66176667
1634;6.22454e-15;-450;1683;14688;13006.5;1;323;-2.14748e+09;-2.19888e+06;-1;0;0;0;-1;0;865084062;883032669;66240149
1635;6.22454e-15;-451;1683;14688;13006.5;1;323;-2.14748e+09;-2.19458e+06;0;0;0;0;0;0;865258073;883234769;66303545
1636;6.22454e-15;-451;1683;14688;13006.5;1;323;-2.14748e+09;-2.1901e+06;-1;0;0;0;-1;0;865431729;883436495;66366855
1637;6.22454e-15;-452;1683;14688;13006.5;1;323;-2.14748e+09;-2.18572e+06;0;0;0;0;0;0;865605029;883637848;66430079
1638;6.22454e-15;-453;1683;14688;13006.5;1;323;-2.14748e+09;-2.18136e+06;0;0;0;0;0;0;865777973;883838827;66493217
1639;6.22454e-15;-453;1683;14688;13006.5;1;323;-2.14748e+09;-2.17701e+06;-1;0;0;0;-1;0;865950564;884039435;66556269
1640;6.22454e-15;-454;1683;14688;13006.5;1;323;-2.14748e+09;-2.17276e+06;0;0;0;0;0;0;866122802;884239671;66619235
1641;6.22454e-15;-455;1683;14688;13006.5;1;323;-2.14748e+09;-2.16833e+06;0;0;0;0;0;0;866294687;884439537;66682116
1642;6.22454e-15;-456;1683;14688;13006.5;1;323;-2.14748e+09;-2.1641e+06;0;0;0;0;0;0;866466220;884639033;66744911
1643;6.22454e-15;-456;1683;14688;13006.5;1;323;-2.14748e+09;-2.15979e+06;-1;0;0;0;-1;0;866637403;884838159;66807620
1644;6.22454e-15;-456;1683;14688;13006.5;1;323;-2.14748e+09;-2.15538e+06;-1;0;0;0;-1;0;866808235;885036918;66870243
1645;6.22454e-15;-456;1683;14688;13006.5;1;323;-2.14748e+09;-2.15109e+06;-1;0;0;0;-1;0;866978719;885235308;66932781
1646;6.22454e-15;-457;1683;14688;13006.5;1;323;-2.14748e+09;-2.1468e+06;0;0;0;0;0;0;867148854;885433332;66995234
1647;6.22454e-15;-457;1683;14688;13006.5;1;323;-2.14748e+09;-2.14253e+06;-1;0;0;0;-1;0;867318641;885630990;67057601
1648;6.22454e-15;-457;1683;14688;13006.5;1;323;-2.14748e+09;-2.13826e+06;-1;0;0;0;-1;0;867488081;885828282;67119883
1649;6.22454e-15;-457;1683;14688;13006.5;1;323;-2.14748e+09;-2.13401e+06;-1;0;0;0;-1;0;867657176;886025210;67182079
1650;6.22454e-15;-457;1683;14688;13006.5;1;323;-2.14748e+09;-2.12976e+06;-1;0;0;0;-1;0;867825925;886221773;67244191
1651;6.22454e-15;-458;1683;14688;13006.5;1;323;-2.14748e+09;-2.12552e+06;0;0;0;0;0;0;867994329;886417974;67306216
1652;6.22454e-15;-459;1683;14688;13006.5;1;323;-2.14748e+09;-2.1213e+06;0;0;0;0;0;0;868162390;886613812;67368157
1653;6.22454e-15;-459;1683;14688;13006.5;1;323;-2.14748e+09;-2.11708e+06;-1;0;0;0;-1;0;868330108;886809288;67430013
1654;6.22454e-15;-460;1683;14688;13006.5;1;323;-2.14748e+09;-2.11287e+06;0;0;0;0;0;0;868497484;887004403;67491783
1655;6.22454e-15;-461;1683;14688;13006.5;1;323;-2.14748e+09;-2.10867e+06;0;0;0;0;0;0;868664518;887199158;67553468
1656;6.22454e-15;-462;1683;14688;13006.5;1;323;-2.14748e+09;-2.10448e+06;0;0;0;0;0;0;868831212;887393553;67615069
1657;6.22454e-15;-463;1683;14688;13006.5;1;323;-2.14748e+09;-2.1003e+06;0;0;0;0;0;0;868997566;887587590;67676584
1658;6.22454e-15;-464;1683;14688;13006.5;1;323;-2.14748e+09;-2.09613e+06;0;0;0;0;0;0;869163581;887781268;67738015
1659;6.22454e-15;-464;1683;14688;13006.5;1;323;-2.14748e+09;-2.09197e+06;-1;0;0;0;-1;0;869329258;887974589;67799361
1660;6.22454e-15;-464;1683;14688;13006.5;1;323;-2.14748e+09;-2.08782e+06;-1;0;0;0;-1;0;869494597;888167553;67860622
1661;6.22454e-15;-465;1683;14688;13006.5;1;323;-2.14748e+09;-2.08367e+06;0;0;0;0;0;0;869659599;888360161;67921798
1662;6.22454e-15;-465;1683;14688;13006.5;1;323;-2.14748e+09;-2.07954e+06;-1;0;0;0;-1;0;869824266;888552414;67982890
1663;6.22454e-15;-466;1683;14688;13006.5;1;323;-2.14748e+09;-2.07542e+06;0;0;0;0;0;0;869988597;888744312;68043897
1664;6.22454e-15;-466;1683;14688;13006.5;1;323;-2.14748e+09;-2.0713e+06;-1;0;0;0;-1;0;870152594;888935857;68104820
1665;6.22454e-15;-467;1683;14688;13006.5;1;323;-2.14748e+09;-2.0673e+06;0;0;0;0;0;0;870316257;889127048;68165658
1666;6.22454e-15;-468;1683;14688;13006.5;1;323;-2.14748e+09;-2.0632e+06;0;0;0;0;0;0;870479587;889317886;68226412
1667;6.22454e-15;-469;1683;14688;13006.5;1;323;-2.14748e+09;-2.05901e+06;0;0;0;0;0;0;870642585;889508373;68287081
1668;6.22454e-15;-469;1683;14688;13006.5;1;323;-2.14748e+09;-2.05493e+06;-1;0;0;0;-1;0;870805252;889698509;68347666
1669;6.22454e-15;-469;1683;14688;13006.5;1;323;-2.14748e+09;-2.05086e+06;-1;0;0;0;-1;0;870967588;889888295;68408166
1670;6.22454e-15;-470;1683;14688;13006.5;1;323;-2.14748e+09;-2.0468e+06;0;0;0;0;0;0;871129594;890077730;68468583
1671;6.22454e-15;-471;1683;14688;13006.5;1;323;-2.14748e+09;-2.04275e+06;0;0;0;0;0;0;871291270;890266817;68528915
1672;6.22454e-15;-472;1683;14688;13006.5;1;323;-2.14748e+09;-2.03871e+06;0;0;0;0;0;0;871452619;890455556;68589164
1673;6.22454e-15;-473;1683;14688;13006.5;1;323;-2.14748e+09;-2.03468e+06;0;0;0;0;0;0;871613639;890643946;68649328
1674;6.22454e-15;-474;1683;14688;13006.5;1;323;-2.14748e+09;-2.03066e+06;0;0;0;0;0;0;871774333;890831990;68709408
1675;6.22454e-15;-474;1683;14688;13006.5;1;323;-2.14748e+09;-2.02664e+06;-1;0;0;0;-1;0;871934700;891019688;68769404
1676;6.22454e-15;-474;1683;14688;13006.5;1;323;-2.14748e+09;-2.02263e+06;-1;0;0;0;-1;0;872094742;891207040;68829317
1677;6.22454e-15;-475;1683;14688;13006.5;1;323;-2.14748e+09;-2.01874e+06;0;0;0;0;0;0;872254459;891394048;68889146
1678;6.22454e-15;-475;1683;14688;13006.5;1;323;-2.14748e+09;-2.01465e+06;-1;0;0;0;-1;0;872413852;891580711;68948891
1679;6.22454e-15;-476;1683;14688;13006.5;1;323;-2.14748e+09;-2.01067e+06;0;0;0;0;0;0;872572921;891767030;69008552
1680;6.22454e-15;-477;1683;14688;13006.5;1;323;-2.14748e+09;-2.0068e+06;0;0;0;0;0;0;872731668;891953007;69068130
1681;6.22454e-15;-478;1683;14688;13006.5;1;323;-2.14748e+09;-2.00274e+06;0;0;0;0;0;0;872890094;892138642;69127624
1682;6.22454e-15;-479;1683;14688;13006.5;1;323;-2.14748e+09;-1.99878e+06;0;0;0;0;0;0;873048198;892323935;69187034
1683;6.22454e-15;-479;1683;14688;13006.5;1;323;-2.14748e+09;-1.99484e+06;-1;0;0;0;-1;0;873205981;892508887;69246361
1684;6.22454e-15;-480;1683;14688;13006.5;1;323;-2.14748e+09;-1.9909e+06;0;0;0;0;0;0;873363445;892693500;69305605
1685;6.22454e-15;-481;1683;14688;13006.5;1;323;-2.14748e+09;-1.98698e+06;0;0;0;0;0;0;873520590;892877772;69364766
1686;6.22454e-15;-481;1683;14688;13006.5;1;323;-2.14748e+09;-1.98306e+06;-1;0;0;0;-1;0;873677417;893061707;69423843
1687;6.22454e-15;-482;1683;14688;13006.5;1;323;-2.14748e+09;-1.97915e+06;0;0;0;0;0;0;873833926;893245302;69482837
1688;6.22454e-15;-483;1683;14688;13006.5;1;323;-2.14748e+09;-1.97525e+06;0;0;0;0;0;0;873990118;893428561;69541748
1689;6.22454e-15;-484;1683;14688;13006.5;1;323;-2.14748e+09;-1.97136e+06;0;0;0;0;0;0;874145995;893611483;69600576
1690;6.22454e-15;-485;1683;14688;13006.5;1;323;-2.14748e+09;-1.96747e+06;0;0;0;0;0;0;874301555;893794068;69659321
1691;6.22454e-15;-486;1683;14688;13006.5;1;323;-2.14748e+09;-1.9636e+06;0;0;0;0;0;0;874456801;893976318;69717983
1692;6.22454e-15;-487;1683;14688;13006.5;1;323;-2.14748e+09;-1.95973e+06;0;0;0;0;0;0;874611733;894158234;69776562
1693;6.22454e-15;-488;1683;14688;13006.5;1;323;-2.14748e+09;-1.95588e+06;0;0;0;0;0;0;874766352;894339815;69835058
1694;6.22454e-15;-489;1683;14688;13006.5;1;323;-2.14748e+09;-1.95213e+06;0;0;0;0;0;0;874920658;894521063;69893471
1695;6.22454e-15;-490;1683;14688;13006.5;1;323;-2.14748e+09;-1.94829e+06;0;0;0;0;0;0;875074652;894701978;69951802
1696;6.22454e-15;-491;1683;14688;13006.5;1;323;-2.14748e+09;-1.94435e+06;0;0;0;0;0;0;875228335;894882560;70010050
1697;6.22454e-15;-492;1683;14688;13006.5;1;323;-2.14748e+09;-1.94053e+06;0;0;0;0;0;0;875381708;895062812;70068216
1698;6.22454e-15;-492;1683;14688;13006.5;1;323;-2.14748e+09;-1.93671e+06;-1;0;0;0;-1;0;875534770;895242732;70126299
1699;6.22454e-15;-493;1683;14688;13006.5;1;323;-2.14748e+09;-1.9329e+06;0;0;0;0;0;0;875687524;895422322;70184300
1700;6.22454e-15;-493;1683;14688;13006.5;1;323;-2.14748e+09;-1.92911e+06;-1;0;0;0;-1;0;875839969;895601583;70242218
1701;6.22454e-15;-493;1683;14688;13006.5;1;323;-2.14748e+09;-1.92532e+06;-1;0;0;0;-1;0;875992106;895780514;70300054
1702;6.22454e-15;-494;1683;14688;13006.5;1;323;-2.14748e+09;-1.92153e+06;0;0;0;0;0;0;876143936;895959118;70357808
1703;6.22454e-15;-494;1683;14688;13006.5;1;323;-2.14748e+09;-1.91786e+06;-1;0;0;0;-1;0;876295460;896137394;70415479
1704;6.22454e-15;-495;1683;14688;13006.5;1;323;-2.14748e+09;-1.91409e+06;0;0;0;0;0;0;876446678;896315342;70473069
1705;6.22454e-15;-495;1683;14688;13006.5;1;323;-2.14748e+09;-1.91024e+06;-1;0;0;0;-1;0;876597591;896492965;70530576
1706;6.22454e-15;-495;1683;14688;13006.5;1;323;-2.14748e+09;-1.90649e+06;-1;0;0;0;-1;0;876748200;896670261;70588001
1707;6.22454e-15;-496;1683;14688;13006.5;1;323;-2.14748e+09;-1.90275e+06;0;0;0;0;0;0;876898505;896847233;70645345
1708;6.22454e-15;-497;1683;14688;13006.5;1;323;-2.14748e+09;-1.89901e+06;0;0;0;0;0;0;877048507;897023880;70702607
1709;6.22454e-15;-497;1683;14688;13006.5;1;323;-2.14748e+09;-1.89529e+06;-1;0;0;0;-1;0;877198207;897200203;70759787
1710;6.22454e-15;-498;1683;14688;13006.5;1;323;-2.14748e+09;-1.89157e+06;0;0;0;0;0;0;877347605;897376203;70816885
1711;6.22454e-15;-498;1683;14688;13006.5;1;323;-2.14748e+09;-1.88786e+06;-1;0;0;0;-1;0;877496702;897551881;70873901
1712;6.22454e-15;-498;1683;14688;13006.5;1;323;-2.14748e+09;-1.88426e+06;-1;0;0;0;-1;0;877645499;897727237;70930836
1713;6.22454e-15;-499;1683;14688;13006.5;1;323;-2.14748e+09;-1.88047e+06;0;0;0;0;0;0;877793996;897902271;70987690
1714;6.22454e-15;-500;1683;14688;13006.5;1;323;-2.14748e+09;-1.87679e+06;0;0;0;0;0;0;877942194;898076985;71044462
1715;6.22454e-15;-501;1683;14688;13006.5;1;323;-2.14748e+09;-1.87311e+06;0;0;0;0;0;0;878090094;898251379;71101152
1716;6.22454e-15;-501;1683;14688;13006.5;1;323;-2.14748e+09;-1.86944e+06;-1;0;0;0;-1;0;878237696;898425453;71157761
1717;6.22454e-15;-502;1683;14688;13006.5;1;323;-2.14748e+09;-1.86578e+06;0;0;0;0;0;0;878385001;898599208;71214289
1718;6.22454e-15;-503;1683;14688;13006.5;1;323;-2.14748e+09;-1.86213e+06;0;0;0;0;0;0;878532010;898772645;71270736
1719;6.22454e-15;-503;1683;14688;13006.5;1;323;-2.14748e+09;-1.85848e+06;-1;0;0;0;-1;0;878678723;898945765;71327102
1720;6.22454e-15;-503;1683;14688;13006.5;1;323;-2.14748e+09;-1.85485e+06;-1;0;0;0;-1;0;878825141;899118568;71383387
1721;6.22454e-15;-504;1683;14688;13006.5;1;323;-2.14748e+09;-1.85122e+06;0;0;0;0;0;0;878971265;899291054;71439591
1722;6.22454e-15;-505;1683;14688;13006.5;1;323;-2.14748e+09;-1.8476e+06;0;0;0;0;0;0;879117095;899463225;71495713
1723;6.22454e-15;-506;1683;14688;13006.5;1;323;-2.14748e+09;-1.84399e+06;0;0;0;0;0;0;879262632;899635080;71551755
1724;6.22454e-15;-507;1683;14688;13006.5;1;323;-2.14748e+09;-1.84038e+06;0;0;0;0;0;0;879407876;899806622;71607717
1725;6.22454e-15;-507;1683;14688;13006.5;1;323;-2.14748e+09;-1.83678e+06;-1;0;0;0;-1;0;879552829;899977849;71663597
1726;6.22454e-15;-508;1683;14688;13006.5;1;323;-2.14748e+09;-1.83319e+06;0;0;0;0;0;0;879697490;900148763;71719397
1727;6.22454e-15;-509;1683;14688;13006.5;1;323;-2.14748e+09;-1.82961e+06;0;0;0;0;0;0;879841861;900319364;71775117
1728;6.22454e-15;-510;1683;14688;13006.5;1;323;-2.14748e+09;-1.82614e+06;0;0;0;0;0;0;879985943;900489653;71830755
1729;6.22454e-15;-511;1683;14688;13006.5;1;323;-2.14748e+09;-1.82247e+06;0;0;0;0;0;0;880129735;900659631;71886314
1730;6.22454e-15;-512;1683;14688;13006.5;1;323;-2.14748e+09;-1.81901e+06;0;0;0;0;0;0;880273238;900829298;71941792
1731;6.22454e-15;-513;1683;14688;13006.5;1;323;-2.14748e+09;-1.81546e+06;0;0;0;0;0;0;880416454;900998655;71997190
1732;6.22454e-15;-513;1683;14688;13006.5;1;323;-2.14748e+09;-1.81182e+06;-1;0;0;0;-1;0;880559382;901167702;72052508
1733;6.22454e-15;-514;1683;14688;13006.5;1;323;-2.14748e+09;-1.80828e+06;0;0;0;0;0;0;880702023;901336440;72107745
1734;6.22454e-15;-515;1683;14688;13006.5;1;323;-2.14748e+09;-1.80476e+06;0;0;0;0;0;0;880844379;901504870;72162902
1735;6.22454e-15;-515;1683;14688;13006.5;1;323;-2.14748e+09;-1.80123e+06;-1;0;0;0;-1;0;880986449;901672992;72217980
1736;6.22454e-15;-516;1683;14688;13006.5;1;323;-2.14748e+09;-1.79772e+06;0;0;0;0;0;0;881128234;901840806;72272977
1737;6.22454e-15;-517;1683;14688;13006.5;1;323;-2.14748e+09;-1.79422e+06;0;0;0;0;0;0;881269735;902008314;72327895
1738;6.22454e-15;-518;1683;14688;13006.5;1;323;-2.14748e+09;-1.79072e+06;0;0;0;0;0;0;881410953;902175516;72382733
1739;6.22454e-15;-518;1683;14688;13006.5;1;323;-2.14748e+09;-1.78723e+06;-1;0;0;0;-1;0;881551887;902342412;72437491
1740;6.22454e-15;-519;1683;14688;13006.5;1;323;-2.14748e+09;-1.78375e+06;0;0;0;0;0;0;881692540;902509004;72492170
1741;6.22454e-15;-520;1683;14688;13006.5;1;323;-2.14748e+09;-1.78027e+06;0;0;0;0;0;0;881832910;902675291;72546769
1742;6.22454e-15;-520;1683;14688;13006.5;1;323;-2.14748e+09;-1.7768e+06;-1;0;0;0;-1;0;881973000;902841274;72601288
1743;6.22454e-15;-521;1683;14688;13006.5;1;323;-2.14748e+09;-1.77334e+06;0;0;0;0;0;0;882112809;903006954;72655728
1744;6.22454e-15;-522;1683;14688;13006.5;1;323;-2.14748e+09;-1.76989e+06;0;0;0;0;0;0;882252339;903172332;72710089
1745;6.22454e-15;-523;1683;14688;13006.5;1;323;-2.14748e+09;-1.76644e+06;0;0;0;0;0;0;882391589;903337408;72764370
1746;6.22454e-15;-524;1683;14688;13006.5;1;323;-2.14748e+09;-1.76301e+06;0;0;0;0;0;0;882530560;903502182;72818573
1747;6.22454e-15;-525;1683;14688;13006.5;1;323;-2.14748e+09;-1.75958e+06;0;0;0;0;0;0;882669254;903666656;72872696
1748;6.22454e-15;-525;1683;14688;13006.5;1;323;-2.14748e+09;-1.75615e+06;-1;0;0;0;-1;0;882807670;903830829;72926740
1749;6.22454e-15;-525;1683;14688;13006.5;1;323;-2.14748e+09;-1.75274e+06;-1;0;0;0;-1;0;882945809;903994703;72980705
1750;6.22454e-15;-526;1683;14688;13006.5;1;323;-2.14748e+09;-1.74943e+06;0;0;0;0;0;0;883083673;904158278;73034591
1751;6.22454e-15;-527;1683;14688;13006.5;1;323;-2.14748e+09;-1.74593e+06;0;0;0;0;0;0;883221260;904321554;73088398
1752;6.22454e-15;-527;1683;14688;13006.5;1;323;-2.14748e+09;-1.74263e+06;-1;0;0;0;-1;0;883358573;904484532;73142127
1753;6.22454e-15;-528;1683;14688;13006.5;1;323;-2.14748e+09;-1.73914e+06;0;0;0;0;0;0;883495611;904647213;73195777
1754;6.22454e-15;-529;1683;14688;13006.5;1;323;-2.14748e+09;-1.73576e+06;0;0;0;0;0;0;883632376;904809597;73249348
1755;6.22454e-15;-530;1683;14688;13006.5;1;323;-2.14748e+09;-1.73249e+06;0;0;0;0;0;0;883768867;904971685;73302841
1756;6.22454e-15;-530;1683;14688;13006.5;1;323;-2.14748e+09;-1.72903e+06;-1;0;0;0;-1;0;883905086;905133478;73356255
1757;6.22454e-15;-530;1683;14688;13006.5;1;323;-2.14748e+09;-1.72567e+06;-1;0;0;0;-1;0;884041033;905294975;73409591
1758;6.22454e-15;-531;1683;14688;13006.5;1;323;-2.14748e+09;-1.72232e+06;0;0;0;0;0;0;884176709;905456178;73462848
1759;6.22454e-15;-532;1683;14688;13006.5;1;323;-2.14748e+09;-1.71898e+06;0;0;0;0;0;0;884312113;905617087;73516028
1760;6.22454e-15;-533;1683;14688;13006.5;1;323;-2.14748e+09;-1.71564e+06;0;0;0;0;0;0;884447248;905777702;73569129
1761;6.22454e-15;-534;1683;14688;13006.5;1;323;-2.14748e+09;-1.71231e+06;0;0;0;0;0;0;884582113;905938025;73622152
1762;6.22454e-15;-535;1683;14688;13006.5;1;323;-2.14748e+09;-1.70899e+06;0;0;0;0;0;0;884716709;906098055;73675097
1763;6.22454e-15;-535;1683;14688;13006.5;1;323;-2.14748e+09;-1.70567e+06;-1;0;0;0;-1;0;884851036;906257794;73727964
1764;6.22454e-15;-536;1683;14688;13006.5;1;323;-2.14748e+09;-1.70236e+06;0;0;0;0;0;0;884985096;906417242;73780753
1765;6.22454e-15;-536;1683;14688;13006.5;1;323;-2.14748e+09;-1.69906e+06;-1;0;0;0;-1;0;885118888;906576399;73833464
1766;6.22454e-15;-536;1683;14688;13006.5;1;323;-2.14748e+09;-1.69577e+06;-1;0;0;0;-1;0;885252414;906735266;73886098
1767;6.22454e-15;-536;1683;14688;13006.5;1;323;-2.14748e+09;-1.69248e+06;-1;0;0;0;-1;0;885385674;906893843;73938654
1768;6.22454e-15;-537;1683;14688;13006.5;1;323;-2.14748e+09;-1.6892e+06;0;0;0;0;0;0;885518668;907052132;73991132
1769;6.22454e-15;-538;1683;14688;13006.5;1;323;-2.14748e+09;-1.68592e+06;0;0;0;0;0;0;885651397;907210132;74043533
1770;6.22454e-15;-538;1683;14688;13006.5;1;323;-2.14748e+09;-1.68266e+06;-1;0;0;0;-1;0;885783862;907367845;74095856
1771;6.22454e-15;-538;1683;14688;13006.5;1;323;-2.14748e+09;-1.6794e+06;-1;0;0;0;-1;0;885916063;907525270;74148102
1772;6.22454e-15;-538;1683;14688;13006.5;1;323;-2.14748e+09;-1.67615e+06;-1;0;0;0;-1;0;886048000;907682408;74200271
1773;6.22454e-15;-538;1683;14688;13006.5;1;323;-2.14748e+09;-1.6729e+06;-1;0;0;0;-1;0;886179675;907839261;74252363
1774;6.22454e-15;-538;1683;14688;13006.5;1;323;-2.14748e+09;-1.66966e+06;-1;0;0;0;-1;0;886311088;907995827;74304377
1775;6.22454e-15;-538;1683;14688;13006.5;1;323;-2.14748e+09;-1.66643e+06;-1;0;0;0;-1;0;886442240;908152109;74356315
1776;6.22454e-15;-538;1683;14688;13006.5;1;323;-2.14748e+09;-1.6632e+06;-1;0;0;0;-1;0;886573131;908308106;74408175
1777;6.22454e-15;-538;1683;14688;13006.5;1;323;-2.14748e+09;-1.65999e+06;-1;0;0;0;-1;0;886703761;908463819;74459959
1778;6.22454e-15;-538;1683;14688;13006.5;1;323;-2.14748e+09;-1.65677e+06;-1;0;0;0;-1;0;886834131;908619249;74511666
1779;6.22454e-15;-539;1683;14688;13006.5;1;323;-2.14748e+09;-1.65357e+06;0;0;0;0;0;0;886964242;908774396;74563296
1780;6.22454e-15;-540;1683;14688;13006.5;1;323;-2.14748e+09;-1.65037e+06;0;0;0;0;0;0;887094095;908929260;74614849
1781;6.22454e-15;-541;1683;14688;13006.5;1;323;-2.14748e+09;-1.64728e+06;0;0;0;0;0;0;887223689;909083843;74666326
1782;6.22454e-15;-541;1683;14688;13006.5;1;323;-2.14748e+09;-1.644e+06;-1;0;0;0;-1;0;887353026;909238144;74717727
1783;6.22454e-15;-541;1683;14688;13006.5;1;323;-2.14748e+09;-1.64082e+06;-1;0;0;0;-1;0;887482105;909392165;74769050
1784;6.22454e-15;-542;1683;14688;13006.5;1;323;-2.14748e+09;-1.63765e+06;0;0;0;0;0;0;887610928;909545905;74820298
1785;6.22454e-15;-543;1683;14688;13006.5;1;323;-2.14748e+09;-1.63458e+06;0;0;0;0;0;0;887739496;909699366;74871469
1786;6.22454e-15;-544;1683;14688;13006.5;1;323;-2.14748e+09;-1.63132e+06;0;0;0;0;0;0;887867808;909852547;74922564
1787;6.22454e-15;-545;1683;14688;13006.5;1;323;-2.14748e+09;-1.62817e+06;0;0;0;0;0;0;887995865;910005450;74973583
1788;6.22454e-15;-546;1683;14688;13006.5;1;323;-2.14748e+09;-1.62503e+06;0;0;0;0;0;0;888123668;910158075;75024526
1789;6.22454e-15;-547;1683;14688;13006.5;1;323;-2.14748e+09;-1.62189e+06;0;0;0;0;0;0;888251217;910310422;75075393
1790;6.22454e-15;-548;1683;14688;13006.5;1;323;-2.14748e+09;-1.61876e+06;0;0;0;0;0;0;888378513;910462493;75126184
1791;6.22454e-15;-548;1683;14688;13006.5;1;323;-2.14748e+09;-1.61563e+06;-1;0;0;0;-1;0;888505557;910614286;75176899
1792;6.22454e-15;-549;1683;14688;13006.5;1;323;-2.14748e+09;-1.61252e+06;0;0;0;0;0;0;888632348;910765804;75227539
1793;6.22454e-15;-550;1683;14688;13006.5;1;323;-2.14748e+09;-1.6094e+06;0;0;0;0;0;0;888758888;910917046;75278102
1794;6.22454e-15;-550;1683;14688;13006.5;1;323;-2.14748e+09;-1.6063e+06;-1;0;0;0;-1;0;888885177;911068013;75328591
1795;6.22454e-15;-550;1683;14688;13006.5;1;323;-2.14748e+09;-1.6032e+06;-1;0;0;0;-1;0;889011215;911218706;75379003
1796;6.22454e-15;-551;1683;14688;13006.5;1;323;-2.14748e+09;-1.60011e+06;0;0;0;0;0;0;889137004;911369125;75429341
1797;6.22454e-15;-551;1683;14688;13006.5;1;323;-2.14748e+09;-1.59702e+06;-1;0;0;0;-1;0;889262543;911519271;75479603
1798;6.22454e-15;-552;1683;14688;13006.5;1;323;-2.14748e+09;-1.59394e+06;0;0;0;0;0;0;889387833;911669144;75529789
1799;6.22454e-15;-552;1683;14688;13006.5;1;323;-2.14748e+09;-1.59087e+06;-1;0;0;0;-1;0;889512875;911818744;75579901
1800;6.22454e-15;-552;1683;14688;13006.5;1;323;-2.14748e+09;-1.5879e+06;-1;0;0;0;-1;0;889637670;911968073;75629937
1801;6.22454e-15;-553;1683;14688;13006.5;1;323;-2.14748e+09;-1.58474e+06;0;0;0;0;0;0;889762217;912117130;75679899
1802;6.22454e-15;-553;1683;14688;13006.5;1;323;-2.14748e+09;-1.58179e+06;-1;0;0;0;-1;0;889886517;912265916;75729785
1803;6.22454e-15;-553;1683;14688;13006.5;1;323;-2.14748e+09;-1.57874e+06;-1;0;0;0;-1;0;890010572;912414433;75779597
1804;6.22454e-15;-553;1683;14688;13006.5;1;323;-2.14748e+09;-1.5757e+06;-1;0;0;0;-1;0;890134380;912562679;75829333
1805;6.22454e-15;-554;1683;14688;13006.5;1;323;-2.14748e+09;-1.57257e+06;0;0;0;0;0;0;890257944;912710656;75878996
1806;6.22454e-15;-555;1683;14688;13006.5;1;323;-2.14748e+09;-1.56954e+06;0;0;0;0;0;0;890381263;912858364;75928583
1807;6.22454e-15;-555;1683;14688;13006.5;1;323;-2.14748e+09;-1.56652e+06;-1;0;0;0;-1;0;890504338;913005805;75978096
1808;6.22454e-15;-556;1683;14688;13006.5;1;323;-2.14748e+09;-1.5635e+06;0;0;0;0;0;0;890627169;913152977;76027534
1809;6.22454e-15;-556;1683;14688;13006.5;1;323;-2.14748e+09;-1.56049e+06;-1;0;0;0;-1;0;890749757;913299882;76076898
1810;6.22454e-15;-557;1683;14688;13006.5;1;323;-2.14748e+09;-1.55749e+06;0;0;0;0;0;0;890872103;913446520;76126188
1811;6.22454e-15;-558;1683;14688;13006.5;1;323;-2.14748e+09;-1.55449e+06;0;0;0;0;0;0;890994207;913592893;76175403
1812;6.22454e-15;-559;1683;14688;13006.5;1;323;-2.14748e+09;-1.5515e+06;0;0;0;0;0;0;891116070;913738999;76224544
1813;6.22454e-15;-559;1683;14688;13006.5;1;323;-2.14748e+09;-1.54852e+06;-1;0;0;0;-1;0;891237691;913884840;76273611
1814;6.22454e-15;-560;1683;14688;13006.5;1;323;-2.14748e+09;-1.54554e+06;0;0;0;0;0;0;891359072;914030417;76322605
1815;6.22454e-15;-561;1683;14688;13006.5;1;323;-2.14748e+09;-1.54257e+06;0;0;0;0;0;0;891480214;914175729;76371524
1816;6.22454e-15;-562;1683;14688;13006.5;1;323;-2.14748e+09;-1.5396e+06;0;0;0;0;0;0;891601116;914320777;76420369
1817;6.22454e-15;-562;1683;14688;13006.5;1;323;-2.14748e+09;-1.53664e+06;-1;0;0;0;-1;0;891721779;914465563;76469141
1818;6.22454e-15;-563;1683;14688;13006.5;1;323;-2.14748e+09;-1.53369e+06;0;0;0;0;0;0;891842203;914610085;76517839
1819;6.22454e-15;-564;1683;14688;13006.5;1;323;-2.14748e+09;-1.53074e+06;0;0;0;0;0;0;891962390;914754346;76566463
1820;6.22454e-15;-565;1683;14688;13006.5;1;323;-2.14748e+09;-1.5278e+06;0;0;0;0;0;0;892082340;914898344;76615014
1821;6.22454e-15;-565;1683;14688;13006.5;1;323;-2.14748e+09;-1.52487e+06;-1;0;0;0;-1;0;892202052;915042082;76663491
1822;6.22454e-15;-565;1683;14688;13006.5;1;323;-2.14748e+09;-1.52194e+06;-1;0;0;0;-1;0;892321529;915185558;76711895
1823;6.22454e-15;-566;1683;14688;13006.5;1;323;-2.14748e+09;-1.51902e+06;0;0;0;0;0;0;892440769;915328774;76760226
1824;6.22454e-15;-567;1683;14688;13006.5;1;323;-2.14748e+09;-1.5161e+06;0;0;0;0;0;0;892559774;915471731;76808483
1825;6.22454e-15;-568;1683;14688;13006.5;1;323;-2.14748e+09;-1.51319e+06;0;0;0;0;0;0;892678544;915614428;76856668
1826;6.22454e-15;-568;1683;14688;13006.5;1;323;-2.14748e+09;-1.51028e+06;-1;0;0;0;-1;0;892797080;915756867;76904779
1827;6.22454e-15;-569;1683;14688;13006.5;1;323;-2.14748e+09;-1.50738e+06;0;0;0;0;0;0;892915383;915899047;76952817
1828;6.22454e-15;-569;1683;14688;13006.5;1;323;-2.14748e+09;-1.50449e+06;-1;0;0;0;-1;0;893033451;916040969;77000783
1829;6.22454e-15;-569;1683;14688;13006.5;1;323;-2.14748e+09;-1.5016e+06;-1;0;0;0;-1;0;893151287;916182634;77048675
1830;6.22454e-15;-569;1683;14688;13006.5;1;323;-2.14748e+09;-1.49872e+06;-1;0;0;0;-1;0;893268891;916324042;77096495
1831;6.22454e-15;-569;1683;14688;13006.5;1;323;-2.14748e+09;-1.49585e+06;-1;0;0;0;-1;0;893386263;916465194;77144243
1832;6.22454e-15;-570;1683;14688;13006.5;1;323;-2.14748e+09;-1.49298e+06;0;0;0;0;0;0;893503404;916606090;77191917
1833;6.22454e-15;-571;1683;14688;13006.5;1;323;-2.14748e+09;-1.49022e+06;0;0;0;0;0;0;893620313;916746730;77239520
1834;6.22454e-15;-572;1683;14688;13006.5;1;323;-2.14748e+09;-1.48726e+06;0;0;0;0;0;0;893736993;916887115;77287049
1835;6.22454e-15;-573;1683;14688;13006.5;1;323;-2.14748e+09;-1.48441e+06;0;0;0;0;0;0;893853442;917027246;77334507
1836;6.22454e-15;-574;1683;14688;13006.5;1;323;-2.14748e+09;-1.48156e+06;0;0;0;0;0;0;893969662;917167123;77381892
1837;6.22454e-15;-574;1683;14688;13006.5;1;323;-2.14748e+09;-1.47872e+06;-1;0;0;0;-1;0;894085653;917306747;77429205
1838;6.22454e-15;-575;1683;14688;13006.5;1;323;-2.14748e+09;-1.47589e+06;0;0;0;0;0;0;894201416;917446117;77476446
1839;6.22454e-15;-576;1683;14688;13006.5;1;323;-2.14748e+09;-1.47306e+06;0;0;0;0;0;0;894316951;917585235;77523615
1840;6.22454e-15;-577;1683;14688;13006.5;1;323;-2.14748e+09;-1.47024e+06;0;0;0;0;0;0;894432259;917724101;77570712
1841;6.22454e-15;-578;1683;14688;13006.5;1;323;-2.14748e+09;-1.46742e+06;0;0;0;0;0;0;894547339;917862715;77617738
1842;6.22454e-15;-578;1683;14688;13006.5;1;323;-2.14748e+09;-1.46462e+06;-1;0;0;0;-1;0;894662193;918001078;77664691
1843;6.22454e-15;-579;1683;14688;13006.5;1;323;-2.14748e+09;-1.46181e+06;0;0;0;0;0;0;894776821;918139190;77711573
1844;6.22454e-15;-579;1683;14688;13006.5;1;323;-2.14748e+09;-1.45901e+06;-1;0;0;0;-1;0;894891224;918277053;77758383
1845;6.22454e-15;-580;1683;14688;13006.5;1;323;-2.14748e+09;-1.45622e+06;0;0;0;0;0;0;895005402;918414665;77805122
1846;6.22454e-15;-581;1683;14688;13006.5;1;323;-2.14748e+09;-1.45343e+06;0;0;0;0;0;0;895119355;918552028;77851789
1847;6.22454e-15;-581;1683;14688;13006.5;1;323;-2.14748e+09;-1.45075e+06;-1;0;0;0;-1;0;895233084;918689143;77898385
1848;6.22454e-15;-581;1683;14688;13006.5;1;323;-2.14748e+09;-1.44788e+06;-1;0;0;0;-1;0;895346589;918826009;77944910
1849;6.22454e-15;-582;1683;14688;13006.5;1;323;-2.14748e+09;-1.4451e+06;0;0;0;0;0;0;895459871;918962627;77991363
1850;6.22454e-15;-582;1683;14688;13006.5;1;323;-2.14748e+09;-1.44234e+06;-1;0;0;0;-1;0;895572931;919098998;78037746
1851;6.22454e-15;-583;1683;14688;13006.5;1;323;-2.14748e+09;-1.43958e+06;0;0;0;0;0;0;895685768;919235121;78084057
1852;6.22454e-15;-583;1683;14688;13006.5;1;323;-2.14748e+09;-1.43683e+06;-1;0;0;0;-1;0;895798384;919370999;78130297
1853;6.22454e-15;-583;1683;14688;13006.5;1;323;-2.14748e+09;-1.43408e+06;-1;0;0;0;-1;0;895910778;919506630;78176467
1854;6.22454e-15;-583;1683;14688;13006.5;1;323;-2.14748e+09;-1.43134e+06;-1;0;0;0;-1;0;896022952;919642016;78222566
1855;6.22454e-15;-583;1683;14688;13006.5;1;323;-2.14748e+09;-1.4286e+06;-1;0;0;0;-1;0;896134905;919777157;78268594
1856;6.22454e-15;-583;1683;14688;13006.5;1;323;-2.14748e+09;-1.42587e+06;-1;0;0;0;-1;0;896246639;919912053;78314551
1857;6.22454e-15;-583;1683;14688;13006.5;1;323;-2.14748e+09;-1.42315e+06;-1;0;0;0;-1;0;896358153;920046704;78360438
1858;6.22454e-15;-583;1683;14688;13006.5;1;323;-2.14748e+09;-1.42043e+06;-1;0;0;0;-1;0;896469448;920181113;78406254
1859;6.22454e-15;-583;1683;14688;13006.5;1;323;-2.14748e+09;-1.41771e+06;-1;0;0;0;-1;0;896580525;920315277;78452000
1860;6.22454e-15;-584;1683;14688;13006.5;1;323;-2.14748e+09;-1.41501e+06;0;0;0;0;0;0;896691384;920449199;78497676
1861;6.22454e-15;-585;1683;14688;13006.5;1;323;-2.14748e+09;-1.4123e+06;0;0;0;0;0;0;896802025;920582879;78543282
1862;6.22454e-15;-585;1683;14688;13006.5;1;323;-2.14748e+09;-1.40961e+06;-1;0;0;0;-1;0;896912449;920716317;78588817
1863;6.22454e-15;-585;1683;14688;13006.5;1;323;-2.14748e+09;-1.40691e+06;-1;0;0;0;-1;0;897022657;920849513;78634282
1864;6.22454e-15;-586;1683;14688;13006.5;1;323;-2.14748e+09;-1.40423e+06;0;0;0;0;0;0;897132648;920982468;78679678
1865;6.22454e-15;-587;1683;14688;13006.5;1;323;-2.14748e+09;-1.40155e+06;0;0;0;0;0;0;897242424;921115183;78725003
1866;6.22454e-15;-588;1683;14688;13006.5;1;323;-2.14748e+09;-1.39887e+06;0;0;0;0;0;0;897351984;921247657;78770259
1867;6.22454e-15;-589;1683;14688;13006.5;1;323;-2.14748e+09;-1.3962e+06;0;0;0;0;0;0;897461330;921379892;78815445
1868;6.22454e-15;-589;1683;14688;13006.5;1;323;-2.14748e+09;-1.39354e+06;-1;0;0;0;-1;0;897570461;921511888;78860561
1869;6.22454e-15;-589;1683;14688;13006.5;1;323;-2.14748e+09;-1.39088e+06;-1;0;0;0;-1;0;897679379;921643645;78905608
1870;6.22454e-15;-590;1683;14688;13006.5;1;323;-2.14748e+09;-1.38823e+06;0;0;0;0;0;0;897788083;921775163;78950585
1871;6.22454e-15;-590;1683;14688;13006.5;1;323;-2.14748e+09;-1.38558e+06;-1;0;0;0;-1;0;897896574;921906444;78995493
1872;6.22454e-15;-590;1683;14688;13006.5;1;323;-2.14748e+09;-1.38294e+06;-1;0;0;0;-1;0;898004853;922037487;79040331
1873;6.22454e-15;-591;1683;14688;13006.5;1;323;-2.14748e+09;-1.3803e+06;0;0;0;0;0;0;898112919;922168293;79085101
1874;6.22454e-15;-591;1683;14688;13006.5;1;323;-2.14748e+09;-1.37767e+06;-1;0;0;0;-1;0;898220774;922298863;79129801
1875;6.22454e-15;-592;1683;14688;13006.5;1;323;-2.14748e+09;-1.37504e+06;0;0;0;0;0;0;898328418;922429197;79174432
1876;6.22454e-15;-593;1683;14688;13006.5;1;323;-2.14748e+09;-1.37242e+06;0;0;0;0;0;0;898435850;922559294;79218994
1877;6.22454e-15;-593;1683;14688;13006.5;1;323;-2.14748e+09;-1.3698e+06;-1;0;0;0;-1;0;898543073;922689157;79263487
1878;6.22454e-15;-594;1683;14688;13006.5;1;323;-2.14748e+09;-1.36719e+06;0;0;0;0;0;0;898650086;922818785;79307911
1879;6.22454e-15;-595;1683;14688;13006.5;1;323;-2.14748e+09;-1.36459e+06;0;0;0;0;0;0;898756889;922948178;79352267
1880;6.22454e-15;-596;1683;14688;13006.5;1;323;-2.14748e+09;-1.36199e+06;0;0;0;0;0;0;898863483;923077338;79396554
1881;6.22454e-15;-596;1683;14688;13006.5;1;323;-2.14748e+09;-1.35939e+06;-1;0;0;0;-1;0;898969869;923206264;79440772
1882;6.22454e-15;-597;1683;14688;13006.5;1;323;-2.14748e+09;-1.3568e+06;0;0;0;0;0;0;899076047;923334956;79484922
1883;6.22454e-15;-597;1683;14688;13006.5;1;323;-2.14748e+09;-1.35422e+06;-1;0;0;0;-1;0;899182017;923463417;79529004
1884;6.22454e-15;-598;1683;14688;13006.5;1;323;-2.14748e+09;-1.35164e+06;0;0;0;0;0;0;899287779;923591645;79573017
1885;6.22454e-15;-599;1683;14688;13006.5;1;323;-2.14748e+09;-1.34907e+06;0;0;0;0;0;0;899393335;923719641;79616962
1886;6.22454e-15;-600;1683;14688;13006.5;1;323;-2.14748e+09;-1.3465e+06;0;0;0;0;0;0;899498685;923847406;79660838
1887;6.22454e-15;-601;1683;14688;13006.5;1;323;-2.14748e+09;-1.34393e+06;0;0;0;0;0;0;899603828;923974940;79704647
1888;6.22454e-15;-601;1683;14688;13006.5;1;323;-2.14748e+09;-1.34138e+06;-1;0;0;0;-1;0;899708766;924102243;79748388
1889;6.22454e-15;-601;1683;14688;13006.5;1;323;-2.14748e+09;-1.33882e+06;-1;0;0;0;-1;0;899813499;924229317;79792060
1890;6.22454e-15;-602;1683;14688;13006.5;1;323;-2.14748e+09;-1.33628e+06;0;0;0;0;0;0;899918028;924356160;79835665
1891;6.22454e-15;-602;1683;14688;13006.5;1;323;-2.14748e+09;-1.33373e+06;-1;0;0;0;-1;0;900022352;924482775;79879202
1892;6.22454e-15;-602;1683;14688;13006.5;1;323;-2.14748e+09;-1.3312e+06;-1;0;0;0;-1;0;900126472;924609161;79922672
1893;6.22454e-15;-602;1683;14688;13006.5;1;323;-2.14748e+09;-1.32866e+06;-1;0;0;0;-1;0;900230389;924735318;79966073
1894;6.22454e-15;-602;1683;14688;13006.5;1;323;-2.14748e+09;-1.32614e+06;-1;0;0;0;-1;0;900334104;924861248;80009408
1895;6.22454e-15;-602;1683;14688;13006.5;1;323;-2.14748e+09;-1.32361e+06;-1;0;0;0;-1;0;900437615;924986950;80052674
1896;6.22454e-15;-602;1683;14688;13006.5;1;323;-2.14748e+09;-1.3211e+06;-1;0;0;0;-1;0;900540925;925112425;80095874
1897;6.22454e-15;-603;1683;14688;13006.5;1;323;-2.14748e+09;-1.31858e+06;0;0;0;0;0;0;900644032;925237673;80139006
1898;6.22454e-15;-604;1683;14688;13006.5;1;323;-2.14748e+09;-1.31618e+06;0;0;0;0;0;0;900746939;925362695;80182071
1899;6.22454e-15;-605;1683;14688;13006.5;1;323;-2.14748e+09;-1.31368e+06;0;0;0;0;0;0;900849645;925487491;80225069
1900;6.22454e-15;-606;1683;14688;13006.5;1;323;-2.14748e+09;-1.31108e+06;0;0;0;0;0;0;900952150;925612062;80268000
1901;6.22454e-15;-607;1683;14688;13006.5;1;323;-2.14748e+09;-1.30859e+06;0;0;0;0;0;0;901054456;925736408;80310864
1902;6.22454e-15;-608;1683;14688;13006.5;1;323;-2.14748e+09;-1.3061e+06;0;0;0;0;0;0;901156561;925860529;80353661
1903;6.22454e-15;-608;1683;14688;13006.5;1;323;-2.14748e+09;-1.30372e+06;-1;0;0;0;-1;0;901258468;925984426;80396391
1904;6.22454e-15;-609;1683;14688;13006.5;1;323;-2.14748e+09;-1.30114e+06;0;0;0;0;0;0;901360176;926108099;80439055
1905;6.22454e-15;-609;1683;14688;13006.5;1;323;-2.14748e+09;-1.29867e+06;-1;0;0;0;-1;0;901461685;926231549;80481652
1906;6.22454e-15;-610;1683;14688;13006.5;1;323;-2.14748e+09;-1.2962e+06;0;0;0;0;0;0;901562997;926354776;80524183
1907;6.22454e-15;-610;1683;14688;13006.5;1;323;-2.14748e+09;-1.29374e+06;-1;0;0;0;-1;0;901664111;926477781;80566647
1908;6.22454e-15;-611;1683;14688;13006.5;1;323;-2.14748e+09;-1.29129e+06;0;0;0;0;0;0;901765028;926600563;80609044
1909;6.22454e-15;-611;1683;14688;13006.5;1;323;-2.14748e+09;-1.28884e+06;-1;0;0;0;-1;0;901865749;926723124;80651376
1910;6.22454e-15;-612;1683;14688;13006.5;1;323;-2.14748e+09;-1.28639e+06;0;0;0;0;0;0;901966273;926845463;80693641
1911;6.22454e-15;-613;1683;14688;13006.5;1;323;-2.14748e+09;-1.28395e+06;0;0;0;0;0;0;902066601;926967582;80735840
1912;6.22454e-15;-613;1683;14688;13006.5;1;323;-2.14748e+09;-1.28151e+06;-1;0;0;0;-1;0;902166734;927089480;80777973
1913;6.22454e-15;-614;1683;14688;13006.5;1;323;-2.14748e+09;-1.27908e+06;0;0;0;0;0;0;902266672;927211158;80820040
1914;6.22454e-15;-615;1683;14688;13006.5;1;323;-2.14748e+09;-1.27665e+06;0;0;0;0;0;0;902366415;927332616;80862041
1915;6.22454e-15;-616;1683;14688;13006.5;1;323;-2.14748e+09;-1.27423e+06;0;0;0;0;0;0;902465964;927453855;80903976
1916;6.22454e-15;-616;1683;14688;13006.5;1;323;-2.14748e+09;-1.27181e+06;-1;0;0;0;-1;0;902565319;927574876;80945846
1917;6.22454e-15;-617;1683;14688;13006.5;1;323;-2.14748e+09;-1.2695e+06;0;0;0;0;0;0;902664481;927695677;80987650
1918;6.22454e-15;-617;1683;14688;13006.5;1;323;-2.14748e+09;-1.26699e+06;-1;0;0;0;-1;0;902763450;927816261;81029389
1919;6.22454e-15;-618;1683;14688;13006.5;1;323;-2.14748e+09;-1.26459e+06;0;0;0;0;0;0;902862226;927936627;81071062
1920;6.22454e-15;-619;1683;14688;13006.5;1;323;-2.14748e+09;-1.26219e+06;0;0;0;0;0;0;902960810;928056776;81112669
1921;6.22454e-15;-620;1683;14688;13006.5;1;323;-2.14748e+09;-1.2598e+06;0;0;0;0;0;0;903059202;928176709;81154212
1922;6.22454e-15;-620;1683;14688;13006.5;1;323;-2.14748e+09;-1.25741e+06;-1;0;0;0;-1;0;903157402;928296424;81195689
1923;6.22454e-15;-621;1683;14688;13006.5;1;323;-2.14748e+09;-1.25512e+06;0;0;0;0;0;0;903255412;928415924;81237101
1924;6.22454e-15;-622;1683;14688;13006.5;1;323;-2.14748e+09;-1.25265e+06;0;0;0;0;0;0;903353231;928535208;81278448
1925;6.22454e-15;-622;1683;14688;13006.5;1;323;-2.14748e+09;-1.25027e+06;-1;0;0;0;-1;0;903450860;928654277;81319730
1926;6.22454e-15;-623;1683;14688;13006.5;1;323;-2.14748e+09;-1.248e+06;0;0;0;0;0;0;903548299;928773131;81360947
1927;6.22454e-15;-623;1683;14688;13006.5;1;323;-2.14748e+09;-1.24554e+06;-1;0;0;0;-1;0;903645548;928891770;81402099
1928;6.22454e-15;-624;1683;14688;13006.5;1;323;-2.14748e+09;-1.24318e+06;0;0;0;0;0;0;903742609;929010196;81443187
1929;6.22454e-15;-624;1683;14688;13006.5;1;323;-2.14748e+09;-1.24082e+06;-1;0;0;0;-1;0;903839481;929128408;81484209
1930;6.22454e-15;-625;1683;14688;13006.5;1;323;-2.14748e+09;-1.23847e+06;0;0;0;0;0;0;903936164;929246406;81525168
1931;6.22454e-15;-625;1683;14688;13006.5;1;323;-2.14748e+09;-1.23613e+06;-1;0;0;0;-1;0;904032660;929364192;81566062
1932;6.22454e-15;-626;1683;14688;13006.5;1;323;-2.14748e+09;-1.23378e+06;0;0;0;0;0;0;904128968;929481765;81606891
1933;6.22454e-15;-627;1683;14688;13006.5;1;323;-2.14748e+09;-1.23145e+06;0;0;0;0;0;0;904225089;929599126;81647656
1934;6.22454e-15;-627;1683;14688;13006.5;1;323;-2.14748e+09;-1.22912e+06;-1;0;0;0;-1;0;904321023;929716276;81688357
1935;6.22454e-15;-628;1683;14688;13006.5;1;323;-2.14748e+09;-1.22679e+06;0;0;0;0;0;0;904416771;929833214;81728994
1936;6.22454e-15;-628;1683;14688;13006.5;1;323;-2.14748e+09;-1.22447e+06;-1;0;0;0;-1;0;904512333;929949941;81769566
1937;6.22454e-15;-628;1683;14688;13006.5;1;323;-2.14748e+09;-1.22215e+06;-1;0;0;0;-1;0;904607710;930066458;81810075
1938;6.22454e-15;-628;1683;14688;13006.5;1;323;-2.14748e+09;-1.21994e+06;-1;0;0;0;-1;0;904702901;930182764;81850519
1939;6.22454e-15;-628;1683;14688;13006.5;1;323;-2.14748e+09;-1.21763e+06;-1;0;0;0;-1;0;904797908;930298861;81890900
1940;6.22454e-15;-628;1683;14688;13006.5;1;323;-2.14748e+09;-1.21522e+06;-1;0;0;0;-1;0;904892730;930414749;81931217
1941;6.22454e-15;-629;1683;14688;13006.5;1;323;-2.14748e+09;-1.21293e+06;0;0;0;0;0;0;904987368;930530427;81971471
1942;6.22454e-15;-630;1683;14688;13006.5;1;323;-2.14748e+09;-1.21073e+06;0;0;0;0;0;0;905081823;930645897;82011661
1943;6.22454e-15;-630;1683;14688;13006.5;1;323;-2.14748e+09;-1.20834e+06;-1;0;0;0;-1;0;905176094;930761159;82051787
1944;6.22454e-15;-631;1683;14688;13006.5;1;323;-2.14748e+09;-1.20606e+06;0;0;0;0;0;0;905270183;930876213;82091850
1945;6.22454e-15;-632;1683;14688;13006.5;1;323;-2.14748e+09;-1.20377e+06;0;0;0;0;0;0;905364088;930991059;82131850
1946;6.22454e-15;-633;1683;14688;13006.5;1;323;-2.14748e+09;-1.2015e+06;0;0;0;0;0;0;905457812;931105698;82171786
1947;6.22454e-15;-634;1683;14688;13006.5;1;323;-2.14748e+09;-1.19923e+06;0;0;0;0;0;0;905551354;931220131;82211659
1948;6.22454e-15;-635;1683;14688;13006.5;1;323;-2.14748e+09;-1.19696e+06;0;0;0;0;0;0;905644715;931334357;82251469
1949;6.22454e-15;-635;1683;14688;13006.5;1;323;-2.14748e+09;-1.1947e+06;-1;0;0;0;-1;0;905737895;931448378;82291216
1950;6.22454e-15;-635;1683;14688;13006.5;1;323;-2.14748e+09;-1.19244e+06;-1;0;0;0;-1;0;905830894;931562193;82330900
1951;6.22454e-15;-636;1683;14688;13006.5;1;323;-2.14748e+09;-1.19028e+06;0;0;0;0;0;0;905923712;931675802;82370522
1952;6.22454e-15;-637;1683;14688;13006.5;1;323;-2.14748e+09;-1.18793e+06;0;0;0;0;0;0;906016351;931789207;82410080
1953;6.22454e-15;-638;1683;14688;13006.5;1;323;-2.14748e+09;-1.18569e+06;0;0;0;0;0;0;906108810;931902408;82449576
1954;6.22454e-15;-638;1683;14688;13006.5;1;323;-2.14748e+09;-1.18355e+06;-1;0;0;0;-1;0;906201091;932015404;82489009
1955;6.22454e-15;-638;1683;14688;13006.5;1;323;-2.14748e+09;-1.18121e+06;-1;0;0;0;-1;0;906293192;932128197;82528380
1956;6.22454e-15;-639;1683;14688;13006.5;1;323;-2.14748e+09;-1.17898e+06;0;0;0;0;0;0;906385115;932240786;82567688
1957;6.22454e-15;-640;1683;14688;13006.5;1;323;-2.14748e+09;-1.17675e+06;0;0;0;0;0;0;906476860;932353173;82606934
1958;6.22454e-15;-640;1683;14688;13006.5;1;323;-2.14748e+09;-1.17453e+06;-1;0;0;0;-1;0;906568428;932465357;82646117
1959;6.22454e-15;-641;1683;14688;13006.5;1;323;-2.14748e+09;-1.17241e+06;0;0;0;0;0;0;906659818;932577338;82685239
1960;6.22454e-15;-642;1683;14688;13006.5;1;323;-2.14748e+09;-1.1701e+06;0;0;0;0;0;0;906751031;932689118;82724298
1961;6.22454e-15;-643;1683;14688;13006.5;1;323;-2.14748e+09;-1.16789e+06;0;0;0;0;0;0;906842067;932800697;82763295
1962;6.22454e-15;-643;1683;14688;13006.5;1;323;-2.14748e+09;-1.16568e+06;-1;0;0;0;-1;0;906932927;932912074;82802230
1963;6.22454e-15;-643;1683;14688;13006.5;1;323;-2.14748e+09;-1.16348e+06;-1;0;0;0;-1;0;907023612;933023251;82841104
1964;6.22454e-15;-644;1683;14688;13006.5;1;323;-2.14748e+09;-1.16129e+06;0;0;0;0;0;0;907114121;933134227;82879915
1965;6.22454e-15;-645;1683;14688;13006.5;1;323;-2.14748e+09;-1.1591e+06;0;0;0;0;0;0;907204455;933245004;82918665
1966;6.22454e-15;-645;1683;14688;13006.5;1;323;-2.14748e+09;-1.15691e+06;-1;0;0;0;-1;0;907294614;933355581;82957353
1967;6.22454e-15;-646;1683;14688;13006.5;1;323;-2.14748e+09;-1.15472e+06;0;0;0;0;0;0;907384598;933465958;82995980
1968;6.22454e-15;-646;1683;14688;13006.5;1;323;-2.14748e+09;-1.15255e+06;-1;0;0;0;-1;0;907474409;933576137;83034545
1969;6.22454e-15;-647;1683;14688;13006.5;1;323;-2.14748e+09;-1.15037e+06;0;0;0;0;0;0;907564046;933686117;83073048
1970;6.22454e-15;-647;1683;14688;13006.5;1;323;-2.14748e+09;-1.1482e+06;-1;0;0;0;-1;0;907653509;933795899;83111491
1971;6.22454e-15;-647;1683;14688;13006.5;1;323;-2.14748e+09;-1.14604e+06;-1;0;0;0;-1;0;907742800;933905484;83149872
1972;6.22454e-15;-648;1683;14688;13006.5;1;323;-2.14748e+09;-1.14387e+06;0;0;0;0;0;0;907831918;934014871;83188192
1973;6.22454e-15;-649;1683;14688;13006.5;1;323;-2.14748e+09;-1.14172e+06;0;0;0;0;0;0;907920863;934124060;83226451
1974;6.22454e-15;-649;1683;14688;13006.5;1;323;-2.14748e+09;-1.13956e+06;-1;0;0;0;-1;0;908009637;934233053;83264649
1975;6.22454e-15;-649;1683;14688;13006.5;1;323;-2.14748e+09;-1.13741e+06;-1;0;0;0;-1;0;908098239;934341850;83302786
1976;6.22454e-15;-650;1683;14688;13006.5;1;323;-2.14748e+09;-1.13527e+06;0;0;0;0;0;0;908186670;934450451;83340862
1977;6.22454e-15;-651;1683;14688;13006.5;1;323;-2.14748e+09;-1.13313e+06;0;0;0;0;0;0;908274930;934558856;83378878
1978;6.22454e-15;-651;1683;14688;13006.5;1;323;-2.14748e+09;-1.13099e+06;-1;0;0;0;-1;0;908363020;934667066;83416833
1979;6.22454e-15;-652;1683;14688;13006.5;1;323;-2.14748e+09;-1.12886e+06;0;0;0;0;0;0;908450939;934775081;83454727
1980;6.22454e-15;-652;1683;14688;13006.5;1;323;-2.14748e+09;-1.12673e+06;-1;0;0;0;-1;0;908538689;934882902;83492561
1981;6.22454e-15;-653;1683;14688;13006.5;1;323;-2.14748e+09;-1.12471e+06;0;0;0;0;0;0;908626269;934990528;83530334
1982;6.22454e-15;-653;1683;14688;13006.5;1;323;-2.14748e+09;-1.12259e+06;-1;0;0;0;-1;0;908713680;935097960;83568047
1983;6.22454e-15;-653;1683;14688;13006.5;1;323;-2.14748e+09;-1.12037e+06;-1;0;0;0;-1;0;908800922;935205199;83605699
1984;6.22454e-15;-654;1683;14688;13006.5;1;323;-2.14748e+09;-1.11826e+06;0;0;0;0;0;0;908887996;935312245;83643292
1985;6.22454e-15;-655;1683;14688;13006.5;1;323;-2.14748e+09;-1.11616e+06;0;0;0;0;0;0;908974902;935419098;83680824
1986;6.22454e-15;-656;1683;14688;13006.5;1;323;-2.14748e+09;-1.11405e+06;0;0;0;0;0;0;909061640;935525759;83718297
1987;6.22454e-15;-657;1683;14688;13006.5;1;323;-2.14748e+09;-1.11196e+06;0;0;0;0;0;0;909148211;935632227;83755709
1988;6.22454e-15;-657;1683;14688;13006.5;1;323;-2.14748e+09;-1.10986e+06;-1;0;0;0;-1;0;909234614;935738504;83793061
1989;6.22454e-15;-658;1683;14688;13006.5;1;323;-2.14748e+09;-1.10787e+06;0;0;0;0;0;0;909320851;935844590;83830354
1990;6.22454e-15;-658;1683;14688;13006.5;1;323;-2.14748e+09;-1.10568e+06;-1;0;0;0;-1;0;909406922;935950484;83867587
1991;6.22454e-15;-659;1683;14688;13006.5;1;323;-2.14748e+09;-1.1036e+06;0;0;0;0;0;0;909492826;936056188;83904761
1992;6.22454e-15;-659;1683;14688;13006.5;1;323;-2.14748e+09;-1.10152e+06;-1;0;0;0;-1;0;909578565;936161701;83941874
1993;6.22454e-15;-660;1683;14688;13006.5;1;323;-2.14748e+09;-1.09945e+06;0;0;0;0;0;0;909664138;936267025;83978929
1994;6.22454e-15;-661;1683;14688;13006.5;1;323;-2.14748e+09;-1.09738e+06;0;0;0;0;0;0;909749546;936372159;84015924
1995;6.22454e-15;-662;1683;14688;13006.5;1;323;-2.14748e+09;-1.09532e+06;0;0;0;0;0;0;909834790;936477103;84052859
1996;6.22454e-15;-662;1683;14688;13006.5;1;323;-2.14748e+09;-1.09325e+06;-1;0;0;0;-1;0;909919870;936581859;84089736
1997;6.22454e-15;-663;1683;14688;13006.5;1;323;-2.14748e+09;-1.0912e+06;0;0;0;0;0;0;910004785;936686426;84126553
1998;6.22454e-15;-663;1683;14688;13006.5;1;323;-2.14748e+09;-1.08914e+06;-1;0;0;0;-1;0;910089537;936790805;84163311
1999;6.22454e-15;-664;1683;14688;13006.5;1;323;-2.14748e+09;-1.08719e+06;0;0;0;0;0;0;910174125;936894995;84200011
